01000000000000   000     70063   199029594     24191    17723434   1686482     79631
01000000000000   023      2446     7437827       209      151502     24547      2585
01000000000000   029       547     1809326        88       96523      5900       581
01000000000000   025      2925     9899508       154      188910     21318      3046
01000000000000   062       745     2710510         0           0         0       745
01000000000000   162       595     1445303        22       10809      2221       608
01000000000000   005      4368    11474360         9        7797       848      4372
01000000000000   044      3772     8484801        62       49620      5491      3803
01000000000000   087       389     1151364         1        1500        20       389
01000000000000   079      3777    10078766        35       45534      3300      3795
01000000000000   032      4918    13039942       524      486189     65369      5287
01000000000000   040     10600    24739099      1228     1764239    101547     11173
01000000000000   022      1359     3460825        43       25443      3793      1380
01000000000000   061       398      843049       440      355817     27370       553
01000000000000   059      2033     6013921       499      409393     43195      2278
01000000000000   018      8897    41197142      6573     6475387    426713     11322
01000000000000   016     16226    37163530     13071     6770773    867837     21156
01000000000000   021      3387    10855596       700      433041     32211      3570
01000000000000   090       633     1271042         7        6666       846       638
01000000000000   089      2048     5953683       526      444291     53956      2350
02000000000000   000     21139    81222233      5249     4342141    300332     22885
02000000000000   023       941     3601635        28       46398      2397       956
02000000000000   029       510     1795382        42       60710      3927       534
02000000000000   025      1166     4834087        83      113501      5498      1199
02000000000000   062       310     1625429         0           0         0       310
02000000000000   162       114      380850        83       32424      2679       130
02000000000000   005      1583     6273760        20       23587      2234      1597
02000000000000   044      2714    11183105        27       34263      2546      2729
02000000000000   079      1599     5066257       155      186933     20784      1724
02000000000000   032       623     2367023        41       50211      2997       642
02000000000000   040       227      802893         7       17375      1172       234
02000000000000   022       424     1422492        14       24524      1186       431
02000000000000   061        84      298620         0           0         0        84
02000000000000   059      1966     7477694        67       57771      4501      1992
02000000000000   012      1966     7532647       571      445391     32148      2162
02000000000000   112       687     2016307       546      440399     31417       877
02000000000000   212       298     1023157        69       63675      4346       324
02000000000000   312       254      719036       203      180657     12699       330
02000000000000   412        96      193492       149      122335      8384       148
02000000000000   512         1        2695        16       11334      1099         8
02000000000000   612        22       33212         1         761        63        22
02000000000000   712         0           0        17        2771       461         2
02000000000000   812        16       44715        91       58866      4365        43
02000000000000   018       978     5481908      1442     1468389     46439      1240
02000000000000   016      2374     7574672      2021     1231911    133298      3127
02000000000000   021       355     1298299        46       33619      2458       370
02000000000000   089      2518    10189173        56       74735      4651      2547
03000000000000   000     55752   170321852     23212    18994107   1608241     64846
03000000000000   023      3338     9005149        39       59591      2876      3355
03000000000000   029       550     1671757       114      167906      7704       594
03000000000000   025      1291     5242969        96      179599      9553      1346
03000000000000   062      1066     4138933         0           0         0      1066
03000000000000   162       835     2578061         1        1140        89       836
03000000000000   005      9524    25639120       107      179555     10178      9582
03000000000000   044      3034     8829952         0           0         0      3034
03000000000000   079      5588    13739263        81      114163      8240      5635
03000000000000   032      2224     5955559        39       72011      4567      2250
03000000000000   040       673     1974352        55      108415      6489       710
03000000000000   022      2075     4696738        11       15806      1373      2083
03000000000000   061       388      795874       101       67294      8194       435
03000000000000   059      2061     6303758       684      612862     53125      2359
03000000000000   092         7       29096         5         420        30         7
03000000000000   018      4975    27660509      5995     7289150    457087      7558
03000000000000   016     11678    35554444     15388     9318316    988047     17262
03000000000000   021      2771     6315515       338      632905     38351      2988
03000000000000   089      3674    10190803       158      174974     12338      3746
04000000000000   000     44500   126480151     12167    10138653    757951     48791
04000000000000   023      1786     4448814       130      107984     16157      1878
04000000000000   029       467     1492536        66      102281      7175       508
04000000000000   025       405     2069641        13       20621      1151       412
04000000000000   062       590     1842805         0           0         0       590
04000000000000   162       560     1319407         1        1142        89       561
04000000000000   005      3752     7935393        19       18560      2400      3766
04000000000000   044      3377     9422374        36       22415      3210      3395
04000000000000   079      2159     5368719         0           0         0      2159
04000000000000   032      4700    11521196       100       83078      7751      4743
04000000000000   040      3903    10022217       159      218499      8864      3953
04000000000000   022       868     2615066       198      199840     23110       999
04000000000000   061       595     1272260       249      140693     22988       725
04000000000000   059      2138     5812619       306      249017     41577      2373
04000000000000   018      5073    25475834      3713     4369502    175782      6065
04000000000000   016      9240    22475795      6307     3984015    394957     11477
04000000000000   021      2754     7371096       735      467751     40004      2982
04000000000000   089      2133     6014379       135      153255     12736      2205
05000000000000   000    302913  1348347111    141156   162842450   9274908    355327
05000000000000   023     19600    72330023      4242     5899307    466222     22234
05000000000000   029      3578    15553647       393      794723     40225      3821
05000000000000   025      3392    18397327       450      850570     39595      3615
05000000000000   062      7255    40370003       523      629324     15614      7343
05000000000000   162      5072    17335339      1039      980293     75834      5500
05000000000000   005     45244   192742628      2840     6632139    361066     47283
05000000000000   044     20392    91318029      1142     2730780    110708     21018
05000000000000   087        72      289567        12       10349       641        76
05000000000000   079      3508    13694027       559      652947     31778      3688
05000000000000   032     10557    45805531      1505     2817528    131760     11301
05000000000000   040     27345   118410254      6596    12438265    602771     30750
05000000000000   022     15264    59018285      2846     6065016    355346     17272
05000000000000   081       369     1698604        64      185655      7905       414
05000000000000   061      2044     7618366      1598     2265102    185062      3089
05000000000000   059     11550    50194032      3705     4246911    445052     14063
05000000000000   018     19777   133420569     26538    39658910   1570516     28649
05000000000000   016     69927   285229004     82572    67249680   4442342     95024
05000000000000   021      4378    17311641       679     1106260     63304      4737
05000000000000   089     33589   167610235      3853     7628691    329167     35450
06000000000000   000     45921   173546791     35615    68785093   3505938     65726
06000000000000   023      1990     7433085       167      258166     13317      2064
06000000000000   029       445     1410511       118      278619     19132       553
06000000000000   025      2968    11143417       805     1572309     81451      3428
06000000000000   062       706     3363033         1         782        80       706
06000000000000   162       438     1719381         0           0         0       438
06000000000000   005      6043    20142827        80      178926      9738      6097
06000000000000   044      2940    10331644       183      337278     18738      3046
06000000000000   079      1801     6378714       202      314237     17054      1897
06000000000000   032      1023     4491643       168      362689     15938      1113
06000000000000   040      3221     9916964       959     1844662    110628      3846
06000000000000   022       868     3321252        55       70772      4539       894
06000000000000   061       192      691239       113       88753      5917       225
06000000000000   059      1290     4642111       285      332703     15235      1376
06000000000000   018      9179    47082660      9867    30142795    753334     13434
06000000000000   016     10312    32232180     21890    32034016   2386612     23797
06000000000000   021      1037     3557987       633      824227     46582      1301
06000000000000   089      1468     5688143        89      144159      7643      1511
07000000000000   000     58270   227772442     15955    19397181   1226251     65820
07000000000000   023      2708     9375899        60      147019      6821      2751
07000000000000   029      1019     4072445       253      701251     38143      1238
07000000000000   025      3982    14996431       175      491705     24170      4138
07000000000000   062      1054     5116014         0           0         0      1054
07000000000000   162       616     2251868        64      140446      8372       670
07000000000000   005      8953    31974234        77      193382      7765      9003
07000000000000   044      3613    12376510         0           0         0      3613
07000000000000   001        34      176673         0           0         0        34
07000000000000   079      4663    17730145       183      467236     21924      4804
07000000000000   032      2004     7508586        89      230893     10175      2066
07000000000000   040      9271    37639009      1982     4128901    198874     10501
07000000000000   022       963     3676675        15       46118      1782       974
07000000000000   081        50      233617         8       19346       932        56
07000000000000   061       131      457262        15       32661      2553       145
07000000000000   059       768     2675324        68      143033      8287       818
07000000000000   012      2287    11602956       650      852152     67910      2765
07000000000000   112       807     1727574       313       74790      8900       869
07000000000000   212       290     1062945         0           0         0       290
07000000000000   312       248      242731         0           0         0       248
07000000000000   412       101       98854       253       68342      7873       156
07000000000000   512         1        1180         0           0         0         1
07000000000000   612        53      197962         0           0         0        53
07000000000000   712         0           0        60        6448      1027         7
07000000000000   812       114      123902         0           0         0       114
07000000000000   018      3766    20844928      6080     7557681    419454      6292
07000000000000   016      6610    25815636      5546     3471071    359080      8792
07000000000000   021      2583     8746898       243      424585     25093      2745
07000000000000   089      2388     8773758       134      274911     16016      2492
08000000000000   000     20911    67371647      7356     6345291    465149     23743
08000000000000   023       744     2037409        67       70780      7034       786
08000000000000   029       238      741131       121      207454     10296       297
08000000000000   025      1436     4424305        24       36409      1726      1447
08000000000000   062       591     2747024         0           0         0       591
08000000000000   162       281      793662        50       48196      4834       309
08000000000000   005      2307     6996518       153      197058     19862      2423
08000000000000   044      1594     4081078        23       17742      1774      1605
08000000000000   079      1598     4481360       144      157736     12618      1675
08000000000000   032      1617     5626978       257      240168     19568      1735
08000000000000   040      2159     5115770       136      159072     12350      2234
08000000000000   022       168      457154         4        5694       490       171
08000000000000   081        81      231354        15       11376      1224        88
08000000000000   061       185      490748       135       81184      9132       240
08000000000000   059       399     1226104       112      116136      7568       445
08000000000000   094       535     1674848        23       33191      3313       554
08000000000000   018      1477     8309514      2224     2638480    149772      2388
08000000000000   016      3634    12059142      3643     2111720    184220      4770
08000000000000   021       319     1204154         6       10948       664       323
08000000000000   089      1548     4673394       219      201947     18704      1662
10000000000000   000    165855   522325512     41575    46175592   3418887    185170
10000000000000   023      6502    20497793       305      221200     29680      6671
10000000000000   029      1646     6397199       397     1144903     51743      1937
10000000000000   025     16785    56232774      1247     1854039    169366     17743
10000000000000   062      2618     7659059         0           0         0      2618
10000000000000   162      1786     4035431       123      115770     11332      1850
10000000000000   005     28255    95177759       246      373053     17459     28354
10000000000000   044      9892    28738778       432      414198     27812     10050
10000000000000   087         0           0         6        4900       240         1
10000000000000   079     13839    33344246        98      102896      8612     13887
10000000000000   032     18782    46896482       937     1528434    109941     19403
10000000000000   040      6463    15115386        50       65043      4353      6488
10000000000000   022      3044     9615720        28       40349      2644      3059
10000000000000   061      1075     2243733        11        7416       924      1080
10000000000000   059      6914    19019835      3404     3973603    291700      8562
10000000000000   094       548     1607302        28       28148      1876       559
10000000000000   018     13717    80569246     15452    20450855   1040535     19594
10000000000000   016     21487    57643947     17974    14942033   1579096     30408
10000000000000   021      2707     7764031       208      194999     19284      2816
10000000000000   089      9795    29766791       629      713753     52290     10090
11000000000000   000    104544   303104603     37923    36043219   2740537    120028
11000000000000   023      2722     8541667       629      993420     96842      3269
11000000000000   029       660     2439002       607     1040184     59218       995
11000000000000   025      1237     6170926       175      157778     10192      1294
11000000000000   062      1192     3961862         0           0         0      1192
11000000000000   162       992     2670280        30       52394      4680      1018
11000000000000   005     18994    44065552       563      699326     60540     19336
11000000000000   044      5879    14820574       145      291644     18992      5986
11000000000000   087       657     2321373         0           0         0       657
11000000000000   079      9147    21838500       351      603160     46974      9413
11000000000000   032      3864    12133856       322      642296     43852      4112
11000000000000   040     10729    26297918      1657     3510836    239860     12085
11000000000000   022      2030     5619774        73      148004     10560      2090
11000000000000   061      1137     2492142       947      705725     87534      1631
11000000000000   059      4138    11577435      1164     1136282    114533      4783
11000000000000   018     10406    52570723      8925    10922472    531076     13403
11000000000000   016     20682    53224949     17331    10792385   1101875     26911
11000000000000   021      6346    20645882      3708     3809629    253123      7777
11000000000000   089      3732    11712188      1296      537684     60686      4076
12000000000000   000     49090   143643750     18660    15001646    990077     54832
12000000000000   023       707     2173856         0           0         0       707
12000000000000   029       561     1883318        28       36796      1549       570
12000000000000   025      2123     6906946        48      102472      2920      2140
12000000000000   005      2383     6420612        18       40088      2186      2396
12000000000000   044       950     2748292         0           0         0       950
12000000000000   001      1140     2691210         2        1114       136      1141
12000000000000   087       216      571290         0           0         0       216
12000000000000   079       810     2283954         0           0         0       810
12000000000000   032      2788     8032830        31       59290      3134      2806
12000000000000   040      3326     8589120       145      325426     12326      3395
12000000000000   022       319      837694        48       69126      5990       353
12000000000000   061       145      344408       158       87286      8516       193
12000000000000   059      1091     3556296       339      418764     26278      1240
12000000000000   012     17924    51315366      6543     4088508    237014     19352
12000000000000   112      4583     9982966      4198     1619608    141368      5435
12000000000000   212      1733     4676460        38       27444      1800      1744
12000000000000   312      1331     2390874      2040      804926     79304      1809
12000000000000   412      1379     2513008         0           0         0      1379
12000000000000   612        81      308580       219      472902     21964       213
12000000000000   712         0           0       466       60754     10124        61
12000000000000   812        59       94044      1435      253582     28176       229
12000000000000   018      1991    10565908      1359     1967158     72858      2403
12000000000000   016      3536    11967786      5415     5963582    458736      6128
12000000000000   021       130      404084         2        3034       160       131
12000000000000   052       490     1190828       231      133562      9122       545
12000000000000   089      3877    11176986        95       85832      7784      3921
13000000000000   000     18067    54599942     11692     9492848    810333     22647
13000000000000   023      1341     3905702       219      127840     15524      1429
13000000000000   029       154      527639       271      409941     34094       346
13000000000000   025       444     2022584        22       16532      1369       451
13000000000000   062       255      963568         0           0         0       255
13000000000000   162       199      566071        18       43211      2400       213
13000000000000   005      1578     4233890       129       58609      7326      1619
13000000000000   044      1622     4424245       122       80018      8001      1667
13000000000000   079      1566     4306575       308      430386     26659      1716
13000000000000   032      1124     3026297       214      255172     19354      1234
13000000000000   040       887     2075993       184      209467     18852       994
13000000000000   022       488     1813869       248      202107     25264       631
13000000000000   061       164      419878        95       43027      5378       194
13000000000000   059      1411     4311283      1014     1378494     94935      1947
13000000000000   018      2260     9198646      1381     2295834    127113      2978
13000000000000   016      3080     8347441      6714     3738450    399382      5336
13000000000000   021       519     1675287       327       88075     11011       582
13000000000000   090       121      335293       106       21002      2626       136
13000000000000   089       854     2445681       320       94683     11045       919
14000000000000   000    110318   379631415     40855    29214407   2887980    127661
14000000000000   023      5874    18589443       234      339853     28632      6047
14000000000000   029      2417     8695931        46       82058      4638      2445
14000000000000   025      3069    17490570       112      144284      6598      3110
14000000000000   062      2195    11236232         0           0         0      2195
14000000000000   162      1871     6682504        14       22022      1250      1879
14000000000000   005     15751    52274374        23       60332      1588     15761
14000000000000   044      7258    27015381      1377     2840212    166584      8246
14000000000000   087        97      399802         2        1090       192        98
14000000000000   079     13861    46976044       580     1013978     78160     14331
14000000000000   032      2928    10421178        10       18979      1230      2936
14000000000000   040      9980    19287858       308      540922     29460     10157
14000000000000   022      2486     9425874       200      519290     17016      2588
14000000000000   061       692     2095862        77      126246     11282       760
14000000000000   059      3274    11227724      1170     1085156    149511      4176
14000000000000   018      9143    45851088     10393    10504998    584292     12661
14000000000000   016     19119    55087338     25958    11409352   1778738     29800
14000000000000   021      2976    10399132        32       59750      3002      2993
14000000000000   089      7327    26475080       319      445885     25807      7478
15000000000000   000     70798   211710609     35039    27348959   2071396     82595
15000000000000   023      2545     6670014       117       72104      8182      2594
15000000000000   029       418     1326086       128      123323      6410       456
15000000000000   025      1134     5734497        78       61172      2840      1151
15000000000000   062      1264     4256946         0           0         0      1264
15000000000000   162       706     1354793         1         999       106       707
15000000000000   005      6481    15963631        11       24908      1220      6488
15000000000000   044      4292    10601677         2        1756       166      4293
15000000000000   087        34      121445         1         573        69        34
15000000000000   079      4986    11209727        46       35832      3527      5007
15000000000000   032      1648     4919415         2        2993       215      1649
15000000000000   040      5131    12118818        65       77097      5156      5162
15000000000000   022      1383     3550363       185      173196     20154      1505
15000000000000   061        90      233948        19        8990       784        94
15000000000000   059      2371     6921423       748      559269     56131      2698
15000000000000   018     12562    63406578     11939    17221086    916412     17754
15000000000000   016     22994    55480142     21586     8874120   1042781     28937
15000000000000   021      1116     3290227        75       63147      4104      1140
15000000000000   089      1643     4550879        36       48394      3139      1662
16000000000000   000     42534   155524348     23927    32199281   2241745     55200
16000000000000   023      1417     4479795       149      201411     18762      1523
16000000000000   029       528     2080916       318      619591     52454       825
16000000000000   025      2345     8615568       218      321980     23383      2477
16000000000000   062       668     2613184         0           0         0       668
16000000000000   162       315     1054606        41       21580      2095       327
16000000000000   005      3286    10160404       145      285015     14815      3368
16000000000000   044      2918     8163800         2        3062       266      2920
16000000000000   079      2778     8576726        84      149744      9967      2834
16000000000000   032       353     1332018        17       18308      1063       359
16000000000000   040      6032    21744782      2735     6746876    336143      7931
16000000000000   022       345      966976         4        5663       177       346
16000000000000   061       107      339081         6        3768       396       109
16000000000000   059      2206     7282559      1476     2143346    143384      3016
16000000000000   018      4486    28374656      3792     9890551    439564      6970
16000000000000   016     10537    35547883     14575    11272173   1164939     17119
16000000000000   021      1145     3834416        81       90006      6143      1181
16000000000000   089      3068    10356978       284      426207     28194      3227
17000000000000   000     36444   111910671     16282    11832806   1087277     42588
17000000000000   023      1966     5514854        69       77563      7061      2006
17000000000000   029       292     1009430       278      362801     25521       438
17000000000000   025      2011     6019417       211      135437     14860      2095
17000000000000   062       615     2041570         0           0         0       615
17000000000000   162       369      839016        20       13544      1424       377
17000000000000   005      3582     9105757        23       27657      1914      3594
17000000000000   044      3376     9811944       124      109053     10625      3436
17000000000000   079      2656     7308467        10        5659       742      2660
17000000000000   032       957     3034726        18       29592      2072       969
17000000000000   040      2789     6985111       175       90210      9087      2841
17000000000000   022       130      329439         0           0         0       130
17000000000000   061       382     1089153       184      130907     19299       491
17000000000000   059       844     2548601        93       63718      6722       881
17000000000000   018      3789    21129314      3168     4625311    193798      4884
17000000000000   016      8826    24092639     11604     5944623    772648     13191
17000000000000   021       592     1833195        35       26126      2298       605
17000000000000   089      3268     9218038       270      190605     19206      3375
18000000000000   000     65413   199606366     26209    18303171   1492329     74137
18000000000000   023      2935     7916240       193      186398     23368      3076
18000000000000   029      1096     4105278       534      935848     51804      1409
18000000000000   025      3981    11985826       847     1200492    107058      4627
18000000000000   062       960     3570568         3        7274       428       963
18000000000000   162      1093     3140044        20       21984      2322      1107
18000000000000   005      3643     8699598       143      113514      7916      3691
18000000000000   044      5409    15104298       179      284160     22866      5548
18000000000000   079      6675    17378620        51       71556      6342      6712
18000000000000   032      2078     6033823        48       76250      4935      2109
18000000000000   040      4971    13769817       406      712664     47666      5243
18000000000000   022      1081     3167518        24       28996      3218      1100
18000000000000   061      1612     3073430       173      139530     23196      1752
18000000000000   059      3356     9434698       765      510915     64898      3742
18000000000000   018      6716    35896921      5168     6121404    373932      8862
18000000000000   016     12292    32695927     15744     5880105    687498     16292
18000000000000   021      3817    12080696      1697     1880045     54218      4144
18000000000000   089      3698    11553064       214      132036     10664      3760
19000000000000   000     86099   241652952     26405    17335513   1539244     94796
19000000000000   023      2538     6669489       241      364412     27341      2693
19000000000000   029      1081     3753817       620      698722     46451      1345
19000000000000   025      1712     6544952        65       41756      4810      1739
19000000000000   062       979     3486302         0           0         0       979
19000000000000   162       667     1514974        11        5466       717       671
19000000000000   005      7427    17677298       391      731169     56242      7745
19000000000000   044      5661    13794018        23       19829      3317      5679
19000000000000   087       394     1264613         3        2082       221       396
19000000000000   079      5517    13709935         7       13426       303      5519
19000000000000   032      5244    16374642       267      331287     20346      5359
19000000000000   040     19059    45239303      2296     3394432    276345     20620
19000000000000   022       947     2551754       110       80616      7273       988
19000000000000   061       997     2261587       441      253432     35418      1198
19000000000000   059      4596    12343614       891      534851     65622      4966
19000000000000   018      6831    30558915      4183     3764241    232544      8145
19000000000000   016     16415    47184815     15883     6508643    709618     20424
19000000000000   021      3208     9321145       582      343962     25649      3354
19000000000000   089      2826     7401779       391      247187     27027      2976
20000000000000   000     18008    53717581      7062     5179377    451263     20568
20000000000000   023      1074     3004882        27       37226      3011      1092
20000000000000   029       323     1141320       210      249468     15358       411
20000000000000   025       553     1924612        50       62295      6379       592
20000000000000   062       325     1209324         0           0         0       325
20000000000000   162        57      124053         2        2170       217        58
20000000000000   005      1164     2899885        12       13682       976      1170
20000000000000   044      2528     6835222       164      337822     27974      2686
20000000000000   087        52      141563        17       23019      1849        62
20000000000000   079      1998     5245154        61       91145      6075      2033
20000000000000   032      1186     4299870        45       93437      5311      1216
20000000000000   040       374     1052207        20       22658      1297       382
20000000000000   022       508     1462058        26       22395      2187       520
20000000000000   061       137      391662        24       24013      1884       148
20000000000000   059      1144     3343048       263      267018     20143      1258
20000000000000   012        27       81657         9       13238      1395        36
20000000000000   112         6       11501        26       33612      3674        30
20000000000000   212         1        1810         2        2035       177         2
20000000000000   312         0           0         2        1521       142         1
20000000000000   412         0           0         6        9159       875         6
20000000000000   512         5        9691        16       20897      2480        21
20000000000000   018      1072     4767561       174      255659     14475      1153
20000000000000   016      3183     9133615      5507     3334350    316750      4973
20000000000000   021      1126     3213624       392      256089     19217      1235
20000000000000   090       119      282989        13       11660      1198       126
20000000000000   089      1052     3151774        20       28421      1893      1062
21000000000000   000     81831   271052893     15802    26123888   1709443     91487
21000000000000   023      3515    11399928       122      245746     15978      3605
21000000000000   029      1368     4861338       385      613812     21903      1492
21000000000000   025      3617    12515214       559      982250     79480      4067
21000000000000   062      1616     8053071         0           0         0      1616
21000000000000   162       774     2183917        28       61162      3631       795
21000000000000   005     11124    35085520       580     1117334     91504     11641
21000000000000   044      4748    16925040         0           0         0      4748
21000000000000   001       462     1823735         0           0         0       462
21000000000000   087       295     1141810         0           0         0       295
21000000000000   079      6799    19725287       648     1308099    101061      7370
21000000000000   032      5587    18026268       991     1524703    115626      6240
21000000000000   040      5453    15489547       614      714061     56046      5769
21000000000000   022      1057     3413907       169      325777     25027      1198
21000000000000   061       491     1792667       112      138353     16426       584
21000000000000   059      2110     7417880       118      175866     13248      2185
21000000000000   094      2000     7902922       232      287278     26012      2147
21000000000000   018     11139    41787712      3510     8665512    313728     12912
21000000000000   016     10823    32553934      6571     8195563    695728     14752
21000000000000   021      1897     6677621       222      349619     22346      2023
21000000000000   089      6956    22275575       941     1418753    111699      7586
22000000000000   000     86113   317176857     28011    28080287   1629345     95582
22000000000000   023      4494    16321036       375      776778     41794      4730
22000000000000   029      1979     6275740       280      487926     15287      2068
22000000000000   025     10062    36304731       348      478690     28415     10228
22000000000000   062      4606    18050711        37       52760      3133      4624
22000000000000   162       838     2088223        17       14220      1209       845
22000000000000   005      6970    27730046        73      151844     10364      7029
22000000000000   044      4100    16636548       232      529360     29636      4267
22000000000000   001      1111     5958179       158      229869     11954      1179
22000000000000   087       159      750603         7        9692       735       163
22000000000000   079      7057    24569742       670     1490656     82148      7521
22000000000000   032      7012    23574080      1094     2564520    151403      7868
22000000000000   040      8008    24144993      1130     1824957    115877      8663
22000000000000   022      1441     5283301       173      316716     18613      1547
22000000000000   081         3       15476         0           0         0         3
22000000000000   080      1200     4925055        48      143715      5846      1233
22000000000000   061       920     2646820       106       81553      8460       968
22000000000000   059      1165     4965471       104      277253     11834      1236
22000000000000   091       700     2717176        38       71405      3940       722
22000000000000   018      6641    32877159      9386    11051140    587768     10101
22000000000000   016     12751    41522633     13559     7163721    481538     15579
22000000000000   021      1037     4122129       102      207349     10488      1099
22000000000000   089      3859    15697005        74      156163      8903      3909
23000000000000   000    111884   440155051     67216    63587443   5311526    141891
23000000000000   023      2476     9346704       906     1490440     81548      2936
23000000000000   029      1501     5176152        18       24121      1403      1509
23000000000000   025      1991     8513433        54       61979      3855      2013
23000000000000   062      2139     9580647         0           0         0      2139
23000000000000   162      1002     3568452       153      150514     12675      1074
23000000000000   005     18295    66816884       221      463142     19151     18403
23000000000000   044      3043    11430003       140      196780     10767      3104
23000000000000   079     13251    45972094       264      435786     23825     13385
23000000000000   032      1729     6789549       226      290331     17097      1825
23000000000000   040     10312    36100355      3855     7070533    501923     13148
23000000000000   022      1171     4172934        51       38154      1842      1181
23000000000000   061       384     1147149        75      137219      8438       432
23000000000000   059      4291    16342144      1185     1188280    116855      4950
23000000000000   012       354      981502        63       66419      4756       382
23000000000000   112        87      241428        73       33284      3927       108
23000000000000   212        42      124693        50       20152      2212        54
23000000000000   312        15       29907         2        1048       134        16
23000000000000   412        12       27018        14        7745      1125        18
23000000000000   512         5       11435         2        1529       177         6
23000000000000   612         5       14687         1         551        24         5
23000000000000   712         0           0         3        1373       211         1
23000000000000   812         8       33688         1         886        44         8
23000000000000   018     13647    88287243     15431    22863873   1317796     21093
23000000000000   016     28893    96853590     43009    28101685   3133241     46594
23000000000000   021       361     1499569        58       96774      3923       383
23000000000000   089      6957    27335219      1434      878129     48504      7232
24000000000000   000     58945   229435628     29209    29564998   2561252     73421
24000000000000   023      2460     9070966       144      226786     19256      2569
24000000000000   029      1225     4518312       243      467706     30264      1397
24000000000000   025      1778     7857572       359     1029888     52394      2074
24000000000000   062       541     2671714         0           0         0       541
24000000000000   162       380     1281273        28       40614      2980       397
24000000000000   005      3612    12498034       128      268571     17570      3711
24000000000000   044      5041    18757398       192      300170     22970      5171
24000000000000   079      1691     5997928      1029     1787431    165596      2627
24000000000000   032      2094     8274913       186      401361     21784      2218
24000000000000   040      3637    13413455      1326     2499001    218373      4871
24000000000000   022      1152     4234771       103      202193     12164      1221
24000000000000   061       492     1814098       144      190920     14069       572
24000000000000   059      2754    10350051       740      884175     70419      3153
24000000000000   018      9364    53192388      8453    10414919    667959     13140
24000000000000   016     15551    48802487     14606     8993232   1130146     21932
24000000000000   021      3933    14530409      1302     1504207     90819      4447
24000000000000   089      3240    12169859       226      353824     24489      3380
25000000000000   000     50594   139230813     13162     8730799    864793     55541
25000000000000   023      1190     3403551        16       20690      1516      1199
25000000000000   029       448     1394812        97      102272      7942       492
25000000000000   025       646     2959699         0           0         0       646
25000000000000   062       666     1934761         0           0         0       666
25000000000000   162       516     1255391         0           0         0       516
25000000000000   005      4227     8099225        23       24640      2622      4242
25000000000000   044      3287     7544626         7        7800       942      3292
25000000000000   087        63      177018         0           0         0        63
25000000000000   079      3089     6624586         0           0         0      3089
25000000000000   032      3014     7837065        80      173585      9532      3068
25000000000000   040     10705    23862614       400      873695     50450     10990
25000000000000   022       825     2260352       189      351441     31027      1001
25000000000000   061       324      608443       259      135028     20832       442
25000000000000   059      3181     7914505       902      547507     65483      3549
25000000000000   018      5200    27211877      2311     2048887    148405      6043
25000000000000   016      8637    24422309      8728     4301814    512617     11591
25000000000000   021      1620     4451846        50       47889      5488      1651
25000000000000   090       125      283121         0           0         0       125
25000000000000   089      2831     6985012       100       95551      7937      2876
26000000000000   000     82232   220205948     27231    16600977   1626284     91425
26000000000000   023      2509     6000788        80       90415      7171      2548
26000000000000   029      1027     2585694       148      144377     11798      1096
26000000000000   025      3628    11329144       388      451397     43296      3872
26000000000000   062      1162     3919205         0           0         0      1162
26000000000000   162      1084     2689302         5        1992       285      1085
26000000000000   005     11376    23563088       506      394450     29679     11544
26000000000000   044      6318    17611558       274      186700     21659      6440
26000000000000   079      7884    16760356       592      491227     50680      8170
26000000000000   032      3345     8458466       288      344300     25663      3490
26000000000000   040     12625    29574791      1982     1783195    164850     13556
26000000000000   022       623     1633463        12       11698       971       628
26000000000000   061       468     1118913       269      115657     23191       599
26000000000000   059      2347     6486732       563      496820     50201      2629
26000000000000   018      8100    35766681      7247     5824894    476905     10795
26000000000000   016     12895    34429273     13917     5551311    671358     16697
26000000000000   021      2071     5082463       435      254515     10627      2131
26000000000000   089      4770    13196031       525      458029     37950      4983
27000000000000   000     15447    45270115      7779     5764097    437427     17920
27000000000000   023       851     2133677       114      119197     12004       919
27000000000000   029       267      815904        49       47726      3823       289
27000000000000   025       164      705013        77      147923      5998       198
27000000000000   062       187      540457         3        4337       288       189
27000000000000   162       205      593126        31       21387      1639       215
27000000000000   005      1032     2622005        58       67244      5362      1062
27000000000000   044      1895     5517149       172      201009     16961      1991
27000000000000   079      1386     3570130       219      289841     24241      1523
27000000000000   032       791     1996968       116      151148     13041       865
27000000000000   040       503     1237263       104      117067     11586       568
27000000000000   022       659     1724396        39       51624      4718       685
27000000000000   061        56      142697        25       10027      1025        62
27000000000000   059      1215     3447372       223      226528     20456      1331
27000000000000   018      1589     7532064      1270     2289191    101485      2162
27000000000000   016      3071     8370874      4954     1687897    186186      4122
27000000000000   021       498     1300138       239      210165     19356       608
27000000000000   090        77      185166         1        1032       111        78
27000000000000   089      1001     2835716        85      120754      9147      1053
28000000000000   000     26025    65430784      9827     5874217    668089     29797
28000000000000   023       560     1579576        18       17474      1902       570
28000000000000   029       327      987904       107       99213      8067       373
28000000000000   025       699     2388143        81       65679      5406       729
28000000000000   062       470     1625810         2         689        75       470
28000000000000   162       208      529644         7        8001       762       212
28000000000000   005      1962     4881603        57       56125      5105      1992
28000000000000   044      2236     5904417        13       16935      1315      2243
28000000000000   001        30       87331         0           0         0        30
28000000000000   079      2730     6121368       127       41318      9296      2783
28000000000000   032       734     2053654        80       97227      8192       781
28000000000000   040      3962     8663828       944     1278394    117592      4626
28000000000000   022       257      725096        16       19888      1680       266
28000000000000   061       226      546624       178      116445     18865       333
28000000000000   059      1404     3119515       677      401299     51714      1696
28000000000000   018      2514     8668562       992      897803     56385      2832
28000000000000   016      5300    10448490      6058     2273710    331807      7175
28000000000000   021       529     1649859        20       23894      1872       539
28000000000000   089      1877     5449360       450      460123     48054      2147
29000000000000   000     19430    66922348      6347     6738471    533790     22444
29000000000000   023      1053     3104631        22       23772      1073      1059
29000000000000   029       836     2892231        45       48626      2584       850
29000000000000   025       661     2924717        30       49007      1325       668
29000000000000   062       465     1692388         0           0         0       465
29000000000000   162       394     1243469         0           0         0       394
29000000000000   005      2913     9750204        64      134299      3691      2935
29000000000000   044      1612     5550870         7        2801       443      1615
29000000000000   079      1002     3285672        11       16510       602      1006
29000000000000   032      1130     3848315        64       97429      4074      1153
29000000000000   040       946     3255897       128      240352     10539      1006
29000000000000   022       443     1331650         6        7273       434       445
29000000000000   061       185      511031         9       13432       673       189
29000000000000   059       905     2849870       389      340880     18634      1009
29000000000000   091        11       44256         1        1742        44        11
29000000000000   092        10       40231         1        1740        44        10
29000000000000   018      1718     9335832      2095     2825101    152727      2581
29000000000000   016      2944     7699828      3389     2846762    332489      4823
29000000000000   021       129      455997        15       25051      1047       135
29000000000000   089      2073     7105259        71       63694      3367      2090
30000000000000   000     15769    48549807      8811     6626882    502644     18776
30000000000000   023       459     1226412        35       29734      4113       484
30000000000000   029       281      841776        76       76476      6454       319
30000000000000   025       912     2925386         1        1078       120       913
30000000000000   062       303     1174888         0           0         0       303
30000000000000   162       118      336098        17       11703      1441       126
30000000000000   005      1215     3414904        52       73952      5272      1245
30000000000000   044      1802     5108933       249      203015     20398      1917
30000000000000   087         5       12788         5        4003       410         7
30000000000000   079      1415     3726671        77       72154      5388      1446
30000000000000   032       856     2616290        76       71167      6186       893
30000000000000   040       749     1878756        68       87256      1109       756
30000000000000   022       321      851294        38       42941      3113       340
30000000000000   061        72      179870       200      119810     16205       169
30000000000000   059       498     1411400       200      134090     12482       573
30000000000000   018      1421     6058364      1619     2029961     79374      1900
30000000000000   016      3033    10325271      5410     3219903    285425      4757
30000000000000   021       305      836797        15       20473      1430       313
30000000000000   090       307      786220       380      215453     31049       482
30000000000000   089      1697     4837689       293      213713     22675      1833
31000000000000   000    124116   505761526     26061    22388264   1450939    133126
31000000000000   023      4815    17855765       402      607328     55341      5172
31000000000000   029      1347     6025945        52       56705      5203      1380
31000000000000   025     13395    51870495       189      225453     20681     13529
31000000000000   062      1115     3433062        18       29127      2672      1132
31000000000000   162      2599    15756008         0           0         0      2599
31000000000000   005      9465    37368592        28       34109      3128      9485
31000000000000   044      6839    28026398      1185     1099633    108393      7452
31000000000000   087       133      511381         8       10891       957       138
31000000000000   079      5903    21472439       172      269315     22582      6049
31000000000000   032      2683    11147068       414      266836     24480      2841
31000000000000   040     14415    46602397      1413     1508865    113607     15138
31000000000000   022      1416     5134149       365      671712     48048      1726
31000000000000   081       652     3036063         3        2489       228       653
31000000000000   061      1692     6436228      1065     1001793     19440      1809
31000000000000   059      2614    10461837       523      569737     26707      2777
31000000000000   091       111      378116         2         979        71       111
31000000000000   094      9528    37960999       890      820711     65208      9896
31000000000000   012      8653    41683519       411      328781     12458      8741
31000000000000   112      3564    10374733       930      757303     72848      4047
31000000000000   212      1286     3449789         3        3755       336      1288
31000000000000   312      1745     5230268       108      193322     10498      1814
31000000000000   412       407     1043080       395      179871     23040       566
31000000000000   512        19       57930        10        4013       328        21
31000000000000   612       107      593666         0           0         0       107
31000000000000   712         0           0        49       17253      3268        23
31000000000000   812         0           0       365      359089     35378       228
31000000000000   018      6851    47944899      4980     5908394    197453      8070
31000000000000   016     16407    60715054     12541     7399252    593147     20086
31000000000000   021      3510    14562342       325      628108     42020      3781
31000000000000   089      6409    27004037       145      190743     16267      6514
32000000000000   000     42064   118252012     15836    12767656   1016227     47813
32000000000000   023      2008     5316165        13       24248      1566      2017
32000000000000   029       205      656089        38       56141      3463       225
32000000000000   025      2658     8190291       129      146609     11865      2726
32000000000000   062       462     1617410         0           0         0       462
32000000000000   162       171      601964         0           0         0       171
32000000000000   005      3972    10256787        38       62769      5290      4002
32000000000000   044      2325     5751020         0           0         0      2325
32000000000000   001         6       21268         0           0         0         6
32000000000000   079      1553     3609420         4        7370       505      1556
32000000000000   032      2486     6827219       200      231559     13235      2561
32000000000000   040      5573    14256289      1609     1961317    133473      6327
32000000000000   022       688     1699729        18       20526      1691       698
32000000000000   061       691     1637833        48       98995      6956       730
32000000000000   059      1613     4627656       352      286561     28607      1776
32000000000000   018      4374    15614015      3502     3923957    214765      5589
32000000000000   016     10997    31226300      9628     5760938    576606     14254
32000000000000   021       859     2336193       101      103167     11590       925
32000000000000   089      1423     4006364       156       83499      6615      1463
33000000000000   000    234724   905907306     45264    45181132   2776922    250974
33000000000000   023     13304    44106274       457      716048     30795     13483
33000000000000   029      4766    16019621       937      773124     93634      5295
33000000000000   025     17899    83604011       517     1107328     54911     18209
33000000000000   062      4064    21968563         0           0         0      4064
33000000000000   162      1520     4588763       151      140037     13313      1595
33000000000000   005     35386   126266276       440      917263     43120     35629
33000000000000   044     12645    44167373      1012     1065911     85150     13124
33000000000000   001       126      444007         9       15788      1550       135
33000000000000   087       817     3357088        35       65076      3084       834
33000000000000   079      6448    21480157       443      735551     43822      6698
33000000000000   032      9114    36541430       411      937991     44662      9367
33000000000000   040     45044   150084015      4783     8675771    435294     47521
33000000000000   022      8432    28603914       112      228976     14446      8514
33000000000000   061      1864     5939913      1095     1414392    157145      2752
33000000000000   059      3235    11854552        68      127633      7490      3277
33000000000000   092      3243    21183138        60      112814      5712      3277
33000000000000   094     14518    70879606       459      495280     49878     14799
33000000000000   018     13190    74290141     15566    15827208    820868     18061
33000000000000   016     23519    81299055     17879    10472629    804356     28363
33000000000000   021      4495    16559761       262      431613     22889      4625
33000000000000   089     11095    42669648       568      920699     44803     11352
34000000000000   000    112475   338761668     29106    23638942   1916945    123302
34000000000000   023      3073     8359407        46       70653      5108      3103
34000000000000   029       715     2545097       343      484090     33361       903
34000000000000   025      5885    19325197       248      368353     17117      5982
34000000000000   062      2280     8370302         8       12443      1200      2287
34000000000000   162      1063     3008374        12       22318      1890      1074
34000000000000   005     19087    50719857       131       87581      5952     19121
34000000000000   044     11898    29151585         5       11652       620     11902
34000000000000   087       276      958880         7        6614       570       279
34000000000000   079      1381     3987579        65       34018      2085      1393
34000000000000   032      2668     8769597       245      261527     24143      2804
34000000000000   040     15210    41524188      1060     1016665    122333     15901
34000000000000   022      2509     6440882       329      383565     27582      2665
34000000000000   081       321     1013427         0           0         0       321
34000000000000   061      1065     2463844        17       22590      2630      1080
34000000000000   059      3459    10254747      1146     1189219     81424      3919
34000000000000   018     12258    56192075      9657    11310373    712730     16284
34000000000000   016     21922    62081870     15511     8104045    857592     26765
34000000000000   021      2886     8687021       100       92468      7910      2931
34000000000000   089      4519    14907739       176      160768     12698      4588
35000000000000   000     13118    37076609      7570     5487329    470824     15772
35000000000000   023       581     1420470        74       69243     10491       639
35000000000000   029       177      449652       129      461853     16569       270
35000000000000   025       397     1349440        43       13177      1619       406
35000000000000   062       125      381746         0           0         0       125
35000000000000   162        94      214387         1        1148       164        95
35000000000000   005       551     1250087        37       21861      2593       565
35000000000000   044       907     2343468        36       28116      3160       925
35000000000000   079       422      982522        42       35917      1348       429
35000000000000   032      1208     3093864       164      136757      4456      1233
35000000000000   040      1025     2102620       192       36014      6007      1059
35000000000000   022       402     1021839        48       43219      4269       426
35000000000000   061        96      223209        21       14111      1768       106
35000000000000   059       967     2987813       587      456679     78845      1413
35000000000000   018      1811     8002836      1894     2837718    158977      2709
35000000000000   016      2897     7298716      4143     1235341    171521      3866
35000000000000   021       340      864501        45       22024      2024       350
35000000000000   089      1118     3089439       114       74151      7013      1156
36000000000000   000    113804   383366023     59912    51217048   3989231    136346
36000000000000   023      7949    29288090       558      704172     55610      8265
36000000000000   029       774     2694046       168      115837     11869       840
36000000000000   025      2450     9822858       439      912139     50151      2733
36000000000000   062      1391     6075791         0           0         0      1391
36000000000000   162      1196     3431880        14       16358      1793      1206
36000000000000   005     18085    58670708        94      167379     10909     18147
36000000000000   044      6968    25019033       412      513705     40910      7199
36000000000000   079      1984     7713076       202      216222     24538      2122
36000000000000   032      3419    13869397       282      247450     20516      3536
36000000000000   040      9995    25517751      3184     6013309    367121     12069
36000000000000   022      2844     9941236       110      184012     13525      2920
36000000000000   061       614     1992407       276      331972     29572       781
36000000000000   059      3330    10319553       848     1141302     85881      3814
36000000000000   018     15982    74499017     16784    19310345    980481     21523
36000000000000   016     30026    78277188     36084    20755440   2260008     42795
36000000000000   021      2212     8508943       126      203312      9976      2268
36000000000000   089      4585    17725049       331      384094     26371      4737
37000000000000   000     56743   160082611     23430    16699937   1347497     64419
37000000000000   023      1716     4925365       102      123675      8074      1761
37000000000000   029       816     2546741       187      258871     22012       940
37000000000000   025      2522     8705909       199      208276     16009      2613
37000000000000   062       966     3242064         0           0         0       966
37000000000000   162       815     1864865        24       16154      1677       824
37000000000000   005      5930    14126117       375      392314     27636      6086
37000000000000   044      2956     7159822       126      116365     10848      3017
37000000000000   079      6144    17322560       238      179985     21293      6264
37000000000000   032      3506     9564137       332      434304     33393      3695
37000000000000   040      3019     9103665        82       96437      7450      3061
37000000000000   022      1211     3257943       122      113442     10398      1269
37000000000000   081        74      208379         3        5365       328        76
37000000000000   061       862     1856174       416      274861     38764      1080
37000000000000   059      1850     4535288       855      579306     51680      2141
37000000000000   092       483     1899798         0           0         0       483
37000000000000   018      6084    27345154      5356     7149051    379668      8242
37000000000000   016     13320    29808861     14699     6411301    693452     17296
37000000000000   021      2086     5696342       160      149703     10298      2143
37000000000000   089      2383     6913427       154      190527     14517      2462
38000000000000   000     45092   147403008     20996    19818356   1461021     53343
38000000000000   023      3836    13053877       517      675981     59139      4170
38000000000000   029      1081     3365063       201      333413     19273      1190
38000000000000   025      2640     8743143       473     1126842     70189      3037
38000000000000   062       841     3316524        56      166937      9617       895
38000000000000   162       476     1348063       123      123192      9122       528
38000000000000   005      4334    14398781       290      443312     35820      4536
38000000000000   044      3274    10308318       434      789468     45753      3532
38000000000000   001        15       47197         0           0         0        15
38000000000000   079      5226    15336098       748     2000792     79909      5678
38000000000000   032      2263     7173060       328      663324     30246      2434
38000000000000   040      3355     9098016      1798     3562804    301823      5060
38000000000000   022      2214     7759024        70      175854      8085      2260
38000000000000   061       390     1067029        39       76304      3432       409
38000000000000   059      2691     8913432       548      445500     40485      2919
38000000000000   018      4998    20828313      7018     4882654    343803      6940
38000000000000   016      4810    14072750      7933     3706357    364853      6871
38000000000000   021       869     2731378       210      463989     27189      1022
38000000000000   090       170      503736         1        1667        88       170
38000000000000   089      1609     5339206       209      179966     12195      1677
39000000000000   000    132972   456952845     48320    46840115   2856111    149721
39000000000000   023      6945    23179670       636      901908     90720      7491
39000000000000   029      2881     9103133      1241     2142016    123161      3611
39000000000000   025      2615    13286564        46      127933      4367      2643
39000000000000   062      4399    17948001         0           0         0      4399
39000000000000   162      1149     4687483        95      150988     14987      1239
39000000000000   005     14714    46748127       326      618610     40467     14958
39000000000000   044     12803    39429398      1152     2156484    168731     13810
39000000000000   001        35      127480         0           0         0        35
39000000000000   087        73      323970         0           0         0        73
39000000000000   079     11685    38198585       335      763781     48187     11975
39000000000000   032      1383     4953341        14       15750       850      1387
39000000000000   040     13429    36636290       802     1187181     71796     13855
39000000000000   022      4365    15270086       237      537052     35619      4580
39000000000000   061       891     2896620       353      632290     46454      1171
39000000000000   059      6205    22062981      1110     1784895     74221      6643
39000000000000   018     12968    75731765     10171    19151468    736050     17189
39000000000000   016     25861    71974014     30354    15456755   1286436     33403
39000000000000   021      3123    10380165       207      345479     26448      3282
39000000000000   090      2706     7325546       918      402806     46580      2987
39000000000000   089      4742    16689626       323      464719     41037      4990
40000000000000   000     17702    66776843      6345     4615351    314852     19569
40000000000000   023       859     2939625         9       13598       715       863
40000000000000   029       682     2065571       205       22202      1107       689
40000000000000   025      1133     4344662        22       42409      1179      1140
40000000000000   062       197     1001343         0           0         0       197
40000000000000   162       106      327807         5        4385       212       107
40000000000000   005      1822     7497581         0           0         0      1822
40000000000000   044       830     2910068        10       10774       438       832
40000000000000   079      1528     6699378        60       98463      5147      1562
40000000000000   032      1384     5364031        57       45677      1554      1394
40000000000000   040      1172     4331304        24       62831      2730      1187
40000000000000   022       633     1992599        42       70867      5302       667
40000000000000   081       100      453379         1         664        89       101
40000000000000   080       233      752503         0           0         0       233
40000000000000   061        70      195912         6        5898       281        72
40000000000000   059       525     1907029        28       31614      2531       539
40000000000000   094       601     2228775        33       58388      5833       634
40000000000000   012       349     1467032        65       68355      3522       375
40000000000000   112        74      193885        77       46981      6027       120
40000000000000   212        33      100157         5        5903       405        36
40000000000000   312        28       66719         0           0         0        28
40000000000000   412         0           0        27        9981      1672        13
40000000000000   512         4        7519        26       22899      2763        25
40000000000000   812         9       19490        19        8198      1187        18
40000000000000   018      1759     7783056      2455     2506036    125502      2507
40000000000000   016      2012     6121545      3090     1277183    138668      2805
40000000000000   021       532     2291103        87      178399     10340       599
40000000000000   089      1101     3908655        69       70627      3675      1124
41000000000000   000     72854   199706795     17420    11799669    985944     78697
41000000000000   023      2223     6939608        25       26902      2578      2237
41000000000000   029       526     1557720       567      312600     29939       703
41000000000000   025       689     2681658        11       11406      1054       695
41000000000000   062      1495     4596472         0           0         0      1495
41000000000000   162      1807     3990698         9        9746       466      1810
41000000000000   005      9092    20883210        10       12368       678      9096
41000000000000   044      4939    11359948        10       10992       510      4942
41000000000000   087       526     1992210        11       11159       930       531
41000000000000   079      5031    11824780        17       22588       864      5036
41000000000000   032      7734    19991765       225      388957     16539      7832
41000000000000   040      8622    16982585       280      450374     36713      8834
41000000000000   022      1301     3442180         5        7908        92      1302
41000000000000   061       644     1402604         7        3156       425       646
41000000000000   059      2481     7128421       110      119867      5520      2515
41000000000000   092      1644     6731136        23       58109      2774      1660
41000000000000   018      7652    36890618      4241     3700809    219062      8953
41000000000000   016     12232    29304390     11817     6582300    665614     16181
41000000000000   021      2757     7518114        31       40374      1076      2764
41000000000000   089      1459     4488678        21       30054      1110      1465
42000000000000   000     11584    32168331      5590     2611097    317300     13376
42000000000000   023       328      900846         9       11186      1016       333
42000000000000   029       301      831318        49       25777      2484       315
42000000000000   025       481     1503990        80       67476      5938       515
42000000000000   062       181      594079         2        1459        82       181
42000000000000   162        94      216465         6        6197       611        97
42000000000000   005       847     1900240        41       35692      3543       867
42000000000000   044       949     2521520        92       63455      7065       989
42000000000000   079       954     2143553        52       48263      5608       986
42000000000000   032       496     1349891        67       61912      5190       525
42000000000000   040       978     2010436       241      117457     11821      1045
42000000000000   022       282      617912         8        8460       744       286
42000000000000   061       107      252181        18       13649      1612       116
42000000000000   059       725     1970730       307      118910     16507       819
42000000000000   018      1277     6542890       904      840347     71758      1682
42000000000000   016      2144     4829880      3374     1049543    166069      3085
42000000000000   021       364      909919       226       65513      8966       414
42000000000000   089      1076     3072481       114       75801      8286      1121
43000000000000   000     70175   195491123     24195    23467833   1868273     81075
43000000000000   023      2561     7527016        40       45888      4184      2586
43000000000000   029       680     2011124        87      108084      7196       723
43000000000000   025      1958     7491310        46       55744      4488      1985
43000000000000   062      1103     3629424         0           0         0      1103
43000000000000   162       740     1614542         8        3832       570       743
43000000000000   005      6187    13963334       113      159656      9128      6242
43000000000000   044      4565    10189526         0           0         0      4565
43000000000000   079      5309    13232234        20       18638      1834      5320
43000000000000   032      2942     7891126       135      178201     12537      3015
43000000000000   040      9167    25406927       450      930272     63096      9525
43000000000000   022      1392     3454260       178      229560     21354      1521
43000000000000   061      1044     1814768       115       81766     13546      1126
43000000000000   059      2965     7690334       641      673588     71181      3378
43000000000000   018      8746    40268946      7372     9262914    505652     11723
43000000000000   016     16118    37002624     14780    11605802   1143979     22766
43000000000000   021      2019     5349392       148       87748      7286      2061
43000000000000   089      2679     6954236        62       26140      2242      2693
44000000000000   000    242883   751773728     60912    61526402   4609164    268924
44000000000000   023      8842    27435265       220      287575     20706      8958
44000000000000   029      1921     6094697       625      570236     47364      2188
44000000000000   025      5004    19277164        91      150627      9092      5054
44000000000000   062      2009     7945884         0           0         0      2009
44000000000000   162      1608     4159608        36       35301      2880      1624
44000000000000   005     47392   107031893       307      306549     26902     47544
44000000000000   044     15062    41196091       627      560001     49216     15340
44000000000000   079     20667    50333241       140      198036     13672     20744
44000000000000   032     13355    42113661       825     1312190     77157     13790
44000000000000   040     31964   100220825      1600     2462688    159539     32866
44000000000000   022      4438    12472019        64       89759      6646      4476
44000000000000   061       928     2127410       171      126766     16890      1023
44000000000000   059     10326    33059472      3035     2229390    254599     11765
44000000000000   012        13       40000         0           0         0        13
44000000000000   018     19340   120274508     21029    30175979   1704763     28972
44000000000000   016     48921   144440022     30988    21505022   2105521     60818
44000000000000   021      4350    12854506       565      925160     62126      4701
44000000000000   089      6743    20697462       589      591123     52091      7039
45000000000000   000     42396   122089691     17467    13332818   1227991     49331
45000000000000   023      1509     4501098       265      224374     26780      1660
45000000000000   029       184      705435        43       45813      2722       199
45000000000000   025      1461     4835586       228      323078     17867      1562
45000000000000   062       404     1373293         0           0         0       404
45000000000000   162       353     1085998        51       46631      4481       378
45000000000000   005      2811     7982633       374      312690     30199      2982
45000000000000   044      1744     5830102        48       69869      6097      1778
45000000000000   079      2981     8314847       383      472609     35673      3181
45000000000000   032      1770     5445417       243      383978     22873      1899
45000000000000   040      4935    11478011       358      295606     31450      5112
45000000000000   022       691     1985453        55       68829      4924       719
45000000000000   061       260      782816        63       53353      6230       296
45000000000000   059       990     3101177       254      250726     18514      1095
45000000000000   018      4763    24878925      3625     3402210    206789      5931
45000000000000   016     14915    31710874     10472     6616042    743734     19115
45000000000000   021       852     2538344       431      403108     34043      1045
45000000000000   090       214      476161       216      102052     14147       294
45000000000000   089      1559     5063521       358      261850     21468      1681
46000000000000   000     12600    39723224      2661     2597786    176621     13632
46000000000000   023       528     1555421         6        8610       919       533
46000000000000   029       447     1219937       205      484883     28938       610
46000000000000   025       548     1917556        75      134807      7623       591
46000000000000   062       322     1471573        31       15686       877       327
46000000000000   162       165      531356        42       37253      3073       182
46000000000000   005       974     2835224        18       28629      2506       988
46000000000000   044       995     3019471        19       37104      2442      1009
46000000000000   079      1084     3176353        88      167739     12884      1157
46000000000000   032       490     1596726       106      217408     11998       558
46000000000000   040       163      425989         5        8132       565       166
46000000000000   022       346      999617        18       35424      2360       359
46000000000000   061       122      380874        10       21252      1691       132
46000000000000   059       558     1992091        16       15777      1450       566
46000000000000   018      1229     6412589       415      571778     23554      1371
46000000000000   016      3147     7571961      1507      685825     66902      3550
46000000000000   021       454     1443426        32       41785      2989       472
46000000000000   090        54      178947         1         968       100        55
46000000000000   089       974     2994113        67       84726      5750      1006
47000000000000   000    101169   326695709     46293    40832987   3077651    118588
47000000000000   023      3716    12085102       713      693963     75379      4142
47000000000000   029       519     1968877       624     1000446     72610       951
47000000000000   025      3227    12625117       492      536157     33878      3419
47000000000000   062      1793     7427478         0           0         0      1793
47000000000000   162       719     1918336       190      184726     16120       810
47000000000000   005     15440    36354453       601      599113     41296     15674
47000000000000   044     10217    29306546       721      432481     38546     10435
47000000000000   087       139      474032         3        3238       346       141
47000000000000   079      1954     5955230       248      358472     17794      2054
47000000000000   032      4769    15365908       713      897854     69306      5161
47000000000000   040     12644    34840590      1440     2061606    123212     13342
47000000000000   022      1144     3542596       416      508871     44682      1397
47000000000000   061       606     1624400       797      446756     51981       900
47000000000000   059      2827     9873072       602      519034     48549      3103
47000000000000   018     12702    69452998     12229    16230700    791465     17177
47000000000000   016     22134    61496599     24366    14188734   1446163     30305
47000000000000   021      2571     8388482       660      687884     65710      2943
47000000000000   090       668     1650042       808      736786     82612      1135
47000000000000   089      3380    12345851       670      746166     58002      3706
48000000000000   000     90893   322780762     54240    50361011   3814509    112476
48000000000000   023      2463     8828239       218      418683     24844      2602
48000000000000   029      1357     4317698       277      239064     24182      1494
48000000000000   025      1605     7261702       219      308478     15840      1695
48000000000000   062      1004     4425968         0           0         0      1004
48000000000000   162      1216     3902522         0           0         0      1216
48000000000000   005      6737    22724608      2068     3215020    237442      8078
48000000000000   044      6350    24787114       429      817988     37642      6563
48000000000000   079      5256    17342102       542      876680     45062      5539
48000000000000   032      5312    16728277       789     1385418     72755      5724
48000000000000   040      7524    26086200      2557     5605738    205950      8688
48000000000000   022      6928    22447342       846      983986     76762      7362
48000000000000   081       145      547321        14       47202      2352       158
48000000000000   061       513     1654370       138      174968     17300       611
48000000000000   059      4781    16706697      1203     1505757    116580      5439
48000000000000   018     10387    49435560     11238    15014670    650575     14062
48000000000000   016     20497    66336562     29419    15759540   2030715     31972
48000000000000   021      3163    10740870      3397     2694983    160453      4073
48000000000000   090       492     1426508       469      682912     55432       805
48000000000000   089      5163    17081102       417      629924     40623      5391
49000000000000   000     29116    78445934      9253     6392536    492253     32034
49000000000000   023      2022     4370884        38       22658      2374      2036
49000000000000   029       269      748831       301      865619     28919       453
49000000000000   025      1229     3554393        29       23382      2460      1244
49000000000000   062       679     2239276         0           0         0       679
49000000000000   162       382      661106        12        8416      1018       388
49000000000000   005      1263     2533722         4        5802       417      1266
49000000000000   044      5031    12384661        28       55268      4973      5059
49000000000000   079        78      120788         0           0         0        78
49000000000000   032       757     1811878        22       20646      1056       763
49000000000000   040      1611     2979690        79       73656      6696      1649
49000000000000   022       795     1743430         0           0         0       795
49000000000000   081        12       31596         0           0         0        12
49000000000000   061       427      727408       316      192628     33500       616
49000000000000   059      1881     5181610       202      127501     17763      1985
49000000000000   018      3014    13616856      4000     3036053    143796      3870
49000000000000   016      6333    16713725      3975     1804052    236096      7732
49000000000000   021      1404     3831403       118       83216      4900      1434
49000000000000   090        59      122978         0           0         0        59
49000000000000   089      1870     5071699       129       73639      8285      1916
50000000000000   000     53120   197065590     24412    33504538   1872284     63697
50000000000000   023      2536     8732825       633      902897     68147      2921
50000000000000   029       755     2765895       345      595009     27221       909
50000000000000   025      1832     9415881       329      723161     33002      2018
50000000000000   062       606     2002377         0           0         0       606
50000000000000   162       281      741611        36       34538      3027       298
50000000000000   005      8817    25794938       918     1644230     99861      9381
50000000000000   044      1816     6400065       285      293749     22324      1942
50000000000000   079      1177     3837498       322      492789     35466      1378
50000000000000   032      1659     6075442       589      960056     44109      1909
50000000000000   040      3140    10012435      1448     2178356    129006      3867
50000000000000   022       849     2632671        31       56873      3527       869
50000000000000   061       135      421256       135      147100     10404       194
50000000000000   059      2021     6807708      1416     1638306    143598      2832
50000000000000   018      7440    40168132      6647     9055864    508957     10315
50000000000000   016     14084    49297748      9251    12016272    558512     17239
50000000000000   021      1009     3535277       339      463906     27573      1165
50000000000000   089      4963    18423831      1688     2301432    157550      5854
51000000000000   000     10038    25989749      3665     2447046    207901     11204
51000000000000   023       509     1291563         4        4544       347       511
51000000000000   029       100      290417       192      250354      9225       152
51000000000000   025       374     1039858        20       24717      1734       383
51000000000000   062       109      374096         0           0         0       109
51000000000000   162        81      227824         0           0         0        81
51000000000000   005       801     1664565         5        3863       433       803
51000000000000   044      1685     4354174       104      104134     12622      1756
51000000000000   079       742     1729768        91      121613     10147       799
51000000000000   032       489     1265638        92      169908     12719       560
51000000000000   040       981     1858347         9        1462       152       982
51000000000000   022       331      777778        33       27496      2860       347
51000000000000   061        89      191480         4        2160       347        91
51000000000000   059       673     1892647        17       15011      1332       680
51000000000000   018       766     3382662       788      725132     45321      1022
51000000000000   016      1479     3668309      2241      945231    105026      2072
51000000000000   021       168      417096        13        9801      1127       174
51000000000000   090        32       55831         0           0         0        32
51000000000000   089       629     1507696        52       41620      4509       650
