01000000000000   000     74000   231806135     25791    23276649   1795057     84308
01000000000000   023      2541     7780515        54       40638      5947      2575
01000000000000   029       555     1939806        88       78786      5399       587
01000000000000   025      3380    11748701       148      177385     14168      3461
01000000000000   062       719     2700234         0           0         0       719
01000000000000   162       606     1482534        26       15862      1392       614
01000000000000   005      4573    13907750        13       14278      1875      4584
01000000000000   044      3797    10264332        54       42000      4782      3824
01000000000000   087       426     1184745         2        1650        20       426
01000000000000   079      3787    10248488        28       39064      2714      3802
01000000000000   032      4782    13198516       457      409046     55073      5094
01000000000000   040     10280    29599086      1157     1700398     86771     10770
01000000000000   022      1361     3567234        41       22747      3511      1381
01000000000000   061       408      892324       461      375975     28346       568
01000000000000   059      2030     6166142       351      320419     49470      2309
01000000000000   018      8903    43897843      7197     9800434    448097     11493
01000000000000   016     20468    57102591     15091     9781198   1047542     26491
01000000000000   021      2703     8468239       130       95155      7689      2749
01000000000000   090       630     1350737         5        6531       620       634
01000000000000   089      2051     6306318       488      355083     31641      2227
02000000000000   000     21839    84531914      5671     5045558    345400     23937
02000000000000   023       939     3644236        24       36480      1930       952
02000000000000   029       578     2070077        41       40930      2828       595
02000000000000   025      1198     4938216        80      129683      5906      1234
02000000000000   062       247     1458814         0           0         0       247
02000000000000   162       193      625458        77       23290      1903       204
02000000000000   005      1655     6597625        25       37931      3156      1674
02000000000000   044      2833    11680672        26       31604      2538      2848
02000000000000   079      1626     5193328       157      187976     19440      1743
02000000000000   032       676     2603559        36       54438      3137       695
02000000000000   040       246      853577        11       21132      1156       253
02000000000000   022       446     1516143         3        4340       257       448
02000000000000   061        84      289173         0           0         0        84
02000000000000   059      2077     7804129        61       60783      4541      2104
02000000000000   012      1879     7037971       762      689764     49399      2209
02000000000000   112       736     1991454       777      746908     60428      1151
02000000000000   018      1073     6204385      1440     1495577     46374      1335
02000000000000   016      2555     8536303      2050     1367977    134777      3316
02000000000000   021       361     1324671        47       55046      3822       384
02000000000000   089      2437    10162123        54       61699      3808      2461
03000000000000   000     56061   179302568     23516    20001455   1614849     65185
03000000000000   023      3594     9924084        45       80605      3845      3616
03000000000000   029       593     1816225       138      248949      7696       637
03000000000000   025      1374     5788273        76      159481      7594      1417
03000000000000   062      1032     4198698         1        1103        66      1032
03000000000000   162       839     2653897         5        7069       461       842
03000000000000   005      9515    26979262        94      193262     10361      9574
03000000000000   044      3039     9486448         0           0         0      3039
03000000000000   079      5564    13809151       120      188980      9026      5615
03000000000000   032      2218     6229007        34       62397      3828      2239
03000000000000   040       694     2225615        62      107124      5635       726
03000000000000   022      2163     4957117        11       12607      1269      2170
03000000000000   061       396     1021013       103       50105      8610       444
03000000000000   059      2029     6692771       639      575871     48541      2303
03000000000000   092         8       34432         0           0         0         8
03000000000000   018      4995    28811252      6283     7759572    488681      7756
03000000000000   016     11869    37880075     15340     9937111    968271     17340
03000000000000   021      2786     7254496       423      489281     42911      3028
03000000000000   089      3353     9540752       142      127938      8054      3399
04000000000000   000     46455   134948819     14133     9337818    842744     51230
04000000000000   023      1848     4625203        86       76602      8173      1895
04000000000000   029       529     1707323        78      137932      9605       584
04000000000000   025      1202     3946549       114      279286     10851      1263
04000000000000   062       568     1718484         0           0         0       568
04000000000000   162       606     1539706         4        5938       572       610
04000000000000   005      4218     8924630        19       24883      2183      4230
04000000000000   044      3407     8430086        62       62638      8639      3456
04000000000000   079      2159     5449928         0           0         0      2159
04000000000000   032      4612    11605451       292      385011     31603      4791
04000000000000   040      4121    11292239       149      200305      8473      4169
04000000000000   022       875     2643226       229      232946     25992      1022
04000000000000   061       610     1285513       257      142373     24148       746
04000000000000   059      1797     4451445       504      283460     31823      1977
04000000000000   018      5239    28340098      3812     3552119    222799      6501
04000000000000   016      9788    25326840      7519     3082281    393659     12020
04000000000000   021      2551     7132299       783      655377     46814      2816
04000000000000   089      2325     6529799       225      216667     17410      2423
05000000000000   000    317300  1504017404    145172   183243414   9801255    372678
05000000000000   023     19883    76572132      3951     5517858    394131     22110
05000000000000   029      3632    17119355       418      878342     31706      3820
05000000000000   025      3631    20700818       368      671708     28819      3795
05000000000000   062      7449    42767623       216      251453      6174      7484
05000000000000   162      5181    18806926       846      914001     51755      5474
05000000000000   005     46373   205085671      3411     8428431    446713     48896
05000000000000   044     22054   123665521      1291     4149196    161601     22967
05000000000000   087        74      318083        14       12413       745        78
05000000000000   079      3572    14496193       281      549484     24674      3710
05000000000000   032     11290    51410274      1641     3151173    143860     12102
05000000000000   040     32050   144904998      8140    16760464    745833     36265
05000000000000   022     15497    62301513      2569     5518547    314980     17277
05000000000000   081       392     1868150        60      178314      7059       432
05000000000000   061      2333     9443169      1733     2670255    212168      3532
05000000000000   059     11961    55035467      3740     5198769    484643     14698
05000000000000   018     20287   141856135     27077    42374737   1678008     29767
05000000000000   016     72901   316504944     84460    74553289   4601412     98898
05000000000000   021      4521    18615739       706     1231186     65983      4893
05000000000000   089     34219   182544693      4250    10233794    400991     36480
06000000000000   000     46760   181997224     35650    72905329   3640606     67328
06000000000000   023      2103     7932909       160      251827     13524      2178
06000000000000   029       452     1414705       119      292516     19615       563
06000000000000   025      3047    11847774       845     1728948     88224      3546
06000000000000   062       764     3754403         1        2544        37       764
06000000000000   162       403     1538332        20       24681      1620       412
06000000000000   005      6440    22392236        74      184315      9638      6494
06000000000000   044      2973    10929858       180      345274     18899      3080
06000000000000   079      1838     6761671       241      389731     20872      1956
06000000000000   032      1045     4738654       157      323172     13979      1124
06000000000000   040      3095     9758043       888     1540772     90594      3606
06000000000000   022       827     3266131        60      101568      6418       863
06000000000000   061       211      884660       108       98867      6494       248
06000000000000   059      1281     5497246       283      398686     17958      1383
06000000000000   018      9457    47699241     10137    33104906    909386     14596
06000000000000   016     10390    34103657     21716    33127253   2369602     23777
06000000000000   021      1034     3721101       563      808989     44586      1285
06000000000000   089      1400     5756603        98      181280      9160      1453
07000000000000   000     58251   240567354     17620    22018671   1312514     66200
07000000000000   023      2616    10522925        80      188432      8493      2672
07000000000000   029      1036     4258968       229      826548     35379      1237
07000000000000   025      4090    17815038       207      787924     30175      4285
07000000000000   062      1245     5844362         0           0         0      1245
07000000000000   162       538     1968844        43       78559      4641       567
07000000000000   005      8651    31731718        76      206287      7977      8702
07000000000000   044      3619    12583019         0           0         0      3619
07000000000000   001        33      148244         0           0         0        33
07000000000000   079      4576    18177266       182      491082     22132      4718
07000000000000   032      2083     8215979       104      289009     12103      2156
07000000000000   040      9068    38890544      2063     4547848    215797     10400
07000000000000   022       911     3705326        25       82066      2845       929
07000000000000   081        50      237122         8       19636       932        56
07000000000000   061       131      464121        15       33150      2553       145
07000000000000   059       577     2084797        35       81863      4343       603
07000000000000   012      2287    11777000       650      864934     67910      2671
07000000000000   112       807     1753488       313       75912      8900       857
07000000000000   018      3821    22585337      6120     8217004    409345      6271
07000000000000   016      7058    28757986      6961     4266538    423130      9620
07000000000000   021      2631     9351148       296      569884     33803      2849
07000000000000   089      2423     9694122       213      391995     22056      2565
08000000000000   000     21227    72336459      7793     7472665    513758     24324
08000000000000   023       683     2192920        73      155972      8170       732
08000000000000   029       220      756062       116      207502      9750       275
08000000000000   025      1451     4678726        21       30176      1606      1460
08000000000000   062       591     2788230         0           0         0       591
08000000000000   162       280      807012        50       46218      4600       306
08000000000000   005      2322     7176243       160      230121     22473      2454
08000000000000   044      1678     4719108        26       29584      2316      1692
08000000000000   079      1636     5109935       157      299445     19463      1753
08000000000000   032      1672     6074066       227      219897     18787      1786
08000000000000   040      2217     5919286       185      170412     11375      2285
08000000000000   022       170      471234         3        3768       268       172
08000000000000   081        88      263497        14       13083      1483        97
08000000000000   061       188      527046       135       82520      9048       242
08000000000000   059       405     1319772       125      122068      7563       451
08000000000000   094       552     1983971        30       48099      4008       575
08000000000000   018      1516     8761562      2613     3271293    178873      2595
08000000000000   016      3646    12404580      3609     2333465    196019      4836
08000000000000   021       338     1413824         7       15514       862       343
08000000000000   089      1574     4969385       242      193528     17094      1679
10000000000000   000    172584   535355548     38932    41538999   2649018    187552
10000000000000   023      6718    21055958       223      167020     24337      6854
10000000000000   029      2053     6925352        33       35650      2341      2066
10000000000000   025     17715    60506623       432      762776     45111     17973
10000000000000   062      2200     7889609         0           0         0      2200
10000000000000   162      2019     5474586        22       24002      1931      2030
10000000000000   005     28007    76009839        30       44766      2997     28024
10000000000000   044      9750    29663200        40       46211      3600      9770
10000000000000   087         0           0         6        4974       240         1
10000000000000   079     13795    35402901        89      103354      8103     13841
10000000000000   032     19725    53290070      1011     1723147    138273     20506
10000000000000   040      5688    14718636        42       67485      3870      5710
10000000000000   022      3581     9910519        46       66532      4161      3605
10000000000000   061      1326     2568597        77       51327      7638      1369
10000000000000   059     10306    27481458      2114     1812129    136786     11080
10000000000000   094       534     1727274        32       34382      3372       553
10000000000000   018     13996    84102634     15969    20987467   1064078     20007
10000000000000   016     23368    65961541     18410    15287326   1173731     29999
10000000000000   021      3318     8594211        72       66929      5385      3348
10000000000000   089      8485    24072540       284      253522     23064      8616
11000000000000   000    107626   325862909     35213    28406026   2399005    121180
11000000000000   023      2793     9208841       450      523276     51552      3085
11000000000000   029      1032     3486877       608     1145874     67888      1416
11000000000000   025      1462     6725978        10       20208       848      1467
11000000000000   062      1185     3862558         0           0         0      1185
11000000000000   162      1107     3060870        18       17008      1700      1117
11000000000000   005     19660    46826058       661      533026     62276     20012
11000000000000   044      6050    15499030        31       17048      1064      6056
11000000000000   087       675     2812105         0           0         0       675
11000000000000   079      9486    23368235       177      164314     18266      9589
11000000000000   032      3815    12248037       189      148313     19146      3924
11000000000000   040      9644    22405156       324      257721     13640      9720
11000000000000   022      2015     5691722        28       11330      1680      2024
11000000000000   061      1256     2914005      2936     2754600    330562      3123
11000000000000   059      4348    12339850       915      707172     70806      4747
11000000000000   018     10223    54821170      8348     9316369    460828     12825
11000000000000   016     21977    64382257     16311     9355761   1024846     27766
11000000000000   021      6669    22502455      3745     3234698    248108      8071
11000000000000   089      4229    13707705       462      199308     25795      4378
12000000000000   000     49771   146703862     18682    13670994    883650     54890
12000000000000   023       673     2052414         6        2290       468       676
12000000000000   029       607     2046764        10       16348       812       611
12000000000000   025      2199     7375620        71       85168      3318      2218
12000000000000   005      2448     6879414        24       56408      2616      2463
12000000000000   044       909     2818750        12        7922       936       914
12000000000000   001      1099     2903974        26       42766      2008      1110
12000000000000   087       208      582074         3        1614       232       209
12000000000000   079       797     2282596        45       24232      3430       816
12000000000000   032      2412     7295472        86      128638      6084      2446
12000000000000   040      3527    10942726       280      550698     29506      3696
12000000000000   022       423     1068390        56       68906      4520       449
12000000000000   061       160      412004       167       81404      8120       205
12000000000000   059      1009     3520804       354      458246     28808      1172
12000000000000   012     18742    51696884      6601     3743960    213832     20030
12000000000000   112      4682    10374884      3937     1285918    110584      5348
12000000000000   018      2000     9574210      1419     2142166     78168      2442
12000000000000   016      3639    12376402      5258     4743538    364888      5700
12000000000000   021       140      418186         3        3748       240       141
12000000000000   052       484     1182880       228      138036     17242       588
12000000000000   089      3613    10899414        96       88988      7838      3656
13000000000000   000     17929    56080437     12528    10239793    936082     23215
13000000000000   023      1336     4226865       245      129300     15734      1424
13000000000000   029       159      567340       263      419712     24580       297
13000000000000   025       457     2177717        16        9133      1142       463
13000000000000   062       273     1083124         0           0         0       273
13000000000000   162       213      636164         6        6669       370       215
13000000000000   005      1607     4389153       130       77220     11314      1671
13000000000000   044      1620     4768112       155      217541     20170      1734
13000000000000   079      1705     4272886       262      344670     17798      1805
13000000000000   032       989     3030205       151      187386     10607      1049
13000000000000   040       889     2306835       253      186791     15826       978
13000000000000   022       494     1876283       257      209247     26154       641
13000000000000   061       182      443787       204       52556      6569       219
13000000000000   059      1389     4374443      1066     1478762    130656      2125
13000000000000   018      1909     8144613      1785     2162943    146655      2737
13000000000000   016      3175     9036180      6789     4516929    479444      5883
13000000000000   021       524     1731582       452      126798     15849       615
13000000000000   090       120      346630       127       21471      2683       135
13000000000000   089       888     2668518       367       92665     10531       951
14000000000000   000    112033   408518582     39859    31258715   3050742    129842
14000000000000   023      5861    19293459       295      403119     33812      6066
14000000000000   029      2456     9306626        47       67978      3653      2479
14000000000000   025      3161    18158539        80      106926      6388      3198
14000000000000   062      2315    10547108         0           0         0      2315
14000000000000   162      1975     7482652         3        4004       340      1977
14000000000000   005     15763    53092995        25       63973      1858     15775
14000000000000   044      7296    28440600      1380     2952332    168269      8246
14000000000000   087        98      432244         5        4486       450       101
14000000000000   079     15065    53625388       138      304516     18742     15177
14000000000000   032      3194    12195262        21       47400      1940      3207
14000000000000   040      9608    28141158       128      292804     19520      9726
14000000000000   022      2288     8858380       381     1074386     50743      2594
14000000000000   061       733     2343002        80      143484     10962       799
14000000000000   059      3149    11538371      1230     1288891    180598      4176
14000000000000   018      9347    46499501     10640    11940340    638422     13141
14000000000000   016     19721    61465890     25050    11974015   1881478     30665
14000000000000   021      2547     9496690        77      200293      9882      2607
14000000000000   089      7456    27600717       279      389768     23685      7593
15000000000000   000     73621   231696701     34316    28339602   2272753     86609
15000000000000   023      2568     7048821       115       66411      7985      2616
15000000000000   029       535     1696792       132      128482      6520       575
15000000000000   025      1296     6357926        24       40621      2557      1312
15000000000000   062      1281     5439194         0           0         0      1281
15000000000000   162       770     2058433         1        1063       106       771
15000000000000   005      8278    24825591        17       42670      1767      8290
15000000000000   044      4267    10832750         1        1204        93      4268
15000000000000   087        34      123267         1         582        69        34
15000000000000   079      4954    11316773        39       37297      3633      4976
15000000000000   032      1761     5696716         7       11110       580      1764
15000000000000   040      4736    12447490        81      117872      6870      4778
15000000000000   022      1391     3607932       180      174419     19512      1509
15000000000000   061        90      233574        74       52313      6604       130
15000000000000   059      2393     6854466       794      633144     76195      2840
15000000000000   018     12900    66190520     12183    17969011   1073098     18974
15000000000000   016     23534    58779437     20576     8951317   1060842     29620
15000000000000   021      1134     3353051        72       79154      4502      1161
15000000000000   089      1699     4833968        19       32932      1820      1710
16000000000000   000     42869   162578068     23815    30220569   2096982     54718
16000000000000   023      1364     4727834       166      220519     19140      1470
16000000000000   029       435     1930090       407      643550     47816       706
16000000000000   025      2328     8877285       227      368073     25322      2471
16000000000000   062       652     2605650         0           0         0       652
16000000000000   162       368     1081189        63       38934      3253       386
16000000000000   005      3362    10695255       134      257539     15269      3449
16000000000000   044      2871     9107298         2        5555       292      2873
16000000000000   079      2831     9186421        95      186585     11050      2894
16000000000000   032       375     1494632        25       35991      2331       388
16000000000000   040      5660    20933977      2806     6300967    313616      7433
16000000000000   022       346     1096376         1         686        60       346
16000000000000   061       105      351984        11       10350      1227       112
16000000000000   059      2305     7821367      1340     1962771    133225      3057
16000000000000   018      4623    29436952      3802     9134005    407277      6925
16000000000000   016     10957    38252790     14379    10527476   1081933     17069
16000000000000   021      1144     4036749        81       84918      6479      1181
16000000000000   089      3143    10942219       276      442650     28692      3306
17000000000000   000     38183   119924833     17364    13011929   1038740     44053
17000000000000   023      2055     5651758        62       77984      5741      2087
17000000000000   029       364     1181211       393      627481     34781       561
17000000000000   025      2030     6437896       213      154012     11306      2094
17000000000000   062       586     2113394         0           0         0       586
17000000000000   162       469     1169663        10        9595       773       474
17000000000000   005      3628     9200978        27       33145      2117      3640
17000000000000   044      3518     9936917       125      114771     10740      3579
17000000000000   079      2873     7540508         7        4672       620      2877
17000000000000   032       978     3091580        33       35202      1762       988
17000000000000   040      2690     6853961       403      177005      6517      2726
17000000000000   022       130      334381         0           0         0       130
17000000000000   061       540     1240548        30       17867      1636       549
17000000000000   059       834     2552932        98       70753      7231       875
17000000000000   018      4137    24607765      3347     4908236    216318      5359
17000000000000   016      9397    26531646     12235     6491793    714416     13434
17000000000000   021       584     1834384        67       57709      2581       598
17000000000000   089      3370     9645311       314      231704     22201      3496
18000000000000   000     68325   215045203     24903    17783119   1458638     76906
18000000000000   023      2948     8686580       231      241744     28478      3119
18000000000000   029      1075     4538112       527      976642     50634      1379
18000000000000   025      4114    13108304       819     1206564    105006      4747
18000000000000   062      1031     3800038         2        4886       284      1033
18000000000000   162      1165     3514972        29       40074      3756      1188
18000000000000   005      3783     9261374       135      106480      2368      3797
18000000000000   044      5464    16200298       185      108838      8268      5513
18000000000000   079      6903    18781192        75       81788      7752      6949
18000000000000   032      2126     6434048        45       71498      4648      2154
18000000000000   040      5062    14626030       381      832706     51539      5356
18000000000000   022      1032     3125492        73       98044      8180      1081
18000000000000   061      1620     3245364       123      106366     16222      1718
18000000000000   059      3344     9646477       840      717863     86099      3846
18000000000000   018      6873    35665783      5788     6356048    402919      9227
18000000000000   016     13904    38098019     14385     5762868    612715     17502
18000000000000   021      4061    13836492      1033      896572     57442      4407
18000000000000   089      3820    12476628       232      174138     12328      3890
19000000000000   000     85203   245063189     25885    16920674   1542270     93919
19000000000000   023      2556     6810177       262      380204     29476      2723
19000000000000   029      1310     4383727       370      405918     25910      1455
19000000000000   025      1715     6787527        51       41446      2440      1729
19000000000000   062      1020     3683618         0           0         0      1020
19000000000000   162       441     1112557         5        2586       301       443
19000000000000   005      7536    20662534       391      742137     56242      7854
19000000000000   044      5392    13831930        12       11225      1853      5403
19000000000000   087       394     1221452         7        6880       400       396
19000000000000   079      5389    14100803         8       11028       266      5391
19000000000000   032      4712    14042112       259      198636     13211      4787
19000000000000   040     18478    45785668      3018     3266441    271864     20013
19000000000000   022       947     2590030       110       81825      7273       988
19000000000000   061      1003     2272202       457      262507     35776      1205
19000000000000   059      4798    12688187       955      620517     68182      5184
19000000000000   018      7558    40421336      4239     4357943    254709      8998
19000000000000   016     16038    37391160     14719     5779339    713439     20069
19000000000000   021      3235     9770286       708      468968     32414      3418
19000000000000   089      2681     7507883       314      283074     28514      2843
20000000000000   000     18602    59986499      7595     6766360    520395     21544
20000000000000   023      1117     3256654        78      130204      9064      1169
20000000000000   029       376     1411253       232      454139     34539       571
20000000000000   025       637     2474857        77      101107      6226       672
20000000000000   062       330     1289544         0           0         0       330
20000000000000   162       186      424982         0           0         0       186
20000000000000   005      1183     3871102        73      131634      8415      1232
20000000000000   044      2494     7657189       165      344470     28063      2653
20000000000000   087        57      168928        14       14309      1333        65
20000000000000   079      2036     5656332        63       91796      6423      2072
20000000000000   032      1194     3933817        76      175786      9589      1248
20000000000000   040       557     1808964       125      301126     15613       645
20000000000000   022       473     1485198        39       73151      4298       497
20000000000000   061       141      429743        14       16479      1315       149
20000000000000   059      1156     3848995       291      330904     22720      1285
20000000000000   012        25       83716        15       14674      1249        32
20000000000000   112         6       11792        40       37262      3173        24
20000000000000   018      1391     6159731       405      554981     28012      1549
20000000000000   016      3666    10988482      5740     3782304    326608      5511
20000000000000   021       374     1187265        69       84249      5446       405
20000000000000   090        88      226499        12       11342      1072        94
20000000000000   089      1115     3611456        67      116443      7237      1155
21000000000000   000     81712   298198648     15889    27647252   1694971     91288
21000000000000   023      3550    12676368       145      293826     18266      3652
21000000000000   029      1395     5091156       349      607474     19614      1506
21000000000000   025      3774    13516183       518      869821     71045      4175
21000000000000   062      1616     8079400         0           0         0      1616
21000000000000   162       766     2883875        33       73554      4326       790
21000000000000   005     11424    38380002       441      847477     69189     11815
21000000000000   044      4748    17178915         0           0         0      4748
21000000000000   001       462     1851091         0           0         0       462
21000000000000   087       295     1158937         0           0         0       295
21000000000000   079      7047    22313040       327      657450     51155      7337
21000000000000   032      5922    20847708       911     1538515    115001      6572
21000000000000   040      5341    16478498       627      828529     61865      5693
21000000000000   022      1045     3639109       102      213128     16131      1136
21000000000000   061       478     1894464       160      207742     24299       615
21000000000000   059      2081     7836485       122      207465     15642      2170
21000000000000   094      2016     8147518       222      281769     26990      2168
21000000000000   018      9484    48731933      3494     8942197    325956     11325
21000000000000   016     11037    35290829      7257    10195523    731699     15170
21000000000000   021      1960     7403543       315      586442     38907      2179
21000000000000   089      7271    24799594       866     1296340    104886      7864
22000000000000   000     86591   337734087     27034    28672306   1464234     95259
22000000000000   023      4499    17752688       354      783922     41178      4747
22000000000000   029      2031     6877728       265      533685     16091      2123
22000000000000   025     10087    40523667       381      823999     20931     10212
22000000000000   062      5140    24612429        24       36823      1050      5146
22000000000000   162       552     2166752         9       12702       547       555
22000000000000   005      7108    27181411        70      137959      7435      7153
22000000000000   044      4110    16402993       212      486674     24607      4250
22000000000000   001      1110     6035019       158      233317     11954      1178
22000000000000   087       159      761862         7        9837       735       163
22000000000000   079      7101    25696295       692     1509747     83647      7605
22000000000000   032      7447    26446076      1334     2656504    104367      8075
22000000000000   040      7406    22128973       879     1523037     76000      7835
22000000000000   022      1378     5205227       154      313994     19365      1495
22000000000000   081         3       16133         0           0         0         3
22000000000000   080      1200     4998931        48      145871      5846      1233
22000000000000   061       920     2686522       106       82777      8460       968
22000000000000   059      1139     4823212       128      305216     12963      1217
22000000000000   091       700     2757934        38       72476      3940       722
22000000000000   018      6592    34141398      8833    11212870    558174      9916
22000000000000   016     12968    45691044     13093     7138592    446996     15607
22000000000000   021      1062     4239605        98      225436      8082      1111
22000000000000   089      3879    16588188       151      426868     11866      3945
23000000000000   000    114551   462972406     65694    60550112   4747216    141375
23000000000000   023      2488     9585721       855     1512768     80726      2945
23000000000000   029      1515     5387661        34       28213      1816      1525
23000000000000   025      2000     9601335        53       67368      3934      2022
23000000000000   062      2178     9684620         0           0         0      2178
23000000000000   162      1030     3860155       142      162826     12226      1099
23000000000000   005     18876    70147550       182      350113     15174     18961
23000000000000   044      3091    12059454       155      175393     11243      3155
23000000000000   079     13364    48933640       296      468151     27675     13520
23000000000000   032      1763     7118687       224      306398     14328      1844
23000000000000   040     10132    36579640      3532     6433302    454574     12700
23000000000000   022      1145     4230394        30       49496      1917      1156
23000000000000   061       236      803720       178      283380     15252       323
23000000000000   059      4497    17455103      1237     1183662    102193      5074
23000000000000   012       634     1706476       101       86030      6265       670
23000000000000   112       150      416439        58       45962      5220       184
23000000000000   018     13776    87358070     15370    24355173   1419191     21794
23000000000000   016     30180   107354560     41979    24191719   2523491     44436
23000000000000   021       380     1657079        62       86853      4479       405
23000000000000   089      7116    29032102      1206      763305     47512      7384
24000000000000   000     59516   247058266     30571    33461235   2843668     75588
24000000000000   023      2422     9428696       144      245677     21354      2543
24000000000000   029      1350     4764591       142      283465     14282      1431
24000000000000   025      2032     8969522       459     1235941     61939      2382
24000000000000   062       545     2763260         0           0         0       545
24000000000000   162       381     1322427        26       39263      2810       397
24000000000000   005      3645    13179107       135      291701     18383      3749
24000000000000   044      5065    20363342       235      323698     25279      5208
24000000000000   079      1687     6263197      1094     1984716    176166      2683
24000000000000   032      2026     8538168       210      479159     25612      2171
24000000000000   040      3436    13397284      1243     2626484    215318      4652
24000000000000   022      1132     4372265       117      225132     13144      1207
24000000000000   061       506     1912849       110      145940     10264       564
24000000000000   059      3024    11797599       653      962800     77234      3458
24000000000000   018     10026    50867132     10479    13065286    859409     14889
24000000000000   016     14835    60607909     14014     9371791   1192316     21569
24000000000000   021      4115    15532664      1308     1820556    107041      4719
24000000000000   089      3289    12978254       202      359626     23117      3421
25000000000000   000     51180   142998107     14583     9294765    990908     56781
25000000000000   023      1198     3412604        17       15718      1795      1208
25000000000000   029       455     1452182        91       96199      7035       494
25000000000000   025       636     3201623        91       57227      3562       656
25000000000000   062       733     2085677         0           0         0       733
25000000000000   162       553     1303214         0           0         0       553
25000000000000   005      4291     8862410        25       30853      3012      4308
25000000000000   044      3298     7557908         5        6192       860      3303
25000000000000   087        66      191194         4        4802       427        68
25000000000000   079      3053     6464652         0           0         0      3053
25000000000000   032      2961     7699324        85      182307      9894      3016
25000000000000   040     11239    25071182       415      941420     53692     11542
25000000000000   022       763     2073222       213      395089     34007       955
25000000000000   061       324      576748       139       86350     10858       386
25000000000000   059      3105     7810141       863      593251     64104      3468
25000000000000   018      5204    27384863      1967     2006395    156511      6088
25000000000000   016      8714    26154694     10548     4744191    635547     12305
25000000000000   021      1508     3966917        42       29471      4030      1532
25000000000000   090       124      271434         0           0         0       124
25000000000000   089      2955     7458118        78      105300      5574      2989
26000000000000   000     83020   231879620     25545    17870655   1675548     92563
26000000000000   023      2574     6868037       520      307533     36102      2777
26000000000000   029      1012     2713633       137      165468     12934      1089
26000000000000   025      3654    11815214       374      465432     45030      3907
26000000000000   062      1219     4316180         0           0         0      1219
26000000000000   162      1155     2772642        25       23270      2842      1171
26000000000000   005     11464    24184352       432      354220     24155     11601
26000000000000   044      6392    19288124       266      512930     37512      6604
26000000000000   079      8123    18374789       428      331141     33548      8312
26000000000000   032      3293     8778928       354      544878     33834      3516
26000000000000   040     12289    29892477      2055     1802781    152067     13148
26000000000000   022       636     1746550        15       18000      1200       643
26000000000000   061       520     1308535       248      213628     20082       661
26000000000000   059      2444     7019895       536      498837     52730      2749
26000000000000   018      8062    36676234      7432     6620631    485443     10805
26000000000000   016     13230    37041508     11917     5265017    697699     17180
26000000000000   021      2080     5183911       442      502241     19917      2192
26000000000000   089      4873    13898611       364      244648     20453      4989
27000000000000   000     16384    47943233      8020     6416284    531818     19389
27000000000000   023       865     2199870        88       96504      8733       915
27000000000000   029       349     1032815       307      425867     29237       514
27000000000000   025       169      725056        74      150157      5739       201
27000000000000   062       188      570129         4        6155       396       190
27000000000000   162       198      599385        42       27053      2801       214
27000000000000   005      1083     2764330        47       51391      4060      1106
27000000000000   044      1976     5942084       188      208446     18254      2079
27000000000000   079      1414     3734619       221      290544     24164      1551
27000000000000   032       783     2014091       126      154776     13323       858
27000000000000   040       537     1293078       102      119921     12106       605
27000000000000   022       653     1841764        43       55137      4710       679
27000000000000   061        57      161485        20       12657      1167        64
27000000000000   059      1264     3716470       261      247378     21882      1389
27000000000000   018      1547     7867834      1339     1785587     86538      2035
27000000000000   016      3640     8738933      4765     2385409    266260      5145
27000000000000   021       563     1557107       284      251823     20774       681
27000000000000   090        77      192937         4        4189       392        79
27000000000000   089      1021     2991246       105      143290     11282      1084
28000000000000   000     27550    81007684     10974     7980010    913187     32707
28000000000000   023       573     1616989        17       19117      1843       583
28000000000000   029       286      859248       114      101740      8295       333
28000000000000   025       646     2393928        71       55766      5207       675
28000000000000   062       474     1573719         0           0         0       474
28000000000000   162       209      534699         7        7812       696       213
28000000000000   005      1976     4981142        64       64216      6227      2011
28000000000000   044      2216     6431863        11       16749      1169      2223
28000000000000   001        27       84324         0           0         0        27
28000000000000   079      2730     6213188       127       41938      9296      2783
28000000000000   032       742     2128227        89      132016     11276       806
28000000000000   040      4170    10745859      1044     1681692    148878      5011
28000000000000   022       248      726524        12       17960      1395       256
28000000000000   061       231      592286       178      114229     18102       333
28000000000000   059      1560     4197388       759      572576     76948      1994
28000000000000   018      2791    13399327      1182     1364171     85032      3272
28000000000000   016      5921    16229361      6864     3509543    517944      8847
28000000000000   021       538     1711234        28       23052      2015       549
28000000000000   089      2212     6588378       407      257433     18864      2317
29000000000000   000     20142    71564297      6352     6839745    534370     23156
29000000000000   023      1113     3356305        46       50902      2198      1126
29000000000000   029      1192     4290800        33       35108      2726      1207
29000000000000   025       625     2872864        21       30122       718       628
29000000000000   062       379     1836763         0           0         0       379
29000000000000   162       366     1428118         0           0         0       366
29000000000000   005      3142    11016658        68      142846      4422      3167
29000000000000   044      1638     5598150         6        3354       414      1640
29000000000000   079      1057     3262276        16       19951       802      1062
29000000000000   032      1004     3511881        57       97869      3443      1023
29000000000000   040       983     3481296       141      255518     10922      1045
29000000000000   022       439     1348244         3        5535       306       441
29000000000000   061       181      607413        10       14276       686       185
29000000000000   059      1077     3570407       385      339591     18365      1180
29000000000000   091        13       58684         0           0         0        13
29000000000000   092        14       58684         1        1096        55        14
29000000000000   018      1718     9475870      2095     2867477    152727      2581
29000000000000   016      2944     7815325      3389     2889463    332489      4823
29000000000000   021       120      464353        15       27896      1078       126
29000000000000   089      2137     7510206        66       58741      3019      2150
30000000000000   000     15906    51294677      8875     6841161    500817     18920
30000000000000   023       470     1310875        37       29746      3956       494
30000000000000   029       286      874789        74       88821      6180       323
30000000000000   025       913     3101918         1         478       120       914
30000000000000   062       307     1215798         0           0         0       307
30000000000000   162       120      343726        10        7740       903       125
30000000000000   005      1274     3894732        70       96145      6844      1316
30000000000000   044      1794     5668672       271      247140     22200      1928
30000000000000   087         5       16007         3        2743       246         6
30000000000000   079      1421     3925136        82       95063      6510      1460
30000000000000   032       891     2851956        84       86432      7008       932
30000000000000   040       738     2037263        72      118637      1353       746
30000000000000   022       333      903099        39       46571      3000       351
30000000000000   061        73      185434       223      130586     18016       181
30000000000000   059       498     1451196       206      141871     13097       577
30000000000000   018      1423     6189037      1640     2086901     77509      1890
30000000000000   016      3042    10487206      5377     3213614    279931      4728
30000000000000   021       306      871233        17       21135      1580       315
30000000000000   090       293      802761       383      229700     31390       482
30000000000000   089      1719     5163839       286      197838     20974      1845
31000000000000   000    128165   542888448     25543    22219461   1399102    136892
31000000000000   023      4929    19040122       465      787170     60690      5321
31000000000000   029      1343     6271862        61       70684      5449      1379
31000000000000   025     13960    56736672       179      202997     15514     14060
31000000000000   062      1350     4147234        34       60307      4649      1380
31000000000000   162      2530    15765281         0           0         0      2530
31000000000000   005      9818    40693657        31       33128      2555      9834
31000000000000   044      7188    29701731       693      575744     73307      7602
31000000000000   087       121      470612        11       16755      1493       129
31000000000000   079      6145    23123441       169      270447     20854      6279
31000000000000   032      2742    11973530        65      138001     10640      2811
31000000000000   040     14791    49419692      1135     1258316     92660     15380
31000000000000   022      1401     5300077       264      521988     37284      1642
31000000000000   081       649     3175987         2        2903       224       650
31000000000000   061      1710     6687631      1070     1021296     19089      1824
31000000000000   059      2666    11303618       571      781794     26594      2828
31000000000000   091       117      386928         2        1014        71       117
31000000000000   094      9631    38807731       749      751628     55761      9946
31000000000000   012      9205    47437728       479      452942     16776      9331
31000000000000   112      3609     9873583       941      738590     67116      4061
31000000000000   018      7095    50762030      5361     6318603    231920      8537
31000000000000   016     16990    67123275     12277     7135063    572387     20535
31000000000000   021      3538    15429222       629      647743     52402      3876
31000000000000   089      6637    29256804       355      432348     31667      6840
32000000000000   000     41559   116384366     15409    15337052   1111456     47839
32000000000000   023      1887     5163678        12       22900      1442      1895
32000000000000   029       201      682351       442     1697080     68210       587
32000000000000   025      2681     8359615       124      148868     11277      2746
32000000000000   062       462     1641671         0           0         0       462
32000000000000   162       171      610993         0           0         0       171
32000000000000   005      3821    10147526        41       72298      5086      3850
32000000000000   044      2436     6335016         0           0         0      2436
32000000000000   001         7       24124         0           0         0         7
32000000000000   079      1421     3401714         6       11387       505      1424
32000000000000   032      2501     7011576       202      222729     11856      2568
32000000000000   040      6257    16316202      2076     4474868    306366      7988
32000000000000   022       547     1320279        16       19208      1499       555
32000000000000   061       698     1695549        55      116835      6956       737
32000000000000   059      1683     4907481       138      123276     12668      1756
32000000000000   018      4029    13870970      3315     3523587    194834      5129
32000000000000   016     10367    27974152      8728     4719298    474934     13048
32000000000000   021       848     2425955        78       86632      7863       893
32000000000000   089      1542     4495514       176       98086      7960      1587
33000000000000   000    234923   960361750     46134    49186068   2924168    252099
33000000000000   023     13432    47457799       418      928176     41907     13678
33000000000000   029      4763    16821134       925      788907     71541      5169
33000000000000   025     18643    92788564       524     1243059     61239     18989
33000000000000   062      4201    23177518         0           0         0      4201
33000000000000   162      1649     5273730       174      222018     22357      1775
33000000000000   005     36257   140898368       466      994358     45982     36519
33000000000000   044     12944    48817713      1006      970200     85521     13427
33000000000000   001       127      482552        17       25377      2329       140
33000000000000   087       814     3531452        24       43964      2026       825
33000000000000   079      6555    23335321       464      727021     45718      6815
33000000000000   032      9451    40300939       384      951875     43880      9700
33000000000000   040     44573   161002154      5275    10277342    484351     47334
33000000000000   022      8373    30178958       111      235888     14754      8458
33000000000000   061      1910     6402271      1104     1553409    169977      2870
33000000000000   059      3439    13143638        62      111917      6576      3477
33000000000000   092      1529    10257174        78      175282     12088      1597
33000000000000   094     14730    78194873       461      582913     56133     15047
33000000000000   018     12427    70700279     14767    16373862    785354     17132
33000000000000   016     22793    82231206     19028    11330067    897083     28194
33000000000000   021      4628    17753737       251      434834     22669      4757
33000000000000   089     11685    47612370       595     1215599     52683     11995
34000000000000   000    117667   362053740     30599    27413978   2128070    129691
34000000000000   023      3720     9295199         3        4734       463      3723
34000000000000   029       999     3055428       254      410508     27328      1153
34000000000000   025      5754    20990464       240      187299      8797      5804
34000000000000   062      2310     8931620         0           0         0      2310
34000000000000   162      1033     3082174         4        6323       473      1036
34000000000000   005     19819    51567026       674     1456480    104150     20408
34000000000000   044     11873    28185598         3        4731       321     11875
34000000000000   087       290      994866         5        5210       426       292
34000000000000   079      1943     6373220         9        2546       146      1944
34000000000000   032      2526     9653200       219      271174     25780      2671
34000000000000   040     17062    49501655       985     1775343     96886     17609
34000000000000   022      2454     7554438       140      168104     12469      2524
34000000000000   081       249      844653         7       11480       667       253
34000000000000   061       882     2212218       100       71658      8279       928
34000000000000   059      3338     9973547      1247     1385066    101274      3910
34000000000000   018     12068    57327487     10108    12351364    780923     16482
34000000000000   016     23306    66304423     16281     8934742    936287     28594
34000000000000   021      3341    10595239       165      208594     11545      3407
34000000000000   089      4700    15611285       155      158622     11856      4768
35000000000000   000     13224    38014329      7633     5469498    473802     15898
35000000000000   023       605     1533910        72       48012      6605       642
35000000000000   029       177      469413       241      645018     24122       313
35000000000000   025       392     1394385        32        7879       974       398
35000000000000   062       130      404118         0           0         0       130
35000000000000   162        94      225559         2        1403       179        95
35000000000000   005       563     1352679        37       18095      2186       575
35000000000000   044       906     2473469        35       42076      3801       927
35000000000000   079       425      999460        52       36457      1650       433
35000000000000   032      1151     2968774       221      212862      5605      1183
35000000000000   040      1019     2103941       180       46497      4982      1047
35000000000000   022       394     1029164        44       39996      3489       414
35000000000000   061        95      224940        27       22038      2437       109
35000000000000   059       972     3054146       612      485319     80547      1426
35000000000000   018      1816     8142406      1862     2560995    158993      2715
35000000000000   016      3036     7514839      4026     1172053    166988      3980
35000000000000   021       336      877275        43       25740      1784       346
35000000000000   089      1113     3245851       147      105058      9460      1165
36000000000000   000    114282   397357854     63541    60037481   4434023    139368
36000000000000   023      8051    31729663       577      783103     55968      8368
36000000000000   029       790     2872251       156      106088     10149       848
36000000000000   025      2508    10510493       476     1045956     56457      2827
36000000000000   062      1453     6058320         0           0         0      1453
36000000000000   162      1240     3467757        12       22329      1386      1248
36000000000000   005     18554    62232179        93      202774     12038     18622
36000000000000   044      6746    24874173       445      539177     41492      6980
36000000000000   079      1965     8043422       260      317441     29668      2133
36000000000000   032      3508    14750347       306      306646     26943      3660
36000000000000   040      9906    26763643      3141     6404058    352860     11899
36000000000000   022      2823    10377888       216      373307     27314      2978
36000000000000   061       621     2083416       273      329939     28215       780
36000000000000   059      3368    10660861       874     1244357     90537      3879
36000000000000   018     15494    79178085     20327    26349509   1293004     22820
36000000000000   016     30194    75274646     35861    21313155   2366661     43578
36000000000000   021      2321     9271616       169      265319     12261      2390
36000000000000   089      4740    19209094       355      434323     29070      4905
37000000000000   000     56523   165335459     24542    17559552   1437531     64704
37000000000000   023      1753     5376748        94      103995      6788      1790
37000000000000   029       849     2788716       192      267280     21500       970
37000000000000   025      2488     9221147       221      267330     18187      2590
37000000000000   062      1006     3626222         0           0         0      1006
37000000000000   162       788     2062786        59       48382      4339       813
37000000000000   005      5823    14924337       297      326106     21665      5946
37000000000000   044      2852     7753098        78       78510      5051      2881
37000000000000   079      6006    13994294       781      705510     66796      6383
37000000000000   032      3813    11204629       332      456182     35047      4011
37000000000000   040      2402     7007790       249      259338     25204      2544
37000000000000   022      1198     3498933       165      173990     14338      1279
37000000000000   081        72      202295         7        5976       629        76
37000000000000   061       857     1984381       432      308296     41779      1093
37000000000000   059      1805     4735746       943      715908     62928      2161
37000000000000   092       485     1935452         0           0         0       485
37000000000000   018      6041    28026863      5225     6429974    337726      7964
37000000000000   016     13801    33587431     15159     7045805    750010     18083
37000000000000   021      2047     5916910       143      132787      9919      2103
37000000000000   089      2437     7487681       165      234183     15625      2526
38000000000000   000     46031   154942043     20409    18900058   1441252     54173
38000000000000   023      3731    12822975       411      572614     45235      3987
38000000000000   029      1344     4025594       230      372386     23990      1480
38000000000000   025      2736     9525367       541     1321434     84189      3212
38000000000000   062       843     3355253        56      169441      9617       897
38000000000000   162       489     1521121       136      154349      8074       535
38000000000000   005      4657    15670783       236      395824     35321      4856
38000000000000   044      3297    11025803       287      553006     38856      3517
38000000000000   001        17       61145         0           0         0        17
38000000000000   079      5931    17696588       249      686348     30444      6102
38000000000000   032      2327     7740554       248      505287     26054      2474
38000000000000   040      3194     8914820      1965     4113432    327377      5044
38000000000000   022      2041     7828859       237      391785     28650      2202
38000000000000   061       389     1142614        32       72372      5632       421
38000000000000   059      2605     9170850       541      492125     44904      2859
38000000000000   018      4998    21140738      7018     4955894    343803      6940
38000000000000   016      4810    14283841      7933     3761952    364853      6871
38000000000000   021       961     3218176       139      226353     14591      1044
38000000000000   090       162      559153         1        1260       100       163
38000000000000   089      1499     5237809       149      154196      9562      1552
39000000000000   000    135966   487601705     50080    50353314   3031707    153818
39000000000000   023      6965    24448677       685     1017085    100008      7567
39000000000000   029      3023     9405369      1241     2080265    111859      3686
39000000000000   025      2840    14552331        10       28454      1007      2846
39000000000000   062      4483    18977821         0           0         0      4483
39000000000000   162      1171     4960790        58      116580      9150      1226
39000000000000   005     15572    50812626       315      628690     40653     15817
39000000000000   044     12856    41351754       844     1627388    115940     13550
39000000000000   001        36      136606         0           0         0        36
39000000000000   087        82      372481         0           0         0        82
39000000000000   079     11977    40655733       372      872043     54668     12307
39000000000000   032      1447     5437306        13       17283      1191      1455
39000000000000   040     13229    36666026       983     1275566     66842     13624
39000000000000   022      3634    12871412       297      637147     42476      3890
39000000000000   061       898     3018118       679     1339641     96662      1480
39000000000000   059      6401    23402875      1392     2327994    117204      7096
39000000000000   018     12991    82102009     10162    20181063    763012     17386
39000000000000   016     27487    79952916     31571    16862422   1389778     35681
39000000000000   021      3300    13272233       211      370171     26988      3462
39000000000000   090      2727     7496766       894      401544     45588      3002
39000000000000   089      4847    17707856       353      569978     48681      5142
40000000000000   000     18144    69342784      6295     4952101    331548     20145
40000000000000   023       861     3012896         8       10753       542       864
40000000000000   029       680     2094746       202       21652      1144       687
40000000000000   025      1127     4319810        40       59899      2726      1145
40000000000000   062       218     1118327         0           0         0       218
40000000000000   162        81      333418        13       18881       973        87
40000000000000   005      1847     7570713        21       36550       830      1852
40000000000000   044       872     2879544        10       11776       699       876
40000000000000   001       144      567515         1        1607       100       145
40000000000000   079      1571     7104564        46      140891      5913      1609
40000000000000   032      1400     5630959        54       35683      1051      1406
40000000000000   040      1188     4687377        15       46633      2234      1201
40000000000000   022       505     1723048        36       67208      5245       539
40000000000000   081       111      491260         0           0         0       111
40000000000000   080       231      781588         3        8128       332       233
40000000000000   061        77      206586         0           0         0        77
40000000000000   059       551     2085652        28       32088      2531       565
40000000000000   094       676     2101472        30       83407      4456       701
40000000000000   012       407     1684079        41       26010      2621       425
40000000000000   112        75      211267        62       52226      4627       108
40000000000000   018      1729     7613069      2438     2609886    128555      2513
40000000000000   016      2169     6679469      3064     1389557    149365      3044
40000000000000   021       536     2369620       112      231095     13727       625
40000000000000   089      1088     4075805        71       68171      3877      1114
41000000000000   000     73670   211577378     21340    15708198   1265884     81219
41000000000000   023      2192     7156944        27       47812      1388      2200
41000000000000   029       512     1610150       529      412403     35869       728
41000000000000   025       698     2846202         7        4538       416       700
41000000000000   062      1519     4800632         0           0         0      1519
41000000000000   162      1829     4269556        11       13690       568      1832
41000000000000   005      9104    21748444         7        9526       378      9106
41000000000000   044      4888    12279172        10       11058       510      4891
41000000000000   087       588     2464279        11       11716       930       593
41000000000000   079      5103    12482104        15       20290       770      5108
41000000000000   032      7651    20679257       189      401209     10608      7715
41000000000000   040      8524    17704793       226      462294     27603      8681
41000000000000   022      1294     3546982         5        7634        74      1294
41000000000000   061       653     1568472         7        3229       425       655
41000000000000   059      2184     6307738       169      146301     14898      2274
41000000000000   092      1652     7052236        20       55536      2387      1665
41000000000000   018      8396    40626882      8705     8014069    488696     11330
41000000000000   016     12601    31530237     11359     6023793    678612     16637
41000000000000   021      2816     8161482        26       37098       848      2820
41000000000000   089      1466     4741816        17       26002       904      1471
42000000000000   000     11273    32806483      5744     3050183    354017     13269
42000000000000   023       319      923557        16       19722      1596       328
42000000000000   029       293      860502        20       26690      2358       306
42000000000000   025       482     1566536        89       77576      6618       519
42000000000000   062       178      651460         0           0         0       178
42000000000000   162       101      246172         7        7129       493       103
42000000000000   005       831     2045803        63       77072      6762       869
42000000000000   044       953     2648929       121      106668     10468      1012
42000000000000   079       939     2211662        90      104859     10782       999
42000000000000   032       498     1400709        81       84927      6792       536
42000000000000   040       910     1973279       288      199238     23820      1045
42000000000000   022       275      641407        12       14657      1264       282
42000000000000   061       118      297353        25       21234      2451       132
42000000000000   059       720     2000815       323      129516     16645       814
42000000000000   018      1261     6859969       946      906036     75356      1686
42000000000000   016      2160     5099577      3356     1130597    171825      3131
42000000000000   021       367      929033       204       65862      8871       417
42000000000000   089       868     2449720       103       78400      7916       912
43000000000000   000     70878   207148872     25612    25444100   2020782     82681
43000000000000   023      2635     8285848        51       58390      4996      2664
43000000000000   029       693     2163224        78       92122      6224       730
43000000000000   025      1985     7917808        37       35058       988      1991
43000000000000   062      1150     3519836         0           0         0      1150
43000000000000   162       768     1825554         6        3296       472       771
43000000000000   005      6562    15709390        69      114212      6402      6601
43000000000000   044      4535    10683972         0           0         0      4535
43000000000000   079      5142    13199494         7       10208       456      5145
43000000000000   032      2936     8209079       136      168096     10712      2997
43000000000000   040      9056    26907798       375      950767     58893      9391
43000000000000   022      1357     3660278       134      182250     15388      1450
43000000000000   061      1059     1934332       120       80458     12926      1137
43000000000000   059      2959     8009939       661      699810     75788      3397
43000000000000   018      8806    42679674      7474    10038245    527873     11913
43000000000000   016     16350    39049828     16206    12842016   1285612     23841
43000000000000   021      2109     5799922       177      107010      9366      2165
43000000000000   089      2776     7592896        81       62162      4686      2803
44000000000000   000    240673   755020652     65725    72676924   4950406    268637
44000000000000   023      8971    28235429       228      313115     21291      9091
44000000000000   029      2447     7335614       631      523968     42415      2686
44000000000000   025      5119    19635100       100      178105     10438      5178
44000000000000   062      2139     8205270         0           0         0      2139
44000000000000   162      1501     4045422        34       29622      2720      1516
44000000000000   005     46504   107772468       556      577352     49537     46784
44000000000000   044     15314    40215603       555      761456     34078     15506
44000000000000   079     21297    52877187       144      217753     14141     21377
44000000000000   032     11618    35442307       653     1204926     59897     11956
44000000000000   040     29686    88577235      1549     2574010    169119     30641
44000000000000   022      4612    12879625        57       82213      5716      4644
44000000000000   061       961     2274541       191      147318     19524      1071
44000000000000   059     10247    33449517      3113     2386287    268670     11763
44000000000000   012        13       40600         0           0         0        13
44000000000000   018     19412   125255200     25129    38301006   2049590     30994
44000000000000   016     49914   154913727     31603    23813966   2086413     61696
44000000000000   021      4358    13375212       559      936153     61535      4707
44000000000000   089      6560    20490595       623      629674     55322      6875
45000000000000   000     44630   134870378     19221    14663415   1315803     52070
45000000000000   023      1560     4762054       282      256567     29854      1729
45000000000000   029       176      769923        33       37547      1941       186
45000000000000   025      1501     5245916       243      345581     18401      1606
45000000000000   062       405     1458211         0           0         0       405
45000000000000   162       332     1162660        57       52923      4662       358
45000000000000   005      2931     8835286       377      334503     31623      3110
45000000000000   044      1743     6058713        60       80474      6879      1782
45000000000000   079      2995     8797652       379      518895     35818      3198
45000000000000   032      1825     5808350       253      389216     20924      1943
45000000000000   040      5591    14617096       439      363841     34071      5783
45000000000000   022       714     2151446        68       94750      6097       748
45000000000000   061       251      760956        69       62347      7007       291
45000000000000   059      1016     3317571       247      225646     18582      1122
45000000000000   018      4689    26264636      3285     3256154    189707      5761
45000000000000   016     15874    34922901     11897     7404020    810800     20454
45000000000000   021      1202     3836632       922      777947     57783      1530
45000000000000   090       215      535496       245      131943     16587       309
45000000000000   089      1610     5564879       365      331061     25067      1755
46000000000000   000     12603    41634801      2607     2968260    182328     13666
46000000000000   023       537     1639697         6       10461       985       543
46000000000000   029       467     1377297       207      499668     29592       634
46000000000000   025       562     2085539        65      128279      7879       606
46000000000000   062       308     1445341         9        3631       356       310
46000000000000   162       170      558406        37       32816      1638       179
46000000000000   005       984     3064849        17       31317      2462       998
46000000000000   044       990     3640540        12       29296      1831      1000
46000000000000   079      1089     3535756        72      157354     10544      1148
46000000000000   032       486     1731302       101      226660     12317       556
46000000000000   040       169      504498         5        8776       598       172
46000000000000   022       304      990980        15       34414      2497       318
46000000000000   061       122      406889         6       15062      1069       128
46000000000000   059       536     2007090        71      263570      6820       575
46000000000000   018      1228     6543031       440      575587     22836      1366
46000000000000   016      3132     6994113      1385      712133     65517      3527
46000000000000   021       488     1629560        49       85574      5143       518
46000000000000   090        56      214842         1         839        84        56
46000000000000   089       975     3265071       109      152823     10160      1032
47000000000000   000    102837   346342492     45106    39553315   3660842    123521
47000000000000   023      3937    13468640       686      779100     66960      4315
47000000000000   029       503     2111178       293      591917     33520       699
47000000000000   025      3348    13330526       456      473288     19100      3457
47000000000000   062      1879     7698626         0           0         0      1879
47000000000000   162       726     2062234       158      149834     12830       799
47000000000000   005     15366    40407212       438      406796     34570     15562
47000000000000   044     10310    31003818       428      390698     31836     10490
47000000000000   087       129      477604         2        1848       212       130
47000000000000   079      1967     6422002       197      325896     18626      2071
47000000000000   032      4783    15958024       629      619958     46972      5048
47000000000000   040     12761    35882432      1269     2124267    117364     13423
47000000000000   022      1157     3731434       389      410750     34546      1352
47000000000000   061       668     1928348       663      435808     47066       935
47000000000000   059      2873    10361562       640      517916     46390      3136
47000000000000   018     12955    72303298     12798    16434615    764078     17271
47000000000000   016     22579    64549783     23893    13731704   2196435     34985
47000000000000   021      2726     9508284       667      645704     47999      2998
47000000000000   090       698     1645158       883      848000     92336      1220
47000000000000   089      3472    13492329       617      665216     50002      3751
48000000000000   000     91881   338574129     53638    48310633   3405767    111132
48000000000000   023      2446     9165534       237      443496     25078      2589
48000000000000   029      1411     4774254       228      194244     12764      1483
48000000000000   025      1674     7757146       216      354428     17970      1776
48000000000000   062      1004     4524018         0           0         0      1004
48000000000000   162      1155     4339300         1        3830       140      1156
48000000000000   005      6490    22221770      1949     2965062    221350      7740
48000000000000   044      6486    26746908       453      908598     42300      6725
48000000000000   079      7830    26600994       365      367066     21616      7952
48000000000000   032      4986    17174576       554      694310     32474      5170
48000000000000   040      7777    28291814      2623     5764379    201028      8912
48000000000000   022      3488    12135866       599      705748     63992      3851
48000000000000   081       147      550930        10       35689      1100       153
48000000000000   061       526     1571006       139      184918     15380       613
48000000000000   059      4619    16570700       640      921145     76408      5051
48000000000000   018     10441    48666933     11935    17171145    635211     14028
48000000000000   016     22837    78159289     29658    13602133   1800667     33012
48000000000000   021      3015    10303662      3055     2520038    138045      3800
48000000000000   090       495     1478806       479      675554     53236       796
48000000000000   089      5054    17540623       497      798850     47008      5321
49000000000000   000     32206    89000631      9116     6837603    523020     35348
49000000000000   023      2104     4901206        65       63144      7491      2146
49000000000000   029       267      778794       330      963307     32964       476
49000000000000   025      1274     3773206        23       25960      2184      1287
49000000000000   062       662     2305512         0           0         0       662
49000000000000   162       371      605762         9        6158       828       376
49000000000000   005      1325     2725408         5        5776       426      1327
49000000000000   044      5314    14467552        38       71045      6162      5349
49000000000000   079      3104     6603532         0           0         0      3104
49000000000000   032       769     1898272        17       35844      2012       780
49000000000000   040      1653     3133046        68       87824      6914      1693
49000000000000   022       756     1809202        31       23176      2354       770
49000000000000   081        12       33706         0           0         0        12
49000000000000   061       438      809576       344      180076     30854       612
49000000000000   059      1858     5362904       190       84306     13344      1937
49000000000000   018      3202    15072886      4238     3420119    172810      4244
49000000000000   016      5805    15404024      3505     1644932    227197      7172
49000000000000   021      1343     3860368       145      130074      8672      1396
49000000000000   090        58      134418         0           0         0        58
49000000000000   089      1891     5321257       108       95862      8808      1947
50000000000000   000     54607   216601296     37847    41003503   2623337     69428
50000000000000   023      2536     8845720      1208     1323834    116483      3194
50000000000000   029       755     2809634       370      659121     29905       926
50000000000000   025      1871    10096692       345      785286     34950      2068
50000000000000   062       647     2529103         0           0         0       647
50000000000000   162       285      961732        34       38649      3000       302
50000000000000   005      8462    27049821      1147     2486275    117980      9128
50000000000000   044      1957     7494948       309      345466     23893      2092
50000000000000   079      1181     3897189       343      517416     35645      1382
50000000000000   032      1725     6753123       586      950384     41452      1960
50000000000000   040      3198    10259980      1466     2177604    117212      3861
50000000000000   022       865     2862733        53      134168      7477       907
50000000000000   061       163      520790       106      107543      7249       204
50000000000000   059      1966     6823795      1468     1719408    151625      2822
50000000000000   018      8247    47364735      8271    10536673    567289     11452
50000000000000   016     14676    54733265     20475    16845076   1226750     21607
50000000000000   021      1069     4127952       289      400262     21769      1192
50000000000000   089      5004    19470084      1377     1976338    120658      5684
51000000000000   000     10041    28490203      3524     2251391    199061     11158
51000000000000   023       474     1402940         4        5279       347       476
51000000000000   029        82      288398        91       18534      1803        92
51000000000000   025       402     1385080        24       32600      2081       412
51000000000000   062       111      356446         0           0         0       111
51000000000000   162        78      249472         0           0         0        78
51000000000000   005       897     2148368         4        3875       347       899
51000000000000   044      1713     4888423        95      100582     10260      1771
51000000000000   079       741     1830303        81      111428     11953       808
51000000000000   032       478     1435473        90      183043     13431       553
51000000000000   040       964     1873228         8        1328       138       965
51000000000000   022       289      815697        24       26036      2082       301
51000000000000   061        84      219486         7        6898       607        87
51000000000000   059       677     2127752        17       16469      1332       684
51000000000000   018       766     3433402       788      736009     45321      1022
51000000000000   016      1479     3723334      2241      959409    105026      2072
51000000000000   021       174      521570        10        9423       866       178
51000000000000   090        30       80936         0           0         0        30
51000000000000   089       602     1709895        40       40478      3467       619
