01000000000000   000     73967   244920436     26127    26421465   2041536     85719
01000000000000   023      2539     8243313        46       35058      5274      2569
01000000000000   029       564     1990297        90      100783      6124       599
01000000000000   025      3391    11827812       156      186189     20213      3505
01000000000000   062       730     2896720         0           0         0       730
01000000000000   162       645     1606906        23       12349      1513       654
01000000000000   005      4574    14868421         9        8883      1010      4580
01000000000000   044      3962    10773962        60       45659      5314      3992
01000000000000   087       412     1234075         2        1650        30       412
01000000000000   079      3787    10402216        28       39651      2714      3802
01000000000000   032      4862    13708275       452      400586     54494      5172
01000000000000   040     11616    38053635      1389     2982971    152594     12483
01000000000000   022      1513     3945348        36       20561      2967      1530
01000000000000   061       429      991436       417      357384     52144       725
01000000000000   059      2121     6502936       331      302049     47005      2387
01000000000000   018      9118    48856284      7833    10407075    476448     11879
01000000000000   016     18535    53283685     14737    11047075   1159160     25222
01000000000000   021      2556     8169791        84       65755      5941      2589
01000000000000   090       639     1398351         4        5867       531       642
01000000000000   089      1974     6166973       430      401920     48060      2247
02000000000000   000     22922    91197719      5581     5001645    323031     24815
02000000000000   023       977     3922466        24       39658      2143       990
02000000000000   029       615     2270763        38       36632      2391       629
02000000000000   025      1181     5050766        89      134599      6220      1218
02000000000000   062       252     1456508         2         717        64       252
02000000000000   162       195      637327        67       19806      1630       205
02000000000000   005      1751     7113379        31       47862      3494      1772
02000000000000   044      2882    12151734        18       20422      1613      2892
02000000000000   079      1632     5357381       156      192035     20052      1753
02000000000000   032       721     2940352        39       57586      2971       739
02000000000000   040       236      944794         6        8698       462       239
02000000000000   022       468     1637253         5        5638       285       470
02000000000000   061        83      307626         2        2471       147        84
02000000000000   059      2187     8374156        62       72481      4637      2215
02000000000000   012      1998     7790778       660      633272     45829      2275
02000000000000   112       804     2429031       697      678053     52660      1126
02000000000000   018      1167     6724781      1749     1776339     54266      1475
02000000000000   016      2809     9621595      1817     1135964    114798      3461
02000000000000   021       406     1526335        56       60552      4627       434
02000000000000   089      2558    10940694        63       78860      4742      2586
03000000000000   000     56962   185742329     23880    20810774   1668946     66442
03000000000000   023      3690    10540681        36       65829      3010      3707
03000000000000   029       608     1945533       145      208718     14107       689
03000000000000   025      1347     5861031       102      178962      8533      1395
03000000000000   062      1012     4179788         0           0         0      1012
03000000000000   162       863     2773483         5        7176       461       866
03000000000000   005      9478    26744371        99      202515      9467      9532
03000000000000   044      3079     9736532         0           0         0      3079
03000000000000   079      5819    13661406       191      195117     18810      5925
03000000000000   032      2454     8013057        34       67194      3542      2474
03000000000000   040       726     2221348        62      112221      4973       754
03000000000000   022      2015     4761791        14       19167       886      2020
03000000000000   061       367      973896       134       81529     12655       439
03000000000000   059      2028     6811745       644      593301     48494      2303
03000000000000   092        10       49332         0           0         0        10
03000000000000   018      5097    30009508      6397     8144141    501011      7944
03000000000000   016     12271    40611467     15337    10258432    990402     17899
03000000000000   021      2695     6893899       513      513667     41988      2933
03000000000000   089      3403     9953461       167      162805     10607      3461
04000000000000   000     49082   144297649     13912     8589356    732440     53253
04000000000000   023      1848     5025556        73       65410      7156      1889
04000000000000   029       564     1867335         4        6447       303       565
04000000000000   025      1374     4581719       100      257328      6961      1413
04000000000000   062       551     1766936         0           0         0       551
04000000000000   162       599     1596445         2        1734       186       601
04000000000000   005      4230     9527484         4        3002       418      4232
04000000000000   044      3605    10534382        48       58908      1492      3613
04000000000000   079      4065     9013468         0           0         0      4065
04000000000000   032      4469    11108807       237      346440     22215      4596
04000000000000   040      4248    10884978       149      203309      8473      4296
04000000000000   022       889     2766054       219      243150     25869      1036
04000000000000   061       624     1350164       228      135116     22536       752
04000000000000   059      1775     4609984       472      258610     27483      1932
04000000000000   018      5311    29832808      3587     3160440    193087      6410
04000000000000   016     10020    25432236      7794     3042734    359857     12069
04000000000000   021      2594     7415916       819      596072     40062      2822
04000000000000   089      2316     6983377       176      210656     16342      2411
05000000000000   000    321012  1522103063    150418   199359900  10149791    378688
05000000000000   023     20333    77650456      3864     5660345    380783     22497
05000000000000   029      3833    17796616       449      962681     31916      4020
05000000000000   025      3912    22579054       478      774378     31597      4092
05000000000000   062      7585    43554252       575      831585     19332      7695
05000000000000   162      5337    19122083      1135     1239560     63492      5697
05000000000000   005     43791   194073909      1951     5131315    231936     45110
05000000000000   044     22140   115983293       885     2397930    101394     22717
05000000000000   087        74      313960        14       13258       750        78
05000000000000   079      3983    16192581       308      633797     28919      4148
05000000000000   032     11538    52743681      1542     3245789    139866     12332
05000000000000   040     32535   135386419      7928    16727220    715823     36601
05000000000000   022     16184    66203266      2398     5147799    283290     17795
05000000000000   081       390     1890876        64      199176      7391       432
05000000000000   061      2310     9262484      1454     2033951    149955      3162
05000000000000   059     12434    57061188      3597     5103557    459820     15045
05000000000000   018     20640   144840912     28566    46407075   1838501     31087
05000000000000   016     76243   337917652     88536    83188367   4906423    104120
05000000000000   021      4576    19118917       644     1137644     59310      4912
05000000000000   089     33174   190411464      6030    18524473    699293     37148
06000000000000   000     50137   211009098     34540    44217629   2795529     66025
06000000000000   023      2099     8998750       152      256259     13601      2176
06000000000000   029       450     1513852       124      304272     19938       564
06000000000000   025      3155    13075302       850     1827576     91893      3677
06000000000000   062       725     4319561         1        3273        80       725
06000000000000   162       382     1493679        13       16793      1105       389
06000000000000   005      6690    24839053        78      191481      9535      6745
06000000000000   044      3015    11749633       158      341052     18392      3120
06000000000000   079      1864     7321047       263      463366     24575      2004
06000000000000   032      1063     5085682       150      354563     15302      1150
06000000000000   040      3284    10890983       905     1563915     80196      3740
06000000000000   022       882     3637058        84      118329      7367       924
06000000000000   061       252     1050177       101       88198      5708       284
06000000000000   059      1330     5961269       285      413394     18341      1435
06000000000000   018      9869    53009937      9447    13261550    688330     13782
06000000000000   016     12555    47726852     21250    23949539   1744646     22467
06000000000000   021      1087     4135954       565      830013     45004      1342
06000000000000   089      1435     6200309       114      234056     11516      1501
07000000000000   000     58414   249705597     18220    23863946   1388020     66875
07000000000000   023      2677    10523959        81      192851      9004      2735
07000000000000   029      1041     4386796       237      834565     35233      1244
07000000000000   025      4039    15605748       154      496866     19565      4165
07000000000000   062      1301     6491731         0           0         0      1301
07000000000000   162       534     2060840        46       58002      4406       563
07000000000000   005      7944    29968524        83      226195      8782      8001
07000000000000   044      3628    15072786         0           0         0      3628
07000000000000   001        34      193809         0           0         0        34
07000000000000   079      4597    18959632       207      557566     25245      4760
07000000000000   032      2135     8914817       117      304172     12274      2207
07000000000000   040      9102    40860277      2169     4958760    225222     10495
07000000000000   022       887     3702550        25       84278      2936       906
07000000000000   081        50      240680         8       19930       932        56
07000000000000   061       141      521410         5       12111       753       145
07000000000000   059       539     2158406        31       56468      4001       563
07000000000000   012      2596    12888772       533     1354853     70356      3020
07000000000000   112       947     2234533       988      338713     28226      1117
07000000000000   018      3883    24302261      6187     8982636    441956      6546
07000000000000   016      7174    30680219      6876     4405313    446523      9885
07000000000000   021      2796    10067671       279      616906     32761      3007
07000000000000   089      2369     9870176       194      363761     19845      2497
08000000000000   000     22015    77613430      7719     7298328    467127     24828
08000000000000   023       688     2166892        75       75632      7367       732
08000000000000   029       227      816950       122      222472     10200       286
08000000000000   025      1468     4835103        24       35741      1858      1478
08000000000000   062       598     2682246         0           0         0       598
08000000000000   162       315      882355         2        2836       133       316
08000000000000   005      2958    10610783        83       94425     10991      3020
08000000000000   044      1644     4653112        43       50459      1335      1652
08000000000000   079      1643     4804426       126      188901     14068      1727
08000000000000   032      1960     6416117       227      321136     24726      2109
08000000000000   040      1905     5420494       105      233993      9671      1963
08000000000000   022       297      851624        14       27865      1963       308
08000000000000   081        99      299574        12       11869      1295       107
08000000000000   061       179      517586       131       85117      8935       233
08000000000000   059       421     1415759       111       66976      5636       454
08000000000000   094       595     2078078         8        9815       793       600
08000000000000   018      1550     9409574      2695     3378414    170790      2580
08000000000000   016      3613    12694339      3718     2292645    180218      4707
08000000000000   021       358     1585173         9       18664       851       363
08000000000000   089      1497     5473245       214      181368     16297      1595
10000000000000   000    168550   540417617     39601    42396080   2874514    184885
10000000000000   023      6475    21052846       212      148685     17592      6575
10000000000000   029      2132     7560254        32       55984      3758      2153
10000000000000   025     17782    62865046       415      813885     41480     18020
10000000000000   062      2325     8463510         0           0         0      2325
10000000000000   162      1785     6318279        24       27834      2212      1798
10000000000000   005     26352    71240834        41       67376      4381     26378
10000000000000   044      8944    29264185        36       43283      3190      8962
10000000000000   087         0           0         6        5049       240         1
10000000000000   079     13856    35118021        91      114260      8311     13903
10000000000000   032     18620    51156073      1095     1899019    151954     19482
10000000000000   040      4960    13277166        32       50008      2878      4977
10000000000000   022      3369     9043013        28       39668      2727      3384
10000000000000   061      1387     2694773        60       39258      5790      1420
10000000000000   059      9862    26774746      2052     1791763    132346     10615
10000000000000   094       534     1753183        32       34898      3372       553
10000000000000   018     14476    90418430     16758    21592219   1087541     20655
10000000000000   016     23971    69786493     18358    15308996   1381797     31822
10000000000000   021      3338     8895534        60       59237      4844      3365
10000000000000   089      8382    24735231       269      304658     20101      8497
11000000000000   000    109861   343662929     35849    29630276   2295043    122901
11000000000000   023      4471    12960005        15       36642      1459      4479
11000000000000   029       956     3590083       595     1014363     59210      1292
11000000000000   025      2322     8576286        15       40597      1396      2330
11000000000000   062      1238     4251134         0           0         0      1238
11000000000000   162      1104     3216299        17       22526      1640      1113
11000000000000   005     19331    47609684       626      927650     60044     19672
11000000000000   044      6003    15779550         6       11198       600      6006
11000000000000   087       654     2347667         0           0         0       654
11000000000000   079      8583    22491180       144      206620     14670      8666
11000000000000   032      4137    12596225       191      205393     20262      4252
11000000000000   040      7661    18836966       130      221990     10658      7721
11000000000000   022      2144     6142093        17       19226      1680      2154
11000000000000   061      1233     2956676      2499     2777989    302436      2950
11000000000000   059      4324    12666894       916      736590     69077      4717
11000000000000   018     12527    67812212     12527    12036420    603468     15958
11000000000000   016     26943    80925340     17703    10494303   1099450     33190
11000000000000   021      2855    10229880       336      781277     38760      3076
11000000000000   089      3375    10674755       112       97492     10233      3433
12000000000000   000     51694   161418362     19160    11664448    745488     55990
12000000000000   023       646     2101984         9        4786       340       648
12000000000000   029       596     2100408        13       15418       932       601
12000000000000   025      2218     7808446        57       64962      2644      2233
12000000000000   005      2463     7982404        23       48242      1812      2473
12000000000000   044       908     2960180        10        5382       780       912
12000000000000   001      1095     3031054        20       16156      1538      1104
12000000000000   087       215      628864         3        1512       234       216
12000000000000   079       809     2514310        20       12436      1508       818
12000000000000   032      2460     7929436        88      129362      5952      2494
12000000000000   040      3584    12095058       465      864448     42490      3823
12000000000000   022       436     1215738        56       87420      4538       462
12000000000000   061       163      451394       190      118354     11762       230
12000000000000   059       996     3578826       363      436724     33156      1185
12000000000000   012     20144    58364654      6709     2025051    113949     20830
12000000000000   112      4815    11360668      3963      841345     71283      5244
12000000000000   018      2080    10367592      1475     2254910     81066      2541
12000000000000   016      3763    13263014      5332     4471052    343928      5717
12000000000000   021       141      456392         2        3550       160       142
12000000000000   052       498     1306600       248      159516     18356       602
12000000000000   089      3664    11901340       114      103822      9060      3715
13000000000000   000     18386    60127786     11439    10216487    966188     23876
13000000000000   023      1409     4393687       199      107674     13288      1484
13000000000000   029       167      595217       267      417827     23234       299
13000000000000   025       449     1960392         8        6101       764       454
13000000000000   062       278     1046336         0           0         0       278
13000000000000   162       202      661897        23       23424      2037       214
13000000000000   005      1786     4786991       132       99559     12445      1857
13000000000000   044      1625     4775540       146      221032     24221      1763
13000000000000   079      1592     4868495       202      394081     22880      1722
13000000000000   032       974     3375830       225      304213     18469      1079
13000000000000   040       811     2376970       281      190287     15527       899
13000000000000   022       505     2023590       252      229700     28711       668
13000000000000   061       170      429901        66       51568      6445       207
13000000000000   059      1560     5381000       704      896255     83333      2034
13000000000000   018      1957     8881983      1844     2254390    138659      2744
13000000000000   016      3161     9320389      6393     4796161    548753      6279
13000000000000   021       614     1802386       284      114520     14312       695
13000000000000   090       151      375687        46       25680      3210       169
13000000000000   089       975     3071495       367       84015      9900      1031
14000000000000   000    126486   487797540     46554    37777251   3438521    146715
14000000000000   023      5896    19842330       288      410377     29410      6074
14000000000000   029      2237     9050359        46       53375      1979      2247
14000000000000   025      3230    19216822       132      201148     10216      3293
14000000000000   062      2345    11585344         3        4076       362      2347
14000000000000   162      1866     7346326        50       43210      2578      1882
14000000000000   005     16784    60528592        20       55066      1826     16795
14000000000000   044      7820    31106507      1213     2579799    144751      8692
14000000000000   087        96      440000         3        3128       290        98
14000000000000   079     14565    55303972       170      469680     21690     14696
14000000000000   032      3099    13418874        19       46170      1692      3110
14000000000000   040     13260    40741805       616     1304395     66657     13662
14000000000000   022      2406    10416340       384     1086383     48630      2699
14000000000000   061       695     2336934        81      155076     10856       761
14000000000000   059      3141    12150349      1185     1312253    180709      4173
14000000000000   018     12657    69500486     12866    14215271    650220     16523
14000000000000   016     26104    85159084     29168    15351127   2238659     39210
14000000000000   021      2621    10030652        94      244978     11634      2691
14000000000000   089      7664    29622764       216      241739     16362      7762
15000000000000   000     75174   240738329     35115    30214223   2646537     90326
15000000000000   023      2631     7681619       166      200872     20919      2756
15000000000000   029       506     1315449       175      177118      8574       558
15000000000000   025      1199     5752334         7       13824       567      1203
15000000000000   062      1265     5068154         0           0         0      1265
15000000000000   162       765     2021123         1        1063       105       766
15000000000000   005      8453    25989184        10       24256      1022      8458
15000000000000   044      4266    10657281         2        1904       130      4267
15000000000000   087        35      141614         1         593        69        35
15000000000000   079      5132    12226368        42       23320      2974      5150
15000000000000   032      1717     5657348        13       22894      1149      1724
15000000000000   040      4766    12048667        45       62716      3946      4790
15000000000000   022      1356     3503629       155      168842     18943      1470
15000000000000   061       125      294493         6        2300       276       127
15000000000000   059      2459     7356775       869      691669     84252      2954
15000000000000   018     13358    70013276     12675    19216341   1387046     21249
15000000000000   016     24287    62474449     20848     9543120   1112670     30675
15000000000000   021      1153     3475316        49       30010      2198      1167
15000000000000   089      1701     5061250        51       33381      1697      1712
16000000000000   000     40778   164700912     23976    29542082   2031834     52325
16000000000000   023      1236     4501953        80      131557      9926      1292
16000000000000   029       405     1793008       405      605468     46890       672
16000000000000   025      2152     8673564       192      422362     24042      2289
16000000000000   062       650     2737611         0           0         0       650
16000000000000   162       294     1084189         2        5044       259       296
16000000000000   005      3099    10415381       173      387448     20898      3219
16000000000000   044      2562     8772224         1        3945       133      2563
16000000000000   079      2680     8915359        48      107060      5582      2712
16000000000000   032       379     1554967        27       39589      2205       392
16000000000000   040      5683    21578124      2669     4241967    240395      7050
16000000000000   022       314     1071284         3        4078       240       315
16000000000000   061       105      382212         5        5365       602       108
16000000000000   059      1793     6841853       467      500597     51232      2083
16000000000000   018      4323    29199966      6631    15973155    760725      8645
16000000000000   016     10942    42041773     12926     6568690    833919     15680
16000000000000   021      1126     4191419        87       98345      6733      1164
16000000000000   089      3035    10946025       260      447412     28053      3195
17000000000000   000     38372   130092635     17965    13548254   1062086     44408
17000000000000   023      2176     6202741        49       65583      4742      2202
17000000000000   029       526     1383032       207      507861     27563       681
17000000000000   025      1999     6653484       143      126842      8105      2046
17000000000000   062       613     2257818         0           0         0       613
17000000000000   162       508     1378892        12       14705       932       513
17000000000000   005      3584     9532246        34       38323      2383      3599
17000000000000   044      3583    10346409       157      147160     13470      3660
17000000000000   079      2701     7444139       168      204487     15682      2790
17000000000000   032      1036     3386931        19       39088      1397      1044
17000000000000   040      2275     5756501       380      166585      8106      2321
17000000000000   022       124      323014         8        9438       748       128
17000000000000   061       558     1282754        16        7481       569       561
17000000000000   059       821     2598658       120       89583      8982       873
17000000000000   018      4147    25761222      3535     4615457    228981      5449
17000000000000   016      9768    34039162     12735     7125320    712476     13815
17000000000000   021       583     1875831        76       76762      3503       604
17000000000000   089      3370     9869801       306      313579     24447      3509
18000000000000   000     69961   225254629     24229    18141673   1381526     78139
18000000000000   023      2956     8994866       232      260512     28354      3127
18000000000000   029      1111     4815236       579     1257176     53280      1433
18000000000000   025      4184    13833356       832     1331438    112224      4860
18000000000000   062      1024     3774188         2        4812       276      1026
18000000000000   162      1204     3693592        21       30682      2320      1218
18000000000000   005      3733     9458866       131      105216      1800      3744
18000000000000   044      5427    16766426       178      114364      7932      5475
18000000000000   079      7057    19680804       112      143308     12304      7132
18000000000000   032      2135     6582572        54      100269      5832      2170
18000000000000   040      5160    15742515       375     1081550     58399      5494
18000000000000   022      1073     3215746       116      157626     12466      1148
18000000000000   061      1544     3270768       129      112536     16858      1645
18000000000000   059      3359    10047365       941      926131     76669      3816
18000000000000   018      7011    37719737      5711     6880328    395846      9325
18000000000000   016     14811    39996569     13526     4523931    529660     17948
18000000000000   021      4144    14419180      1052      956982     56968      4488
18000000000000   089      4028    13242843       238      154812     10338      4090
19000000000000   000     83849   253854712     26480    16596589   1398990     91795
19000000000000   023      2377     6927783       370      283434     37123      2588
19000000000000   029      1353     4184464       394      449357     28807      1516
19000000000000   025      1703     6917113        57       31559      3212      1721
19000000000000   062      1011     3715668         0           0         0      1011
19000000000000   162       640     1121688         3        1853       157       641
19000000000000   005      7723    21745262       406      140450     10804      7784
19000000000000   044      5303    14352523        18       14576      2213      5316
19000000000000   087       385     1299629         7       11018       427       387
19000000000000   079      5147    13972976        15       16846       551      5150
19000000000000   032      4050    13207145       149      155135      8844      4100
19000000000000   040     18825    51788034      1316     1942188     81803     19291
19000000000000   022       947     2628880       110       83052      7273       988
19000000000000   061      1013     2386781       394      238541     31609      1192
19000000000000   059      4362    13035932      1072      748035     79629      4813
19000000000000   018      7926    39166975      5360     5195946    333191      9820
19000000000000   016     15225    39496064     15545     6240615    687244     19129
19000000000000   021      3152     9846713       762      579860     41300      3385
19000000000000   089      2707     8061082       502      464124     44803      2963
20000000000000   000     19156    64448964      7494     6578681    486657     21923
20000000000000   023      1151     3496649        60       98619      6880      1190
20000000000000   029       365     1429894       227      565090     33686       557
20000000000000   025       655     2679806        68      100516      5772       687
20000000000000   062       372     1711752         6       16676       733       376
20000000000000   162       209      570585         3        5559       412       211
20000000000000   005      1299     4914950        74      132793      7642      1343
20000000000000   044      2592     8247940        89       90126      6958      2632
20000000000000   087        64      192430        10       10869       974        70
20000000000000   079      2036     5664182        63       90903      6299      2072
20000000000000   032      1263     4366140        83      197768     10138      1320
20000000000000   040       630     2225736        63      138326      6575       668
20000000000000   022       479     1523528        35       60427      3682       500
20000000000000   061       145      457211        17       17065      1374       153
20000000000000   059      1175     4026220       267      307397     20665      1293
20000000000000   012        26       92866        12       13776      1138        32
20000000000000   112         6       12664        32       35397      2929        23
20000000000000   018      1406     6372169       419      629604     30688      1581
20000000000000   016      3663    11075877      5779     3839788    325385      5512
20000000000000   021       386     1277178       121      120687      7523       429
20000000000000   090        60      163161        13       14123      1273        67
20000000000000   089      1174     3948026        53       93172      5931      1207
21000000000000   000     83435   323581514     15170    25916365   1560251     92296
21000000000000   023      3547    13395153       142      317172     18216      3649
21000000000000   029      1328     5080339       358      586568     18293      1432
21000000000000   025      3711    12702424       475      833465     67217      4093
21000000000000   062      1600     8179402         0           0         0      1600
21000000000000   162       789     3210690        29       67208      3759       810
21000000000000   005     11548    40904168       370      717879     57590     11875
21000000000000   044      4840    18651414         0           0         0      4840
21000000000000   001       495     2030725         0           0         0       495
21000000000000   087       299     1182745         0           0         0       299
21000000000000   079      7363    24341605       170      325604     25727      7509
21000000000000   032      6164    22730717       897     1686094    124321      6871
21000000000000   040      5255    17573412       586      802253     57154      5579
21000000000000   022      1058     3864407       149      331699     23265      1190
21000000000000   061       478     1970250       152      193349     22282       605
21000000000000   059      2111     8625329       101      180433     12865      2184
21000000000000   094      2161     8587632       201      263003     23274      2293
21000000000000   018      9084    53298071      3613     9200566    345583     11047
21000000000000   016     12027    39280729      6784     8427835    641807     15674
21000000000000   021      1963     7947434       325      668298     43499      2210
21000000000000   089      7614    30024868       818     1314939     75399      8041
22000000000000   000     85294   344105530     27076    31822495   1707975     95442
22000000000000   023      4316    18138438       341      883455     35769      4532
22000000000000   029      2030     6051081       295     1131419     29615      2200
22000000000000   025      8844    34482458       521     1320733     32520      9039
22000000000000   062      5308    26400654        24       38965      1162      5314
22000000000000   162       577     2338302         5       10764       254       578
22000000000000   005      7112    29116673        76      177162      8757      7164
22000000000000   044      3948    17071149       194      508248     23923      4085
22000000000000   001      1112     6130555       158      236817     11954      1180
22000000000000   087       159      773290         7        9985       735       163
22000000000000   079      6821    27343871       654     1634106     88925      7356
22000000000000   032      7646    28806789      1277     2509969    121216      8376
22000000000000   040      7167    21893970       924     1832700     80897      7624
22000000000000   022      1492     5701836       191      394197     23324      1633
22000000000000   081         3       16559         0           0         0         3
22000000000000   080      1022     4942693        37      130593      5222      1052
22000000000000   061       956     3168395        34       72451      3150       975
22000000000000   059      1237     5447538        84      127742      8080      1286
22000000000000   091       616     2829773        18       55819      2343       630
22000000000000   012        49      193470         0           0         0        49
22000000000000   112        38      135586        10        4547       170        39
22000000000000   018      6389    34446243      9061    13152620    602798      9986
22000000000000   016     13534    47131580     12837     6633893    596801     17077
22000000000000   021      1115     4686224       100      261591     10267      1177
22000000000000   089      3803    16858403       228      694719     20093      3924
23000000000000   000    112125   464587793     66452    70451498   5440126    143038
23000000000000   023      2510    10315361       999     2260309    144055      3328
23000000000000   029      1731     6148906        16       55990      1968      1742
23000000000000   025      1970     9599165        48      103500      4824      1997
23000000000000   062      2296    10417634         0           0         0      2296
23000000000000   162      1091     4172890       182      338399     21150      1211
23000000000000   005     18822    69664916       382     1175543     56198     19141
23000000000000   044      2757    11318402       383     1096993     62410      3112
23000000000000   079     11724    43242108       886     2790694    140452     12522
23000000000000   032      1721     7228386       253      478126     23897      1856
23000000000000   040      9611    34972158      3465     6742150    460873     12230
23000000000000   022      1077     4123349       138      312212     19899      1190
23000000000000   061       230      863542       169      294549     15617       319
23000000000000   059      4355    17585333      1203     1584127    122155      5048
23000000000000   012       676     1984175       127      173786     12634       748
23000000000000   112       182      463421        90       73150      7240       227
23000000000000   018     13903    90977516     14386    23180069   1302762     21306
23000000000000   016     30245   111930752     42665    27634187   2927627     46880
23000000000000   021      1400     5905889       327      918210     45323      1658
23000000000000   089      5824    23673890       733     1239504     71042      6227
24000000000000   000     62702   270725695     30927    32330617   2303419     75793
24000000000000   023      2451     9848548       127      237405     19426      2562
24000000000000   029      1239     4722595       172      364253     20670      1357
24000000000000   025      2189    10299422       543     1455277     63600      2551
24000000000000   062       544     2687767         0           0         0       544
24000000000000   162       399     1447887        24       43076      3038       416
24000000000000   005      3684    13415808       131      276230     17278      3782
24000000000000   044      5067    21832582       262      359671     26172      5216
24000000000000   079      1637     6365832      1102     2063251    177736      2646
24000000000000   032      2022     8855309       228      506765     27227      2177
24000000000000   040      3383    13699935      1315     2862408    231190      4697
24000000000000   022      1176     4633371       111      224924     12649      1248
24000000000000   080       706     3405573        18       51456      2285       719
24000000000000   061       534     2094918       154      175438     12137       602
24000000000000   059      2952    11918295       633      889954     69917      3350
24000000000000   094      2265     8865024       523      837479     43374      2511
24000000000000   018     10072    50173232      9582    10280374    525142     13053
24000000000000   016     15098    66838388     14338    10160819    969879     20611
24000000000000   021      3770    14925412      1462     1121072     56966      4095
24000000000000   089      3514    14695797       202      420765     24733      3656
25000000000000   000     50916   143771292     14809    10497151   1068799     56988
25000000000000   023      1192     3418824        26       11285      1321      1199
25000000000000   029       459     1553136        76      100707      5481       490
25000000000000   025       616     3080128        83       73650      5000       645
25000000000000   062       671     1964985         0           0         0       671
25000000000000   162       528     1260917         0           0         0       528
25000000000000   005      4182     8623618        40       47538      4493      4208
25000000000000   044      3178     7320920         8       11230      1088      3184
25000000000000   087        62      208069         2        1700       212        63
25000000000000   079      2924     6111756         0           0         0      2924
25000000000000   032      2963     7797375        87      186999      9940      3020
25000000000000   040     11450    25536103       567     1292032     73014     11865
25000000000000   022       762     2054089       324      615282     52018      1058
25000000000000   061       306      565431       165      100054     14144       387
25000000000000   059      3042     7688838       807      570070     61446      3389
25000000000000   018      5438    28117337      1862     2033519    150158      6291
25000000000000   016      8618    26603300     10657     5317900    681634     12491
25000000000000   021      1495     3911431        43       37468      4233      1519
25000000000000   090       123      269657         0           0         0       123
25000000000000   089      2907     7685378        62       97717      4617      2933
26000000000000   000     82509   233078519     24772    18165931   1627645     91760
26000000000000   023      2526     6859402       300      121833     18085      2629
26000000000000   029       862     2403638       268      583540     35396      1063
26000000000000   025      3700    12047094       272      440435     21344      3820
26000000000000   062      1130     4078696         0           0         0      1130
26000000000000   162      1033     2465558        77       85360     10184      1091
26000000000000   005     11485    24516208       461      386593     26987     11638
26000000000000   044      6176    18432456       341      337014     21876      6300
26000000000000   079      8159    18338624       605      502324     50640      8447
26000000000000   032      3439     9159718       197      231384     16381      3532
26000000000000   040     12302    30546734      1737     2485775    169474     13265
26000000000000   022       661     1783984        17        8000       526       664
26000000000000   061       586     1465630       190       81946      7590       629
26000000000000   059      2396     7043239       509      444282     49323      2676
26000000000000   018      8086    37273324      7346     6695202    483129     10832
26000000000000   016     13100    37445586     11808     5185379    682278     16982
26000000000000   021      2082     5297880       400      400000     15516      2170
26000000000000   089      4786    13920748       244      176864     18916      4892
27000000000000   000     14767    48068811      7828     7497221    532554     17793
27000000000000   023       939     2551841        91      112405     10037       996
27000000000000   029       332     1106574        46       41341      3286       350
27000000000000   025       178      808628        79      164989      6350       214
27000000000000   062       193      591455         4       10443       441       196
27000000000000   162       209      642014        41       28695      3046       226
27000000000000   005       881     2439768        30       49040      3418       900
27000000000000   044      1948     6481782       200      273296     18332      2052
27000000000000   079      1388     3845654       227      325116     26804      1540
27000000000000   032       779     2104377       110      153096     12601       851
27000000000000   040       500     1287952       109      129067     12635       572
27000000000000   022       681     1978975        38       60823      4264       705
27000000000000   061        59      173440        38       19713      2013        70
27000000000000   059      1241     3860937       269      236288     21681      1365
27000000000000   018      1399     8555233      1591     2743990    100332      1968
27000000000000   016      2636     7563221      4757     2880962    286167      4262
27000000000000   021       383     1074307        96      123300     10211       441
27000000000000   090        35      103741         6        5730       465        38
27000000000000   089       986     2898912        96      138927     10471      1047
28000000000000   000     28071    83737389     10859     7932755    899346     33184
28000000000000   023       598     1818487        20       16781      1358       605
28000000000000   029       285      929597       105      105123      7730       329
28000000000000   025       677     2677178        68       51756      4499       703
28000000000000   062       492     1690810         0           0         0       492
28000000000000   162       221      578528         7        9011       780       226
28000000000000   005      2333     6252954        56       65360      5438      2364
28000000000000   044      2178     6516834        10       16229      1116      2184
28000000000000   001        28      100167         1        1107        91        29
28000000000000   079      2730     6306386       127       42567      6758      2769
28000000000000   032       754     2200199        88      132037     11165       817
28000000000000   040      4170    10907047      1044     1706917    148878      5016
28000000000000   022       261      777486         8       10259       797       266
28000000000000   061       237      617749       143      107125     15917       328
28000000000000   059      1561     4271820       764      579437     76358      1994
28000000000000   018      2784    13617431      1161     1311611     82427      3253
28000000000000   016      5953    16629307      6857     3565101    518960      8901
28000000000000   021       560     1853105        50       38139      3997       583
28000000000000   089      2249     5992304       350      174195     13077      2325
29000000000000   000     21255    78186316     10958     8377847    567012     24471
29000000000000   023      1148     3749456        41       52550      2038      1159
29000000000000   029       930     3503251        86       84862      4625       956
29000000000000   025       638     3141451        22       41650       889       643
29000000000000   062       422     2338086         0           0         0       422
29000000000000   162       398     1659874         3        5114       133       399
29000000000000   005      3237    12177086        62      157077      3917      3259
29000000000000   044      1672     5859962         4        1514       208      1673
29000000000000   079      1105     3596692        17       25454      1203      1111
29000000000000   032       999     3884245        49       99689      3130      1017
29000000000000   040       978     3802445       128      276183     10067      1035
29000000000000   022       477     1576379         5        9688       387       479
29000000000000   061       178      637944        11       18053       766       182
29000000000000   059      1077     3868998       400      360420     19125      1186
29000000000000   091        13       61162         0           0         0        13
29000000000000   092        13       61162         0           0         0        13
29000000000000   018      1890    10015930      2069     2930254    150174      2743
29000000000000   016      3974     9953794      7990     4237868    366981      6059
29000000000000   021       116      485480         7       15374       447       119
29000000000000   089      1990     7812919        64       62097      2922      2003
30000000000000   000     17107    57635382      8781     7404340    479116     19995
30000000000000   023       508     1515296        44       38507      5289       539
30000000000000   029       304      957817        88       93057      7159       346
30000000000000   025       888     3229188         3        7760       348       890
30000000000000   062       297     1386606         0           0         0       297
30000000000000   162       116      360621        17       16716      1574       125
30000000000000   005      1449     4614106        58       87457      6011      1486
30000000000000   044      1792     5786114       285      267801     23271      1932
30000000000000   087         3        9033         4        4457       328         5
30000000000000   079      1380     3950095        79       98439      5272      1412
30000000000000   032       935     3149352        83       79610      6245       973
30000000000000   040       777     2211148        75      116257      1822       788
30000000000000   022       369     1016970        50       68849      4096       394
30000000000000   061        76      205698       225      127238     18166       186
30000000000000   059       520     1594160       188      162679     13010       599
30000000000000   018      1349     6267899      1754     2531749     57999      1698
30000000000000   016      3884    13725910      5086     3189041    269409      5508
30000000000000   021       325      994653        16       16824      1532       334
30000000000000   090       302      866066       378      235242     30965       489
30000000000000   089      1833     5794650       348      262657     26620      1994
31000000000000   000    136463   604987282     31996    28774149   1814424    147821
31000000000000   023      4987    20115501       445      597468     48655      5301
31000000000000   029      1368     6701378        53       62191      5065      1400
31000000000000   025     14172    61554294       138      211535     17226     14283
31000000000000   062      1342     4450514        18       28191      2296      1357
31000000000000   162      2779    17766916         0           0         0      2779
31000000000000   005     10146    44194743        21       27241      2218     10160
31000000000000   044      6997    30293431       831      787500     70664      7399
31000000000000   087       106      409058         9       11529      1023       112
31000000000000   079      6292    25354805       173      279601     19864      6420
31000000000000   032      2777    12567997        57       92235      7510      2825
31000000000000   040     15423    52673600      1379     1613183    108063     16111
31000000000000   022      1386     5417450       267      543787     38267      1633
31000000000000   081       647     3336547         1         664        53       647
31000000000000   061      1691     6814969      1089     1051633     83707      2174
31000000000000   059      2849    12391008       574      762378     29798      3030
31000000000000   091       118      459044         3        1191        84       118
31000000000000   094     10014    42905407       827     1181455     82034     10480
31000000000000   012     11214    61312080      1692     2392842    126232     12077
31000000000000   112      7014    19027634      1887     1497478    130616      7901
31000000000000   018      7177    55046496      6394     7854340    263756      8814
31000000000000   016     17517    74415482     15381     9040151    717685     21968
31000000000000   021      3579    16318790       649      597408     48705      3893
31000000000000   089      6868    31460138       108      140148     10903      6939
32000000000000   000     39654   116986207     15140    14674551   1007278     45508
32000000000000   023      1775     5564236        54       72066      7090      1815
32000000000000   029       205      712990        24       43713      2261       219
32000000000000   025      2922     9416144        74      114819      7060      2961
32000000000000   062       462     1666296         0           0         0       462
32000000000000   162       171      620158         0           0         0       171
32000000000000   005      4010    11784890        82      118473     10293      4068
32000000000000   044      2379     6335481         0           0         0      2379
32000000000000   001         7       25682         0           0         0         7
32000000000000   079      1490     3879070        35       47056      4100      1513
32000000000000   032      2337     6219955       258      321259     21000      2460
32000000000000   040      4941    14330924      2246     5253304    254366      6393
32000000000000   022       515     1340637         9       15558       979       520
32000000000000   061       660     1803854        86      142210     10308       718
32000000000000   059      1664     5070584       161      172931     20094      1779
32000000000000   018      3861    13611686      3267     3454922    171094      4866
32000000000000   016      9772    26951927      8561     4710824    473885     12552
32000000000000   021       822     2584615       100       91267      8111       868
32000000000000   089      1661     5067078       183      116149     16637      1757
33000000000000   000    235522  1020514837     45690    50033564   2865057    252559
33000000000000   023     13148    50488214       412      939825     44958     13412
33000000000000   029      4627    17857109      1112      872792     67140      5009
33000000000000   025     19065   103263248       563     1550194     75212     19493
33000000000000   062      4451    26861773         0           0         0      4451
33000000000000   162      1630     5944466       162      142798     13729      1708
33000000000000   005     35079   148995375       357      884586     41059     35315
33000000000000   044     12633    46176683      1053     1003701     87532     13130
33000000000000   001       128      477573        14       27586      1771       138
33000000000000   087       780     3682526        25       52621      2537       795
33000000000000   079      6579    24974163       508      997379     56994      6905
33000000000000   032      9461    43649333       424     1076108     48211      9737
33000000000000   040     42998   165178669      5232    11146914    522630     46002
33000000000000   022      8496    32662768       113      271038     16749      8592
33000000000000   061      1919     6933154      1381     2032930    169540      2882
33000000000000   059      3403    14135381        57      123495      7062      3444
33000000000000   092      1609    11101575        55      103286      6550      1646
33000000000000   094     15033    79070512       422      479557     42353     15274
33000000000000   018     13436    77868884     14795    15486691    720957     17847
33000000000000   016     24749    90983295     18196    11159173    863032     30036
33000000000000   021      4727    19429339       230      438561     23602      4861
33000000000000   089     11571    50780797       579     1244329     53439     11882
34000000000000   000    119429   393461281     33720    37963653   2737388    134986
34000000000000   023      4127    11259805        12       28999      1047      4134
34000000000000   029       722     2797425       386      657563     40676       953
34000000000000   025      5792    20959542       221      219138     10519      5852
34000000000000   062      2372     9231873         0           0         0      2372
34000000000000   162       999     3031679         8       10081       732      1003
34000000000000   005     19898    52498665       627     1334302     72205     20308
34000000000000   044     12159    32600151         0           0         0     12159
34000000000000   087       277      913514         1         280        28       277
34000000000000   079      1898     6291001         6        8610       293      1900
34000000000000   032      3955    14677093       207      234360     21644      4078
34000000000000   040     16682    49786516      1510     4016670    200840     17823
34000000000000   022      2415     7718441       236      345311     24974      2557
34000000000000   081       241      778430         0           0         0       241
34000000000000   061       922     2175804       164       86052      9890       978
34000000000000   059      3737    10946862       773     1086783     69325      4130
34000000000000   018     10632    61818504     10588    17382552    794671     15147
34000000000000   016     25421    81929445     18719    12277686   1473557     33795
34000000000000   021      2819     9084035       103      126103      6008      2853
34000000000000   089      4361    14962496       159      149163     10979      4426
35000000000000   000     13687    40938501      8115     5550873    520196     16643
35000000000000   023       627     1699831        90       62281      8336       674
35000000000000   029       188      492545       135       51880      2238       201
35000000000000   025       497     1658537        37       12599      1296       505
35000000000000   062       130      420583         0           0         0       130
35000000000000   162        92      227602         3        2171       148        93
35000000000000   005       587     1483684        35       27969      2983       603
35000000000000   044       926     2651700        32       38073      3149       944
35000000000000   079       428     1052173        53       27838      2353       441
35000000000000   032      1225     3437102       234       81964      6184      1260
35000000000000   040       990     2178393       193       57886      5948      1023
35000000000000   022       384     1050344        57       69900      5800       417
35000000000000   061       101      252258        32       21981      2295       114
35000000000000   059      1002     3249656       591      522569     84965      1485
35000000000000   018      1776     8433594      2243     3052845    186905      2838
35000000000000   016      3247     8120845      4202     1387085    196509      4365
35000000000000   021       282      802630        38       23756      1655       292
35000000000000   089      1205     3727024       140      110076      9432      1258
36000000000000   000    112801   410456129     65756    61624254   4469304    138230
36000000000000   023      7965    33728968       595      872303     59972      8307
36000000000000   029       782     3011177       140      111101     10268       840
36000000000000   025      2498    10842083       438     1103978     58775      2831
36000000000000   062      1437     6595349         0           0         0      1437
36000000000000   162      1224     3690295        14       26780      1981      1235
36000000000000   005     17143    60851429        67      128771      7381     17185
36000000000000   044      6782    26082033       470      588121     45504      7041
36000000000000   079      2552    10711310       221      250822     27598      2709
36000000000000   032      3562    15852002       309      369939     27876      3720
36000000000000   040      9490    26301985      3075     6405829    361701     11545
36000000000000   022      2140     8002965       548      550387     39099      2362
36000000000000   061       584     2033386       236      317616     23991       720
36000000000000   059      3380    10936715       866     1241233     89206      3887
36000000000000   018     15319    81481656     21379    26064622   1253947     22463
36000000000000   016     30795    80308524     36862    22832841   2419289     44554
36000000000000   021      2388     9880815       181      306349     14315      2471
36000000000000   089      4760    20145437       355      453562     28401      4923
37000000000000   000     58232   180418430     24108    17972472   1423534     66380
37000000000000   023      1763     5408278       103      142525      8772      1811
37000000000000   029       866     2922768       157      197033     17723       967
37000000000000   025      2597     9476234       213      244745     16856      2692
37000000000000   062      1005     3630320         0           0         0      1005
37000000000000   162       807     2189655        93       86681      7311       848
37000000000000   005      5927    16536165       269      306653     20310      6042
37000000000000   044      2816     8043940        87       89261      6243      2852
37000000000000   079      5759    15272901       559      551758     51726      6053
37000000000000   032      5676    16337046       311      428458     27764      5832
37000000000000   040      2471     6319392       275      311750     28761      2634
37000000000000   022      1229     3620123       162      163679     12962      1303
37000000000000   081        72      215377         5        4683       593        75
37000000000000   061       842     1971498       411      251552     32509      1027
37000000000000   059      1840     5214104       953      784357     67203      2221
37000000000000   092       479     2144794         6        9068       752       483
37000000000000   018      6141    30526995      5314     6689076    294323      7829
37000000000000   016     13442    37015946     14786     7307004    801502     18048
37000000000000   021      2084     6065271       151      138007     11238      2148
37000000000000   089      2416     7507623       253      266182     16986      2510
38000000000000   000     47209   164481029     21202    19388022   1430842     55339
38000000000000   023      3846    13611248       419      560327     43397      4092
38000000000000   029      1062     3639324       231      389159     20734      1180
38000000000000   025      2813     9901600       453      849538     50178      3099
38000000000000   062       804     2813040         0           0         0       804
38000000000000   162       843     2801177       141      115340      5296       873
38000000000000   005      4751    16344894       194      402424     23304      4883
38000000000000   044      3297    11191190       287      561302     38856      3518
38000000000000   001        17       62062         0           0         0        17
38000000000000   079      5938    18758847       268      748393     28598      6100
38000000000000   032      2525     8376763       308      584824     28997      2689
38000000000000   040      3211     9221203      1999     4283041    331945      5097
38000000000000   022      2064     8001178       255      404701     30424      2237
38000000000000   061       408     1203681        24       53476      4224       432
38000000000000   059      2553     8477059       424      519842     40405      2783
38000000000000   018      4693    22357227      5081     4850603    314058      6477
38000000000000   016      5677    18207770     10725     4681548    447330      8219
38000000000000   021      1018     3517480       218      198289     11721      1084
38000000000000   090       171      532983         5        5301       350       173
38000000000000   089      1518     5462303       170      179914     11025      1582
39000000000000   000    137616   511551492     55675    56385735   3281571    157121
39000000000000   023      7009    25120057       649      978278     90312      7554
39000000000000   029      2987     9439538      1402     2584968    131972      3771
39000000000000   025      2813    14733452        50      114521      7804      2860
39000000000000   062      4470    19709896         0           0         0      4470
39000000000000   162      1167     5154221         3        8958       427      1170
39000000000000   005     16023    54816277       454      898324     70016     16445
39000000000000   044     12849    42395826       642     1459570     92547     13398
39000000000000   001        37      142551         0           0         0        37
39000000000000   087        82      379376         0           0         0        82
39000000000000   079     12549    44196473       231      670144     31339     12738
39000000000000   032      1538     6006156        15       21946      1318      1547
39000000000000   040     12861    36764169       849     1281186     58810     13215
39000000000000   022      3674    13323070       558     1198529     79901      4155
39000000000000   061       903     3123872      1344     2525760    182803      2004
39000000000000   059      6365    24312836      1484     2591177    112698      7035
39000000000000   018     13194    87171527     10611    22223802    813104     17918
39000000000000   016     27807    85554374     35702    18388187   1486863     36701
39000000000000   021      3418    12277232       185      347699     23772      3561
39000000000000   090      2776     7773686      1087      412842     43381      3037
39000000000000   089      5094    19156903       409      679844     54504      5423
40000000000000   000     18032    72875691      6480     5258903    342210     20091
40000000000000   023       838     2995363         7        9110       443       841
40000000000000   029       640     2113958       253       77083      1939       652
40000000000000   025      1138     4762721        42       67514      2193      1152
40000000000000   062       215     1452827         0           0         0       215
40000000000000   162        84      337423         5        8660       353        86
40000000000000   005      1772     7944509         5        7966       217      1773
40000000000000   044       884     3418714         8       13846       677       888
40000000000000   001       164      615809         1        1689       100       165
40000000000000   079      1526     6526531        43       84263      4184      1553
40000000000000   032      1362     5632666        60       56743      1888      1373
40000000000000   040      1247     5326479        17       34465      1284      1254
40000000000000   022       516     2058338        21       62185      2245       530
40000000000000   081       110      521687         0           0         0       110
40000000000000   080       235      863526         5       10439       476       238
40000000000000   061        71      215203         3        3751       430        74
40000000000000   059       534     2220199        28       32569      2531       548
40000000000000   094       668     2511460        38       77317      5948       702
40000000000000   012       370     1577789        88       87493      6255       406
40000000000000   112       102      310345        64       62227      5641       134
40000000000000   018      1735     7785741      2543     2779234    135295      2564
40000000000000   016      2171     6871274      3069     1418141    150558      3057
40000000000000   021       506     2331089       124      304104     16840       616
40000000000000   089      1144     4482040        56       60104      2713      1160
41000000000000   000     71068   210572526     20535    15722193   1222914     78367
41000000000000   023      2028     6930500        40       71359      3112      2046
41000000000000   029       577     1958382       492      396789     31965       770
41000000000000   025       679     2798040         7        5916       416       682
41000000000000   062      1386     4451364         0           0         0      1386
41000000000000   162      1725     4101950        12       18300       670      1729
41000000000000   005      8177    20067342         4        7704       238      8179
41000000000000   044      4883    12646426         9       12910       490      4886
41000000000000   087       590     2392858         1        1184        93       591
41000000000000   079      4989    12458548        21       28694      1094      4995
41000000000000   032      7101    19724178       177      381947     10224      7161
41000000000000   040      8107    16981012       226      460002     27649      8266
41000000000000   022      1341     3764680         4        5624        64      1341
41000000000000   061       652     1621221         7        3396       425       654
41000000000000   059      2118     6118621       161      139849     14923      2208
41000000000000   092      1716     7591950        19       61060      2451      1730
41000000000000   018      8317    41259864      8686     8532210    522806     11453
41000000000000   016     12603    33190900     10635     5547253    604604     16202
41000000000000   021      2778     8293232        22       30448      1084      2784
41000000000000   089      1301     4221458        12       17548       606      1304
42000000000000   000     11504    34948505      4631     2895739    288964     13146
42000000000000   023       324      980405        16       17759      1522       333
42000000000000   029       310      933831        58       39341      3254       328
42000000000000   025       492     1637273        84       84249      7034       532
42000000000000   062       178      614201         0           0         0       178
42000000000000   162        97      228124         3        2635       266        99
42000000000000   005       773     1939349        52       63354      5333       804
42000000000000   044       983     2968454       144      130916     12283      1053
42000000000000   079       954     2312939        90      115416     10955      1016
42000000000000   032       559     1681388        95      175043     10246       617
42000000000000   040       854     2096667       142      181278     15321       941
42000000000000   022       276      627160         4        6609       523       279
42000000000000   061       123      306685        20       15757      1758       133
42000000000000   059       735     2125577       325      145669     16473       829
42000000000000   018      1307     7199585      1031     1033008     82461      1776
42000000000000   016      2199     5513593      2425      757128    110612      2827
42000000000000   021       369      965334        41       40222      3672       389
42000000000000   089       971     2817940       101       87355      7251      1012
43000000000000   000     71725   214754531     25709    25494752   2075923     83892
43000000000000   023      2634     8540383        53       68494      5691      2668
43000000000000   029       789     2467638        63       75608      4194       814
43000000000000   025      1990     8233437        11       22210       768      1994
43000000000000   062      1192     4302642         0           0         0      1192
43000000000000   162       759     1835874         5        3636       360       761
43000000000000   005      6771    15728516        60       94794      5134      6802
43000000000000   044      4485    11225842         5         350        14      4485
43000000000000   079      5557    14327218         4        2652       266      5559
43000000000000   032      2936     8559095       126      195335     14182      3019
43000000000000   040      9067    27572802       356      937518     56549      9389
43000000000000   022      1385     3741590       157      210290     17496      1490
43000000000000   061       913     1721814        87       51996      8218       963
43000000000000   059      2932     8348581       659      750098     76019      3374
43000000000000   018      8797    43619552      7632     9786390    547042     12026
43000000000000   016     16800    41211554     16251    13142312   1328152     24569
43000000000000   021      2076     5894383       169      109007      8816      2128
43000000000000   089      2642     7423610        71       44062      3022      2659
44000000000000   000    242140   795693116     69728    73635742   4872779    269833
44000000000000   023      9196    30281174       275      359658     24105      9333
44000000000000   029      1944     6812293       664      649089     46151      2206
44000000000000   025      5162    20806757        84      172810      9736      5218
44000000000000   062      2049     7841026         0           0         0      2049
44000000000000   162      1666     4486714        28       29022      2240      1679
44000000000000   005     45193   108822993       606      667919     56517     45514
44000000000000   044     15333    46437031       533      973924     40605     15564
44000000000000   079     20874    55096660       157      239782     15454     20962
44000000000000   032     11938    38163485       841     1513965     82679     12408
44000000000000   040     29635    89236109      1979     3624184    209627     30827
44000000000000   022      4963    14331278        77      105209      7356      5005
44000000000000   061       964     2363844       181      154623     19587      1075
44000000000000   059     10584    35562705      3222     4008285    192818     11680
44000000000000   012        13       41209         0           0         0        13
44000000000000   018     20912   133391258     22255    32923682   1544515     29690
44000000000000   016     50386   165124538     37549    26557129   2500424     64591
44000000000000   021      4550    14792956       607     1010295     66525      4929
44000000000000   089      6778    22101086       670      646166     54440      7090
45000000000000   000     41630   139361728     19362    15688966   1320729     49135
45000000000000   023      1558     5165181       269      257415     27674      1715
45000000000000   029       186      893649        91      109134      8827       237
45000000000000   025      1476     5360249       228      357988     18451      1580
45000000000000   062       408     1557987         8        5083       246       409
45000000000000   162       352     1292473       152      234377     10439       411
45000000000000   005      3063     9107879       299      246608     21638      3186
45000000000000   044      1778     6403087        71      106489      7899      1823
45000000000000   079      3090     9380565       370      538462     36604      3299
45000000000000   032      1797     5910844       267      427305     21737      1921
45000000000000   040      5517    15230170       458      397285     37876      5732
45000000000000   022       745     2311691        70       99462      6580       782
45000000000000   061       253      791330        71       69508      7572       296
45000000000000   059      1044     3657086       211      218895     15828      1134
45000000000000   018      4168    26928764      3009     3316690    168673      5126
45000000000000   016     13150    35123544     12364     8047043    827046     17848
45000000000000   021      1169     3882350       864      798067     62470      1524
45000000000000   090       220      530590       258      128904     16756       315
45000000000000   089      1656     5834289       302      330251     24413      1797
46000000000000   000     12711    43779596      2517     2920620    172551     13724
46000000000000   023       571     1966185         9       17456      1446       579
46000000000000   029       476     1528432       204      474939     27928       635
46000000000000   025       546     2094565        53      108024      6314       581
46000000000000   062       281     1641816         0           0         0       281
46000000000000   162        88      271007         0           0         0        88
46000000000000   005       956     3186677        18       37691      3142       974
46000000000000   044      1005     3843004        11       27854      1630      1014
46000000000000   079      1132     3833823        55      131539      7718      1176
46000000000000   032       528     1929627       110      246790     12445       599
46000000000000   040       162      502084         5       12553       642       166
46000000000000   022       306     1007140        12       29781      1827       316
46000000000000   061       124      457999         5       13924       660       128
46000000000000   059       525     2044425        65      217275      8393       575
46000000000000   018      1224     6713003       417      601877     23250      1364
46000000000000   016      3195     7217131      1369      738297     61287      3564
46000000000000   021       518     1843051        49       82963      5025       548
46000000000000   090        54      189111         1         784        73        54
46000000000000   089      1020     3510516       134      178873     10771      1082
47000000000000   000    103593   354087358     47194    42857987   3041197    120885
47000000000000   023      4059    13890316       741      939808     79542      4511
47000000000000   029       518     2163120       580      900621     53942       835
47000000000000   025      3387    13453108       461      626768     22962      3518
47000000000000   062      1822     7815254         0           0         0      1822
47000000000000   162       737     2099816       146      147620      7578       780
47000000000000   005     14990    39287458       396      450376     37584     15203
47000000000000   044     10314    31450304       421      545882     42794     10557
47000000000000   087       134      516512         0           0         0       134
47000000000000   079      2070     6815342       173      321284     18950      2177
47000000000000   032      4786    15958220       577      716534     54010      5093
47000000000000   040     12749    36109794      1223     2050495    111874     13384
47000000000000   022      1201     3959642       462      688782     58038      1531
47000000000000   061       620     1797812       649      477252     47970       893
47000000000000   059      3351    10839928       695      594490     57398      3678
47000000000000   018     13112    74197265     13306    17395510    823839     17793
47000000000000   016     22806    68114707     25126    14623704   1424565     30902
47000000000000   021      2640     9481536       621      708682     51088      2930
47000000000000   090       722     2038494       993      832026     90372      1235
47000000000000   089      3575    14098730       624      838153     58691      3909
48000000000000   000     95344   360380284     53740    50209621   3359537    114441
48000000000000   023      2525     9796963       193      376388     20499      2640
48000000000000   029      1460     5162244       172      152342     10756      1522
48000000000000   025      1800     9065866       192      376088     17360      1899
48000000000000   062      1003     4808624         0           0         0      1003
48000000000000   162      1249     4400494         0           0         0      1249
48000000000000   005      8469    26205658       694      933930     55986      8787
48000000000000   044      6571    28781990       663     1036632     65018      6940
48000000000000   079      8612    31295924       629     1128748     60612      8956
48000000000000   032      4830    16108145       797     1429970     82175      5297
48000000000000   040      7847    29579877      2662     6098716    217858      9084
48000000000000   022      3438    13180040       972     1690322    105152      4036
48000000000000   081       151      567180        15       53444      1693       161
48000000000000   061       586     1821322       128      189975     10160       643
48000000000000   059      4610    17212894       740     1164241     85468      5097
48000000000000   018     10656    50665612     12308    18184398    644387     14318
48000000000000   016     23050    80842776     29792    13701952   1760842     33056
48000000000000   021      2796    10255602      2868     2351692    129770      3540
48000000000000   090       508     1531334       546      740786     57514       835
48000000000000   089      5183    19097739       369      599997     34287      5378
49000000000000   000     33706    95612580      9385     6692320    502873     36732
49000000000000   023      2264     5465082        42       42096      3816      2286
49000000000000   029       267      804070       293      756043     22045       406
49000000000000   025      1197     3707853        23       26909      2593      1212
49000000000000   062       609     2272586         0           0         0       609
49000000000000   162       343      690424        11        6060       794       348
49000000000000   005      2919     5802228        14       16050      1494      2928
49000000000000   044      4974    13532784        17       17276      2391      4988
49000000000000   001         2       10551         0           0         0         2
49000000000000   087         3       11867         0           0         0         3
49000000000000   079      3209     6972166         0           0         0      3209
49000000000000   032       692     2340204         0           0         0       692
49000000000000   040      1639     3257140        66       85888      6620      1677
49000000000000   022       736     1890572        39       38734      4044       760
49000000000000   081        12       34212         0           0         0        12
49000000000000   061       429      832564       315      160548     26484       579
49000000000000   059      2191     6287324       240      188094     20192      2311
49000000000000   094         8       22006         0           0         0         8
49000000000000   018      3080    15208732      3555     3503547    176560      4144
49000000000000   016      5687    16002266      4477     1615149    217461      6999
49000000000000   021      1337     4025192       203      163484     10594      1402
49000000000000   090        59      149900         5        4574       572        62
49000000000000   089      2049     6292857        85       67868      7213      2095
50000000000000   000     55391   220355819     42160    40739643   2740730     70962
50000000000000   023      2511     9219256       641      927260     65484      2882
50000000000000   029       987     3825197       306      696910     31652      1168
50000000000000   025      1846    10033325       342      787784     34430      2041
50000000000000   062       616     2509509         0           0         0       616
50000000000000   162       290      953807        29       31231      2604       305
50000000000000   005      8475    27227522       938     1871520    100673      9045
50000000000000   044      1867     7257864       223      250372     15843      1957
50000000000000   079      1170     3946497       358      529689     35969      1375
50000000000000   032      1728     6763204       592      976139     54077      2036
50000000000000   040      3259    10309034      1413     2063672    119672      3939
50000000000000   022       885     3059525        65      139116      7528       927
50000000000000   061       154      512317       117      144804      9545       208
50000000000000   059      2178     7404959      1012     1361200     88588      2680
50000000000000   018      7743    44870780      9171    10374104    605244     11182
50000000000000   016     15172    57766411     25299    18295259   1434299     23322
50000000000000   021      1074     4153495       259      327143     19488      1185
50000000000000   089      5436    20543117      1395     1963440    115634      6094
51000000000000   000     10083    30978033      3461     2650798    224195     11353
51000000000000   023       482     1459554         8       14362       693       485
51000000000000   029        84      295500       188      295673     20797       202
51000000000000   025       374     1358271        33       37428      1907       384
51000000000000   062       170      700009         0           0         0       170
51000000000000   162        30      103650         0           0         0        30
51000000000000   005       953     2502879         5        6450       569       956
51000000000000   044      1713     5294111       104      116508     11411      1778
51000000000000   079       870     2559168        97      126239     10520       930
51000000000000   032       466     1554233       110      194368     13949       545
51000000000000   040       895     1897817        11        2108       211       896
51000000000000   022       261      781953        41       69373      3553       281
51000000000000   061        86      246648         6        7643       520        89
51000000000000   059       647     2174993        17       18842      1349       655
51000000000000   018       767     3670775       803      751996     46999      1034
51000000000000   016      1480     3980752      2006      980250    108917      2099
51000000000000   021       176      541046         4        3814       347       178
51000000000000   090        29       78363         0           0         0        29
51000000000000   089       600     1778311        28       25744      2453       612
