01000000000000   000     74360   252332276     27761    26592864   1937970     85518
01000000000000   023      2599     8730321        77       77889      9738      2655
01000000000000   029       564     2043894        94      110294      6774       603
01000000000000   025      3389    12579899        75      131381      5751      3421
01000000000000   062       614     2613107         0           0         0       614
01000000000000   162       585     1635593         0           0         0       585
01000000000000   005      4728    15339754         8        9828      1187      4735
01000000000000   044      4053    11428002        76       57936      6731      4091
01000000000000   087       403     1205795         1        1000        40       403
01000000000000   079      3787    10559445        28       40246      2714      3802
01000000000000   032      5146    15612488       454      440418     58210      5477
01000000000000   040     11270    33522988      1430     2348971    119663     11950
01000000000000   022      1286     3845738        37       24398      3188      1304
01000000000000   061       551     1258146       280      202853     29809       720
01000000000000   059      2089     6570856       197      185072     26879      2241
01000000000000   018      8852    51210118      8690    11529212    530254     11927
01000000000000   016     19160    57375060     15674    10891444   1074852     25352
01000000000000   021      2620     8595710        98       76712      7829      2665
01000000000000   090       644     1538889         6        9407       762       648
01000000000000   089      2020     6666473       536      455803     53589      2325
02000000000000   000     22577    92458702      5675     5768768    388829     24837
02000000000000   023       993     4120532        29       46963      2429      1007
02000000000000   029       602     2288574        40       49876      2897       620
02000000000000   025      1173     5200231        94      160461      7155      1216
02000000000000   062       255     1507853         0           0         0       255
02000000000000   162       195      643921        70       21109      1685       205
02000000000000   005      1747     7097696        36       49229      3984      1771
02000000000000   044      2964    12831115        29       39583      2807      2981
02000000000000   079      1685     5855379       170      210259     19976      1806
02000000000000   032       725     3091224        46       79624      3960       749
02000000000000   040       232      969319        18       32801      2532       247
02000000000000   022       443     1621588         5        7221       374       445
02000000000000   061        83      300561         3        3999       228        84
02000000000000   059      2241     8736385       115      162034      9834      2298
02000000000000   012      1884     7797092       651      580830     46254      2163
02000000000000   112       834     2110860       604      598211     46122      1112
02000000000000   018       938     5821184      1036     1107928     32577      1123
02000000000000   016      2565     9530019      2646     2533237    200810      3706
02000000000000   021       418     1602202        38       23501      1712       428
02000000000000   089      2600    11332967        45       61902      3493      2621
03000000000000   000     55119   188301079     26315    22424242   1804636     65372
03000000000000   023      3643    10915596        32       65992      3049      3659
03000000000000   029       585     1994268       166      217331     14478       668
03000000000000   025      1258     5602067        78      158442      7578      1302
03000000000000   062      1122     4442309         0           0         0      1122
03000000000000   162       889     3268415         1        1559       122       890
03000000000000   005      9102    28820196        70      180268      6633      9140
03000000000000   044      2980     9585548         0           0         0      2980
03000000000000   079      5592    14443276       161      176061     16408      5685
03000000000000   032      2379     7997730        30       69238      3036      2396
03000000000000   040       718     2296155        68      134315      5378       749
03000000000000   022      1903     4736530         9       11878       903      1908
03000000000000   061       345      962506       163      102818     14526       428
03000000000000   059      1913     6943534       849      860653     65979      2288
03000000000000   092        10       51064         0           0         0        10
03000000000000   018      4953    27973064      6906     8410271    540404      8024
03000000000000   016     11654    40713144     17140    11345548   1080494     17792
03000000000000   021      2756     7365533       467      509806     34526      2952
03000000000000   089      3317    10190144       175      180062     11122      3379
04000000000000   000     49343   150067878     14191     9075233    834231     54087
04000000000000   023      1842     5136641        38       35589      4163      1866
04000000000000   029       611     2112469        59      126902      8354       659
04000000000000   025      1348     4594121       107      274126      9416      1402
04000000000000   062       517     1697770         0           0         0       517
04000000000000   162       537     1363426         4        7483       485       540
04000000000000   005      4231     9927118         7       15150       587      4234
04000000000000   044      3751     9927175        46       65074      1683      3761
04000000000000   079      3788     9565916        28       56617      2507      3803
04000000000000   032      4589    12088145       213      281220     21012      4710
04000000000000   040      4306    11562225       165      243602     10355      4365
04000000000000   022       945     2898383       269      312760     31611      1124
04000000000000   061       636     1398675       200      126581     20603       753
04000000000000   059      1758     4692827       429      252527     33165      1947
04000000000000   018      5393    30410233      3730     3376245    227302      6685
04000000000000   016     10323    28423015      7938     3080596    409667     12651
04000000000000   021      2488     7308259       773      592824     35668      2689
04000000000000   089      2280     6961480       185      227937     17653      2381
05000000000000   000    332326  1625783254    149557   200454928  10033931    389345
05000000000000   023     20123    79774585      3559     5288727    383935     22304
05000000000000   029      3865    18549304       392      922071     28361      4035
05000000000000   025      3943    23245183       379      756841     29079      4108
05000000000000   062      7924    50057579       543      533810     11102      7987
05000000000000   162      5231    19724329       751      757272     42243      5472
05000000000000   005     48114   222447809      3013     7468633    371195     50223
05000000000000   044     21130   116966726       997     3277113    123117     21830
05000000000000   087        74      313704        16       17757       942        79
05000000000000   079      3664    15258151       281      630645     29595      3832
05000000000000   032     11151    52808872      1513     3344396    134544     11916
05000000000000   040     34285   147365532      8360    18392701    738782     38483
05000000000000   022     17432    69515051      2399     5450158    299046     19131
05000000000000   081       389     1924552        63      198169      7372       431
05000000000000   061      2270     9415779      1563     2404369    178544      3284
05000000000000   059     12068    57080517      3656     5201008    425424     14485
05000000000000   018     19946   140757725     26376    44320042   1694253     29572
05000000000000   016     80167   367781760     91177    90433271   5130643    109318
05000000000000   021      4339    18365374       588     1055539     52048      4634
05000000000000   089     36211   214430722      3931    10002406    353706     38221
06000000000000   000     50041   220793553     34600    49125097   3056634     67406
06000000000000   023      2050     8918699       149      220494     12133      2118
06000000000000   029       422     1501540       137      299477     19570       533
06000000000000   025      2992    13502945       786     1866998     92481      3518
06000000000000   062       760     4421937         7       21769       855       764
06000000000000   162       423     1782168         1        2151        80       423
06000000000000   005      6587    25694194        78      215428     10530      6646
06000000000000   044      3034    12397063       171      373054     19820      3147
06000000000000   079      1834     7635797       406      752246     39588      2059
06000000000000   032      1061     5306838       149      387238     16276      1154
06000000000000   040      3201    11190945       793     1467596     73505      3619
06000000000000   022       894     3832031        91      148424      9104       946
06000000000000   061       241     1055008        83       62412      3979       264
06000000000000   059      1301     6095905       256      421497     18412      1405
06000000000000   018      9887    57441080      9040    14276486    792793     14392
06000000000000   016     12888    49178959     21785    27546541   1891897     23636
06000000000000   021      1043     4204529       563      888018     46796      1309
06000000000000   089      1423     6633915       105      175268      8815      1473
07000000000000   000     53825   241598941     16954    22825872   1037106     59967
07000000000000   023      2432     9813745        75      192253      8492      2481
07000000000000   029       996     4226716       232      836618     34561      1191
07000000000000   025      4503    16635422       168      415512      7815      4547
07000000000000   062      1267     6565478         0           0         0      1267
07000000000000   162       477     1914641        29       54540      2967       494
07000000000000   005      7466    30214575        85      260080      9369      7520
07000000000000   044      3628    15298877         0           0         0      3628
07000000000000   001        34      196716         0           0         0        34
07000000000000   079      4265    17920928       214      607017     25689      4411
07000000000000   032      2097     9127910        93      265267      9725      2152
07000000000000   040      9127    44237719      2056     5068027    212951     10337
07000000000000   022       818     3390969        34      117419      4049       841
07000000000000   081        50      244291         8       20229       932        56
07000000000000   061       141      529232         5       12292       753       145
07000000000000   059       529     2196777        52       69807      2041       541
07000000000000   018      3888    26262066      6121     9072283    348398      5983
07000000000000   016      7226    32305429      7339     4951493    323168      9193
07000000000000   021      2729    11369080       268      573839     29931      2899
07000000000000   089      2152     9148370       175      309196     16265      2247
08000000000000   000     21509    77263238      7878     7763905    487794     24455
08000000000000   023       672     2270357        68       31775      3057       691
08000000000000   029       233      852458       116      216310      9610       288
08000000000000   025      1468     4917499        21       34198      1748      1477
08000000000000   062       616     3019633         0           0         0       616
08000000000000   162       296      882723         6       10882       709       301
08000000000000   005      2759     8893824        86       58231      5237      2789
08000000000000   044      1585     4706433        32       46937      3325      1605
08000000000000   087       251      871800         0           0         0       251
08000000000000   079      1504     4625181       157      215969     15884      1600
08000000000000   032      1844     6563138       211      324974     21009      1971
08000000000000   040      1709     5099769       223      379978     21717      1840
08000000000000   022       298      848046        14       25200      1807       309
08000000000000   081        99      298928        13        9500       981       105
08000000000000   061       168      458708       115       97214     10030       229
08000000000000   059       410     1404503       125       92926      8730       463
08000000000000   094       578     2088114        38       75477      6007       612
08000000000000   018      1572     9704786      2810     3565667    179409      2654
08000000000000   016      3652    13038960      3669     2396113    182701      4761
08000000000000   021       358     1592136        13       32035      1687       369
08000000000000   089      1437     5126242       161      150519     14146      1524
10000000000000   000    169974   560633924     41484    43665736   2971442    186861
10000000000000   023      6588    22110116       213      175650     23036      6719
10000000000000   029      2068     7653949        37       48963      2941      2084
10000000000000   025     17974    65521158       421      818660     38758     18196
10000000000000   062      2075     7260175         0           0         0      2075
10000000000000   162      2277     7578996        27       28651      2329      2290
10000000000000   005     26570    72989965        28       45281      2565     26585
10000000000000   044      8362    28423572        34       42159      3066      8379
10000000000000   087         0           0         6        5125       240         1
10000000000000   079     13205    34529843        98      128440      8101     13251
10000000000000   032     20401    58176931      1186     2122220    166923     21350
10000000000000   040      4882    13432614        39       63737      3103      4900
10000000000000   022      2810     7650989        28       41706      2573      2825
10000000000000   061      1420     2863809        46       29422      4345      1445
10000000000000   059      9655    26738326      2100     1853660    134699     10421
10000000000000   094       560     2007071        33       33875      3520       580
10000000000000   018     14541    95885785     17026    21141255   1065701     20596
10000000000000   016     25157    74913276     19868    16783903   1485903     33600
10000000000000   021      3476     9525197        48       47322      3748      3498
10000000000000   089      7953    23372152       246      255707     19891      8066
11000000000000   000    107390   350248105     37614    33375792   2439575    121255
11000000000000   023      4643    15628984        37       52154      1896      4654
11000000000000   029       758     2657132       605     1210645     69575      1153
11000000000000   025      2513    11273847        30       53358      1508      2522
11000000000000   062      1222     4229191         0           0         0      1222
11000000000000   162      1084     3326533        19       20306      1860      1095
11000000000000   005     19182    48055794       558      867162     54912     19494
11000000000000   044      6052    16249102        28       15240       692      6056
11000000000000   087       610     2277290         0           0         0       610
11000000000000   079      8794    23261734       135      198706     13932      8873
11000000000000   032      4503    14420973       229      257925     24448      4641
11000000000000   040      8067    20053706       146      282482     14215      8147
11000000000000   022      2236     6499692        31       16904      1596      2245
11000000000000   061      1283     3022245      2587     2973502    313977      3067
11000000000000   059      4212    12639794       918      790903     70826      4617
11000000000000   018     12067    68346789     13387    13790378    672049     15890
11000000000000   016     24001    77755778     18388    11924093   1148643     30526
11000000000000   021      2834     9811086       349      797688     38715      3054
11000000000000   089      3329    10738435       167      124346     10731      3389
12000000000000   000     51642   170208366     19573    16471214   1023437     57458
12000000000000   023       645     2248896         5        2378       388       647
12000000000000   029       480     1788430        83      217088      8495       528
12000000000000   025      2254     8398168        59       86540      2924      2270
12000000000000   005      2400     8193576        22       54930      1780      2410
12000000000000   044       867     3147056        18       14948      1342       875
12000000000000   001      1051     3036788        20       20412      1562      1060
12000000000000   087       216      694542         1         642        76       216
12000000000000   079       808     2669630        23       35638      3448       828
12000000000000   032      2406     8322368        96      162604      7204      2447
12000000000000   040      3776    12054860       430      880970     37028      3988
12000000000000   022       421     1218782        32       61090      3216       439
12000000000000   061       134      398282       160       95458     15896       224
12000000000000   059      1027     3961014       297      230150     17247      1125
12000000000000   012     20100    62061806      6982     5026212    278644     21683
12000000000000   112      4854    12470240      4262     2031362    169564      5817
12000000000000   018      2110    11142998      1510     2573932     91168      2628
12000000000000   016      3837    14051094      5218     4753952    360285      5884
12000000000000   021       140      482882         2        3804       160       141
12000000000000   052       482     1387596       240      137426     16004       573
12000000000000   089      3634    12479358       113       81678      7006      3675
13000000000000   000     17732    58102630     11736    10869650    938964     23320
13000000000000   023      1311     4229057       193      180039     19773      1422
13000000000000   029       146      547293       253      431074     23124       276
13000000000000   025       436     2017266        13       20384      1187       442
13000000000000   062       258     1067830         0           0         0       258
13000000000000   162       183      528608        48       46720      4003       206
13000000000000   005      1673     4587402        47       70472      5340      1703
13000000000000   044      1623     4959749       140      207582     21839      1747
13000000000000   079      1556     4709636       161      209463     20749      1674
13000000000000   032       975     3318702       154      204299     11558      1042
13000000000000   040       823     2169875       268      158633     15345       910
13000000000000   022       518     1790610       233      219264     33363       707
13000000000000   061       160      463308        55       48473      5300       190
13000000000000   059      1512     5148344       715     1046366     83122      2010
13000000000000   018      1986     8814348      2195     2675621    165595      2989
13000000000000   016      3231     9431303      6747     4910683    486009      6162
13000000000000   021       408     1344755       167      199636     21116       527
13000000000000   090       109      313580       112       88606      9680       164
13000000000000   089       824     2660964       235      152335     11861       891
14000000000000   000    113387   444621027     47983    41048639   3496919    133916
14000000000000   023      5254    18225755       227      308245     23984      5392
14000000000000   029      1941     8529745        27       42170      1765      1951
14000000000000   025      3049    19021089        65      119940      3918      3072
14000000000000   062      2325    11672984         1        1186       110      2326
14000000000000   162      1856     7458664        35       36406      1406      1864
14000000000000   005     13862    52289914        15       40030      1354     13870
14000000000000   044      7306    31469565      1188     3004152    141788      8159
14000000000000   087        79      371052         3        6010       316        81
14000000000000   079     10704    39972776       131      244496     10428     10766
14000000000000   032      2788    11929386        53      136490      5256      2819
14000000000000   040     11857    39886428       640     1333091     65360     12251
14000000000000   022      1932     8024480       508     1343863     67409      2338
14000000000000   061       614     2147812        81      165346     10142       675
14000000000000   059      2882    11142900      1219     1436786    190027      3965
14000000000000   018     12241    62297522     14763    15715904    651296     16115
14000000000000   016     25461    83836509     28749    16641899   2297480     38887
14000000000000   021      2310     8688291        83      252265     11641      2381
14000000000000   089      6926    27656155       195      220360     13239      7004
15000000000000   000     75606   246117725     34975    31364166   2650760     90788
15000000000000   023      2581     7554477       165      194410     12831      2658
15000000000000   029       508     1478489       170      202481      9625       565
15000000000000   025      1223     6210169        42       65745      4340      1249
15000000000000   062      1205     5090776         0           0         0      1205
15000000000000   162       794     2068287         0           0         0       794
15000000000000   005      8192    21531475         4        6850       326      8193
15000000000000   044      4271    11143312         0           0         0      4271
15000000000000   087        33      140410         1         784        77        33
15000000000000   079      5458    13562771        58       48732      4760      5487
15000000000000   032      1703     5577456         9        8515       474      1706
15000000000000   040      4269    10675976       111      115191      9616      4328
15000000000000   022      1338     3590313       211      209925     16291      1436
15000000000000   061        92      248635         3         432        53        92
15000000000000   059      2368     7502683       735      570299     58275      2709
15000000000000   018     13633    72686205     12455    19864256   1375113     21457
15000000000000   016     25116    68465750     20805     9946390   1146324     31708
15000000000000   021      1138     3542990       139       71906      7099      1181
15000000000000   089      1684     5047551        67       58250      5556      1716
16000000000000   000     40978   173016711     24454    31184971   2078399     52795
16000000000000   023      1200     4694124        78      131028     10492      1260
16000000000000   029       397     1868024       413      602023     46314       661
16000000000000   025      2117     8836253       189      468343     24352      2255
16000000000000   062       611     2893043         0           0         0       611
16000000000000   162       289     1114601         6        3042       197       291
16000000000000   005      3086    11058571       167      364791     18856      3195
16000000000000   044      2531     9243474         1        4227       133      2532
16000000000000   079      2596     8988001        58      118683      6364      2633
16000000000000   032       396     1705810        38       45553      2681       411
16000000000000   040      5676    23076281      2768     5247902    248811      7089
16000000000000   022       758     2360490         4        4786       278       760
16000000000000   061       104      393065         7        7043       797       109
16000000000000   059      1689     6621213       482      371259     36438      1896
16000000000000   018      3786    29052987      6894    15026172    791194      8282
16000000000000   016     11632    45521482     12940     8128011    852038     16473
16000000000000   021      1100     4270126        81      118813      7133      1142
16000000000000   089      3010    11319166       328      543295     32321      3195
17000000000000   000     37870   129229275     18000    13820435   1061922     43908
17000000000000   023      2047     5839803        71      117288      9211      2101
17000000000000   029       517     1371899       188      491641     25948       665
17000000000000   025      2022     6645775       184      154183     10566      2083
17000000000000   062       583     2167812         0           0         0       583
17000000000000   162       497     1353380        12       12987       857       501
17000000000000   005      3507     9227120        26       30753      1916      3520
17000000000000   044      3555    10241656       159      150414     13463      3632
17000000000000   079      2569     7244649       143      189080     14246      2650
17000000000000   032      1019     3376413        35       43113      2037      1031
17000000000000   040      2212     5524472       371      166609      8193      2258
17000000000000   022       118      310288         7        9139       714       122
17000000000000   061       547     1278483        11        6215       713       551
17000000000000   059       814     2599754       121       89053      8934       866
17000000000000   018      4160    26120489      3591     4732493    231812      5478
17000000000000   016      9684    34030995     12725     7333731    713337     13737
17000000000000   021       571     1884357        70       79476      3535       590
17000000000000   089      3448    10011930       286      214260     16440      3540
18000000000000   000     70162   231430301     24304    19535771   1464385     78828
18000000000000   023      2886     9080624       238      251492     26798      3047
18000000000000   029      1057     4722366       501     1063888     46020      1336
18000000000000   025      4258    14390926       842     1357848    110160      4922
18000000000000   062       967     3600110         2        4710       266       969
18000000000000   162      1222     3754718        18       31506      2096      1234
18000000000000   005      3766     9714978       135      115926      1974      3778
18000000000000   044      5361    16283344       171      307574     16080      5458
18000000000000   079      6908    19660926       151      193428     15040      6999
18000000000000   032      2017     6546990        61       67348      3690      2040
18000000000000   040      5289    16327110       464     1151837     63502      5656
18000000000000   022      1094     3293262       117      179006     13442      1175
18000000000000   061      1509     3235290       137      110268     15622      1603
18000000000000   059      3353    10063403       874      857065     86612      3859
18000000000000   018      7222    40454593      5994     7237581    417330      9690
18000000000000   016     15188    42561772     13312     5454443    577387     18588
18000000000000   021      4053    14100684      1076     1003606     59006      4408
18000000000000   089      4012    13639205       211      148245      9360      4066
19000000000000   000     82111   260405652     26332    17819009   1421078     90189
19000000000000   023      2356     7077519       374      288601     37407      2568
19000000000000   029      1338     4326267       376      449739     30514      1512
19000000000000   025      1715     7366444        53       33736      2931      1732
19000000000000   062      1011     3771403         0           0         0      1011
19000000000000   162       640     1152759         3        1275        97       641
19000000000000   005      7855    22265917       488      432173     32754      8041
19000000000000   044      5396    15548530        13       12285      1787      5407
19000000000000   087       383     1341321         6        9734       598       386
19000000000000   079      5227    14446971        33       65373      2108      5239
19000000000000   032      3680    12118716       143       98745      6594      3717
19000000000000   040     17240    48940229      1294     2217588     84801     17722
19000000000000   022       947     2668313       110       84298      7273       988
19000000000000   061      1034     2648430       338      262365     33602      1225
19000000000000   059      4535    14013736      1076      745342     74743      4959
19000000000000   018      7990    44362271      5379     5660582    341607      9929
19000000000000   016     14891    40189170     15289     6347629    675300     18729
19000000000000   021      3191    10168676       827      638867     44915      3447
19000000000000   089      2682     7998980       530      470677     44047      2936
20000000000000   000     19051    66173120      6953     7292660    488739     21830
20000000000000   023      1132     3635424        77      145035      9109      1184
20000000000000   029       357     1436519       237      536679     30905       533
20000000000000   025       685     2848435        74      110669      6090       720
20000000000000   062       376     1864569         5       14874       644       380
20000000000000   162       212      624842         2        3979       290       214
20000000000000   005      1243     4139595       111      247103     14374      1326
20000000000000   044      2457     8009135        89       91478      6958      2497
20000000000000   087        61      186837        16       22180      1709        71
20000000000000   079      2034     5879991        56       96639      5579      2065
20000000000000   032      1288     4694524        93      213919     10944      1350
20000000000000   040       633     2185016        83      171940      9000       683
20000000000000   022       468     1545853        39       73013      4025       490
20000000000000   061       143      465281        33       41046      2710       158
20000000000000   059      1138     4073632       238      429061     23568      1272
20000000000000   012        26       93659        13       15742      1227        33
20000000000000   112         6       12773        36       42002      3270        25
20000000000000   018      1411     6741171       567      708307     31140      1589
20000000000000   016      3889    12416702      5102     4167369    318131      5697
20000000000000   021       265      930507        17       42157      2094       277
20000000000000   090        56      148768         2        1450       124        57
20000000000000   089      1171     4239887        63      118018      6848      1209
21000000000000   000     83186   317728074     14913    25719010   1508912     91762
21000000000000   023      3594    13552211       137      299838     18416      3698
21000000000000   029      1209     5023931       314      544307     17450      1308
21000000000000   025      3877    13342010       478      865680     66639      4256
21000000000000   062      1600     8174770         0           0         0      1600
21000000000000   162       859     3026252        29       75575      3919       881
21000000000000   005     11780    40496118       286      600531     43120     12027
21000000000000   044      4740    16121340         0           0         0      4740
21000000000000   001       514     1866112         3        8710       263       515
21000000000000   087       293     1278060         0           0         0       293
21000000000000   079      7123    23362548       130      253142     18638      7230
21000000000000   032      6316    22775776       871     1511667    111159      6948
21000000000000   040      5094    17237427       580      767295     47277      5363
21000000000000   022      1031     3818813       121      271193     18031      1133
21000000000000   061       477     1907698       231      255365     30299       649
21000000000000   059      2091     8475031       124      203538      8065      2137
21000000000000   094      2133     9051197       239      313392     28394      2294
21000000000000   018      9130    53947556      3721     9348122    346564     11099
21000000000000   016     11871    38944952      6624     8549687    633217     15469
21000000000000   021      1935     7734217       244      583767     30093      2107
21000000000000   089      7519    27592055       781     1267201     87368      8015
22000000000000   000     80802   338288573     27553    33418109   1725477     91064
22000000000000   023      4134    17578801       330      916429     35604      4349
22000000000000   029      1834     5705980       292     1092748     28111      1996
22000000000000   025      8794    38158663       507     1230467     24622      8943
22000000000000   062      4999    24623351        39       73054      2166      5012
22000000000000   162       570     2265542         8       16580       626       574
22000000000000   005      6840    29527840        78      184170      8571      6892
22000000000000   044      3739    17282932       166      460331     19065      3848
22000000000000   001      1115     6231017       158      240369     11954      1183
22000000000000   087       159      784889         7       10135       735       163
22000000000000   079      6254    25829363       646     1653158     76727      6715
22000000000000   032      7079    27221939      1212     2251443    114123      7767
22000000000000   040      6882    22532039       911     2100608     87816      7383
22000000000000   022      1447     5614168       205      443030     25036      1598
22000000000000   081         3       17205         0           0         0         3
22000000000000   080       888     4445440        36      125017      5000       916
22000000000000   061       798     2653551        55       71696      3618       819
22000000000000   059      1144     5176694        98      141629      6096      1181
22000000000000   091       522     2542324        22       59299      2573       536
22000000000000   012        55      231222         0           0         0        55
22000000000000   112        33      115135        12        8983       500        36
22000000000000   018      6064    33055904      9806    14426763    622451      9779
22000000000000   016     12908    45624194     12699     7162631    632980     16672
22000000000000   021      1051     4806084        94      262775      8423      1102
22000000000000   089      3490    16264296       172      486794      8680      3542
23000000000000   000    108819   458327219     64241    66510896   4969584    137062
23000000000000   023      3952    16944526      1067     2654026    152334      4818
23000000000000   029      1712     6245555        18       68723      2566      1727
23000000000000   025      1848     9118547        44       95007      4364      1873
23000000000000   062      2296    10823921         0           0         0      2296
23000000000000   162      1056     4196542        93      149221      8092      1102
23000000000000   005     18448    68370185       278      884168     40616     18679
23000000000000   044      2457    10104470       281      730368     38606      2676
23000000000000   079      9845    36882911       495      926947     79046     10294
23000000000000   032      1403     5947746       228      368237     17833      1504
23000000000000   040      8952    32850270      3528     7129709    480261     11681
23000000000000   022      1077     4185199       138      316894     19899      1190
23000000000000   061       228      886350       128      273486     14287       309
23000000000000   059      4298    17166281       994     1118770     85375      4783
23000000000000   012       622     2014484       130      172623     12868       696
23000000000000   112       189      458436        72       63764      6315       226
23000000000000   018     13862    92882130     14347    23616542   1298919     21244
23000000000000   016     30338   113906658     41474    25945607   2604788     45140
23000000000000   021      1143     4826504       276      778702     37444      1356
23000000000000   089      5093    20516504       650     1218102     65971      5468
24000000000000   000     62245   277327947     29899    33251713   2284386     75220
24000000000000   023      2434    10174028       151      282457     23225      2566
24000000000000   029      1128     4475843       133      331778     16577      1222
24000000000000   025      2221    11150295       542     1452829     66198      2596
24000000000000   062       523     2950914         0           0         0       523
24000000000000   162       403     1529128        26       44681      3104       421
24000000000000   005      3694    13976949       145      333016     18388      3799
24000000000000   044      4964    20916982       202      321508     22514      5092
24000000000000   079      1620     6456239      1133     2193646    182083      2654
24000000000000   032      2101     9553596       233      521904     27343      2256
24000000000000   040      3306    13698680      1320     2935563    233595      4633
24000000000000   022      1178     4722015       129      288956     14688      1261
24000000000000   080       669     3518728        10       29243      1279       676
24000000000000   061       527     2146817       159      193514     13335       603
24000000000000   059      2873    12313328       707     1077664     81373      3336
24000000000000   094      2240     9172828       479      940884     40696      2471
24000000000000   018      9861    51043494      9269    10111714    510295     12757
24000000000000   016     15113    68903266     14576    11022039    966852     20609
24000000000000   021      3967    15591676       500      747372     40827      4198
24000000000000   089      3423    15033141       185      422945     22014      3547
25000000000000   000     50424   147689863     14735    10356395   1028982     56269
25000000000000   023      1203     3675042        40       41967      4412      1228
25000000000000   029       474     1657664        79      103863      5716       507
25000000000000   025       626     3198446        62       81094      4627       652
25000000000000   062       663     2014407         0           0         0       663
25000000000000   162       526     1274408         0           0         0       526
25000000000000   005      4147     8757204        26       32000      3133      4165
25000000000000   044      3254     8086090        12       15096      1224      3261
25000000000000   087        58      207928         0           0         0        58
25000000000000   079      2825     6227650         0           0         0      2825
25000000000000   032      2962     8114081        79      178499      9117      3013
25000000000000   040     11667    26537900       560     1306421     71054     12071
25000000000000   022       781     2184080       333      588804     47806      1052
25000000000000   061       310      595869        97       46643      5731       343
25000000000000   059      2964     7715052       786      512309     49374      3242
25000000000000   018      5191    28119473      1883     2094296    143554      6006
25000000000000   016      8545    27442653     10666     5200852    671895     12362
25000000000000   021      1516     4210178        51       70630      5605      1549
25000000000000   090       123      298915         0           0         0       123
25000000000000   089      2589     7372823        61       83921      5734      2623
26000000000000   000     81836   233199158     24890    18132419   1596470     90912
26000000000000   023      2491     6422787       309      137504     18955      2599
26000000000000   029       820     2342154       263      588737     35443      1021
26000000000000   025      4017    13428980       327      390814     16866      4112
26000000000000   062      1307     4523988         0           0         0      1307
26000000000000   162      1063     2507850        98       71700     10200      1121
26000000000000   005     11462    24767347       500      422429     29697     11630
26000000000000   044      6302    19146170       454      402212     29824      6471
26000000000000   079      7786    17290710       533      492380     43050      8030
26000000000000   032      3359     8500672       223      296290     18745      3465
26000000000000   040     11769    29761613      1426     1764511    119510     12448
26000000000000   022       622     1645666        23       18046      2004       633
26000000000000   061       574     1424828       350      226762     20693       692
26000000000000   059      2437     6989139       562      525811     52813      2737
26000000000000   018      7951    37396127      7407     6917061    486309     10716
26000000000000   016     13134    38019479     11821     5309126    679337     16999
26000000000000   021      2080     5484682       400      400000     15286      2167
26000000000000   089      4662    13546966       194      169036     17738      4764
27000000000000   000     15391    49834417      9169     8111187    581081     18700
27000000000000   023       975     2720300        85       89095      8978      1026
27000000000000   029       391     1242924       270      436320     41140       626
27000000000000   025       414     1505174       109      203345      9487       468
27000000000000   062       204      659168         0           0         0       204
27000000000000   162       213      681998        31       45985      3758       234
27000000000000   005      1066     3068746        47       70390      4335      1091
27000000000000   044      2128     7338744       112      140923      9600      2183
27000000000000   079      1361     3955604       205      294622     23497      1494
27000000000000   032       796     2310480       124      142872     12834       870
27000000000000   040       498     1342211       155      130214     13063       572
27000000000000   022       707     2179833        26       35749      2679       723
27000000000000   061        63      189974        42       15764      1585        72
27000000000000   059      1234     4082797       262      253965     23109      1366
27000000000000   018      1435     7058281      1824     2820134    102095      2018
27000000000000   016      2510     7073902      5665     3153563    302733      4232
27000000000000   021       375     1115081       110      133941     11519       440
27000000000000   090        16       43751         3        2872       286        18
27000000000000   089      1005     3265449        99      141433     10383      1063
28000000000000   000     28056    84281750     10910     8662198    957576     33500
28000000000000   023       553     1653264         9       14698       916       557
28000000000000   029       231      744244       106      110602      8101       278
28000000000000   025       677     2717336        68       52533      4499       703
28000000000000   062       509     1786356         0           0         0       509
28000000000000   162       230      634628        10        9263       837       234
28000000000000   005      2440     6638632        52       59239      4906      2468
28000000000000   044      2153     5552085        11       17891      1160      2160
28000000000000   001        26       84621         1        2221       177        27
28000000000000   079      2730     6400982       127       43206      6758      2769
28000000000000   032       755     2247267        91      141268     11061       818
28000000000000   040      4170    11195915      1044     1757443    161908      5090
28000000000000   022       237      756117         7        9401       645       241
28000000000000   061       234      625107       138      104452     15540       322
28000000000000   059      1557     4360583       758     1094560    103477      2145
28000000000000   018      2780    14129346      1143     1372545     81172      3242
28000000000000   016      5927    16650552      6907     3682509    540782      8999
28000000000000   021       542     1856063        65       34514      3771       564
28000000000000   089      2305     6248652       373      155853     11866      2374
29000000000000   000     21525    81327933     10845     8378708    562256     24716
29000000000000   023      1201     4080959        39       51115      2147      1214
29000000000000   029      1209     5047271        26       38155      2331      1222
29000000000000   025       626     3268761        26       54751      1355       633
29000000000000   062       392     2220131         0           0         0       392
29000000000000   162       378     1495816         1        1023        83       378
29000000000000   005      3080    11843535        66      143081      4064      3103
29000000000000   044      1712     6234157         4        1810       128      1713
29000000000000   079      1143     3702310         9       17012       651      1147
29000000000000   032      1063     4259375        45       86600      2663      1079
29000000000000   040       986     3863496        99      237943      8546      1035
29000000000000   022       482     1653324         5        8112       320       484
29000000000000   061       174      615202        10       17630       737       178
29000000000000   059      1106     4070155       393      354810     18575      1212
29000000000000   091        14       80439         1        3615       144        15
29000000000000   092        14       80439         1        3615       144        15
29000000000000   018      1890    10166169      2069     2974207    150174      2743
29000000000000   016      3974    10103101      7990     4301436    366981      6059
29000000000000   021       134      551245         7       15557       445       137
29000000000000   089      1947     7992048        54       68236      2768      1957
30000000000000   000     17451    59376424      8861     7781189    483519     20359
30000000000000   023       537     1594342        44       32910      5158       567
30000000000000   029       308     1005102        93      111259      7517       353
30000000000000   025       932     3340934         1        1255       120       933
30000000000000   062       278     1248437         0           0         0       278
30000000000000   162       119      377297        16       17050      1430       128
30000000000000   005      1430     4687740        62       99616      5724      1464
30000000000000   044      1830     5440478       278      260663     22773      1967
30000000000000   087         3        9855         4        4047       328         5
30000000000000   079      1398     4162579        85      110109      4694      1425
30000000000000   032      1014     3511842        87      102411      6991      1057
30000000000000   040       805     2371500        76      120648      1862       816
30000000000000   022       384     1133340        49       55952      3770       407
30000000000000   061        80      227134       237      136602     19151       195
30000000000000   059       527     1652567       184      169985     12839       604
30000000000000   018      1369     6462200      1864     2800890     65105      1761
30000000000000   016      3899    13981377      5081     3242304    270048      5526
30000000000000   021       335     1075891        12       14174      1171       342
30000000000000   090       297      874105       360      241359     29495       475
30000000000000   089      1906     6219704       328      259955     25343      2056
31000000000000   000    135557   614176926     33077    33327058   1818703    146698
31000000000000   023      4904    20398412       491      802949     63464      5265
31000000000000   029      1394     6608534        53       77158      4814      1422
31000000000000   025     14039    62968241       140      203810     11566     14105
31000000000000   062      1320     4558453        44       67976      4005      1343
31000000000000   162      2801    18197822         0           0         0      2801
31000000000000   005     10078    46383424        20       33113      1439     10086
31000000000000   044      6620    29520279       945      914670     77926      7063
31000000000000   087       112      484927         6        9819       961       117
31000000000000   079      6152    25620638       179      296514     16293      6244
31000000000000   032      3035    14438259        54      110408      4679      3062
31000000000000   040     15911    56036398      1589     1973878    128126     16646
31000000000000   022      1882     7105711       182      311585     21553      2004
31000000000000   081       629     3350891         1          89         9       629
31000000000000   061      1725     7189461      1073     1082006     83317      2202
31000000000000   059      2412    10646000       598      813472     28368      2580
31000000000000   091       120      464561         0           0         0       120
31000000000000   094     10014    44557265       827     1226941     83933     10491
31000000000000   012     11319    63289842      1704     2454676    133855     12228
31000000000000   112      7090    17309872      1904     1535136    130855      7978
31000000000000   018      7102    55629235      6782     8728656    258082      8707
31000000000000   016     17437    75015421     15522    11618118    673780     21621
31000000000000   021      2862    13174460       647      648721     61372      3211
31000000000000   089      6599    31228820       316      417363     30306      6773
32000000000000   000     40269   119376838     15074    15259938   1041722     46325
32000000000000   023      1707     5488789       146      191897     22525      1835
32000000000000   029       208      848426         9       13918      1180       216
32000000000000   025      2610     8765083       115      181957     12574      2682
32000000000000   062       462     1691290         0           0         0       462
32000000000000   162       171      629460         0           0         0       171
32000000000000   005      4070    11602182        72      126665     11019      4133
32000000000000   044      2320     6377327         0           0         0      2320
32000000000000   001         6       23732         0           0         0         6
32000000000000   079      1468     3974834       107      181110     17747      1569
32000000000000   032      2370     6391663       262      352071     20473      2490
32000000000000   040      4988    14432768      2207     5260736    251147      6422
32000000000000   022       510     1341449         3        8037       407       512
32000000000000   061       677     1809481        73      133617      9567       731
32000000000000   059      1677     5305833       156      166105     19615      1789
32000000000000   018      3950    13923087      3257     3624950    173580      4969
32000000000000   016      9985    27741990      8513     4838578    486073     12835
32000000000000   021      1199     3676018       119      133074     11665      1266
32000000000000   089      1891     5353426        35       47223      4150      1917
33000000000000   000    229745  1011908272     48853    55368463   3092113    248150
33000000000000   023     13093    50650925       413      997271     46369     13366
33000000000000   029      4574    17440846      1058      887344     66981      4955
33000000000000   025     18464    99157648       740     1889769     90362     18977
33000000000000   062      4505    26544897         0           0         0      4505
33000000000000   162      1568     5361972       163      145706     13335      1644
33000000000000   005     33332   143003025       419     1001142     44617     33585
33000000000000   044     11877    46560167      1024      962069     83771     12352
33000000000000   001       128      484738        14       28000      1771       138
33000000000000   087       654     3054951        23       48822      2365       668
33000000000000   079      6292    24337728       585     1147070     69460      6688
33000000000000   032      9117    41920792       441     1135766     50421      9406
33000000000000   040     42235   167282050      5805    12250854    561536     45453
33000000000000   022      8327    32535635       114      279149     16669      8423
33000000000000   061      1815     6695923      1045     1672246    137392      2596
33000000000000   059      3514    14203011        70      142793      8051      3560
33000000000000   092      1609    11268099        55      104836      6550      1646
33000000000000   094     15014    82311401       396      569451     46926     15281
33000000000000   018     13314    79071159     15703    16032056    801392     18231
33000000000000   016     24322    91048776     19881    14170603    955418     30171
33000000000000   021      4522    18570085       288      552171     30228      4694
33000000000000   089     11469    50404444       616     1351345     58499     11811
34000000000000   000    117279   386927587     34947    38870039   2461160    131265
34000000000000   023      3991    11228545        20       30920      1705      4001
34000000000000   029       706     2822893       509     1063113     73669      1124
34000000000000   025      5804    21760400       189      230765     10609      5865
34000000000000   062      2280     8923648         0           0         0      2280
34000000000000   162      1012     3021787         9       11757       823      1017
34000000000000   005     18912    49748497       508     1004355     25489     19057
34000000000000   044     11793    28468670         0           0         0     11793
34000000000000   087       274      909076         0           0         0       274
34000000000000   079      1846     6136932        12       18455       805      1851
34000000000000   032      3872    14621281       225      211002     21208      3992
34000000000000   040     15993    48790097      1352     1725329     89677     16504
34000000000000   022      2399     7438639       321      543012     39021      2621
34000000000000   081       243      877688        11       24744       824       248
34000000000000   061       872     2151901       174      129665     15936       963
34000000000000   059      3607    10707609       737      946945     50268      3894
34000000000000   018     10896    63757529     10337    18637398    824212     15578
34000000000000   016     25875    82029716     20271    13977105   1287927     33192
34000000000000   021      2702     8684270       100      172421      7088      2743
34000000000000   089      4202    14848409       172      143053     11899      4268
35000000000000   000     14154    43767133      8567     7557182    678312     18009
35000000000000   023       634     1845716        77       74473      8466       683
35000000000000   029       189      507466       232      742638     24626       328
35000000000000   025       488     1704862        40       14213      1487       496
35000000000000   062       125      423213         0           0         0       125
35000000000000   162        90      245988         6       10094       658        94
35000000000000   005       621     1560293        48       38968      3810       643
35000000000000   044       923     2742977        39       52505      3775       944
35000000000000   079       429     1076894        56       36897      3221       447
35000000000000   032      1253     3548020       230       88163      6071      1287
35000000000000   040       937     2144155       177       49554      6442       974
35000000000000   022       396     1069831        26       37626      3197       414
35000000000000   061       101      267093        34       28272      2641       116
35000000000000   059      1032     3498091       595      574189     90739      1549
35000000000000   018      1935     9152086      2266     3178529    202235      3084
35000000000000   016      3475     9113130      4561     2480143    308326      5228
35000000000000   021       279      842163        40       29148      2168       291
35000000000000   089      1247     4025155       140      121770     10450      1306
36000000000000   000    112056   421827274     65774    61461807   4365812    136871
36000000000000   023      8025    34969372       570      894173     58625      8359
36000000000000   029       783     3036420       137      116372      6882       822
36000000000000   025      2451    10980165       431     1026308     53239      2753
36000000000000   062      1451     6997675         0           0         0      1451
36000000000000   162      1234     3915809        13       28344      1824      1244
36000000000000   005     16607    61774886        59      133923      6729     16645
36000000000000   044      6857    27680890       378      505766     35880      7061
36000000000000   079      2690    11786900       212      243983     21567      2813
36000000000000   032      3527    16605314       325      400721     31515      3705
36000000000000   040      9342    26552537      3058     6621772    364473     11413
36000000000000   022      2080     7825814       522      560282     39234      2303
36000000000000   061       511     1844134       228      323459     24035       648
36000000000000   059      3147    10726134       851     1256184     87402      3644
36000000000000   018     15437    84449342     21345    25436761   1218805     22367
36000000000000   016     30934    81999131     37078    23088333   2370659     44408
36000000000000   021      2431    10479927       212      357322     17365      2529
36000000000000   089      4549    20202824       355      468104     27578      4706
37000000000000   000     57797   178198029     23806    17672557   1347368     65511
37000000000000   023      1683     5317327        96      133163      7968      1728
37000000000000   029       820     2752272       163      204103     17812       920
37000000000000   025      2510     9080016       187      297736     17328      2608
37000000000000   062       982     3863730        30       39660      2154       994
37000000000000   162       792     2342533        87       83149      7274       833
37000000000000   005      5615    15633131       232      252493     15921      5706
37000000000000   044      2821     8111048        58       63700      4301      2846
37000000000000   001         8       36210         0           0         0         8
37000000000000   079      6102    15784027       240      226974     22155      6228
37000000000000   032      5714    16519985       320      401446     24460      5852
37000000000000   040      2548     6662541        71       90456      6684      2585
37000000000000   022      1262     3668604       169      158114     13882      1341
37000000000000   081        72      219648         6        3782       458        75
37000000000000   061       732     1731962       330      298700     30017       904
37000000000000   059      1782     4857925       920      664341     55986      2099
37000000000000   092       488     2075270         2        3489       189       489
37000000000000   018      6173    30278116      5828     6982118    285607      7810
37000000000000   016     13372    36224561     14815     7511057    817450     18065
37000000000000   021      2007     5827110       113      104267      8223      2054
37000000000000   089      2314     7212013       139      153809      9499      2366
38000000000000   000     49504   180125512     24641    25007032   1323234     57022
38000000000000   023      3867    14000348       394      589598     42825      4110
38000000000000   029      1031     3682159       219      296779     17362      1130
38000000000000   025      2634     9463633       378      613617     31305      2811
38000000000000   062       650     2843124         0           0         0       650
38000000000000   162       511     1670964       146       95968      4149       535
38000000000000   005      4495    15697282       145      338958     14797      4579
38000000000000   044      3408    13247340        44      108417      7394      3450
38000000000000   001        16       55762         0           0         0        16
38000000000000   079      5391    17283584       328      783757     26582      5543
38000000000000   032      2477     8337941       262      456766     22546      2605
38000000000000   040      4011    12977708      2800     4691351    143562      4827
38000000000000   022      2082     8349295       300      523627     37409      2295
38000000000000   061       383     1185859        29       44559      3468       403
38000000000000   059      2471     9225257       418      705387     50780      2760
38000000000000   018      7148    31631811      7507     9338599    421481      9542
38000000000000   016      6348    20985209     11388     5988997    476687      9057
38000000000000   021       924     3319979       120      246666     12869       997
38000000000000   090       151      494468         6        7080       531       154
38000000000000   089      1506     5673789       157      176906      9487      1558
39000000000000   000    137238   530411323     53594    64252866   3779180    159463
39000000000000   023      6957    25835149       525      775908     55675      7293
39000000000000   029      3028     9831373      1120     2497070    120619      3743
39000000000000   025      2927    16085045        30       57938      3861      2950
39000000000000   062      4610    20807024         0           0         0      4610
39000000000000   162      1204     5501064         3        8393       401      1206
39000000000000   005     15862    56791408       449      804317     66420     16262
39000000000000   044     12823    43146405       749     1745434    108004     13473
39000000000000   001        39      160871         0           0         0        39
39000000000000   087        83      407615         0           0         0        83
39000000000000   079     12686    46042554       305      849297     37977     12914
39000000000000   032      1608     6526357        11       17261       860      1613
39000000000000   040     12413    36921589       916     1570146     71660     12839
39000000000000   022      3684    13783780       660     1535453    100850      4292
39000000000000   061       923     3314188       903     1573600    116975      1628
39000000000000   059      6302    25073906      1452     2817010    111718      6963
39000000000000   018     13016    87296689     10558    25772395    925792     18352
39000000000000   016     27961    92196862     34418    22983390   1956169     39474
39000000000000   021      3393    12686231        72      156180      6884      3436
39000000000000   090      2758     8308192      1042      424738     43381      3019
39000000000000   089      4961    19695021       381      664336     51934      5274
40000000000000   000     18042    75453871      6353     5226223    337712     20080
40000000000000   023       938     3593328         5       10082       498       942
40000000000000   029       656     2280013       263      113612      3704       680
40000000000000   025      1142     4960540        27       66362      2261      1157
40000000000000   062       209     1467362         0           0         0       209
40000000000000   162        83      349788         1         490        14        83
40000000000000   005      1749     8178899         5        8484       228      1750
40000000000000   044       839     3418717        12       29457      1700       849
40000000000000   001       164      625045         1        1714       100       165
40000000000000   079      1493     7046303        54       77450      4561      1519
40000000000000   032      1325     5816908        55       46747      1359      1333
40000000000000   040      1195     4987699        11       37459       861      1200
40000000000000   022       514     2074466        11       30881      1098       521
40000000000000   081       116      585106         0           0         0       116
40000000000000   080       242      924033         5       10060       474       245
40000000000000   061        66      206039         0           0         0        66
40000000000000   059       510     2204645        28       33058      2531       524
40000000000000   094       740     2649636        38       80333      6090       775
40000000000000   012       427     1870124        73       87635      6602       470
40000000000000   112        87      236568        81       81455      8717       143
40000000000000   018      1731     7917842      2514     2839993    136268      2566
40000000000000   016      2171     7009958      3041     1419102    147475      3038
40000000000000   021       540     2521312        84      189630     10397       608
40000000000000   089      1105     4529540        44       62219      2774      1121
41000000000000   000     69975   209379945     20780    16259068   1223126     77275
41000000000000   023      2077     7014678        69      109065      4508      2103
41000000000000   029       467     1588412       500      493765     36932       687
41000000000000   025       676     2818668         7        5958       416       679
41000000000000   062      1356     4401668         0           0         0      1356
41000000000000   162      1755     4114486        10       17736       590      1759
41000000000000   005      7899    19339172         1        2118        68      7899
41000000000000   044      4797    12564082         8       11734       430      4800
41000000000000   087       583     2236971         0           0         0       583
41000000000000   079      4994    12536614        16       19956       752      4998
41000000000000   032      6913    19371478       177      389683     10272      6974
41000000000000   040      7981    16647364       223      457549     27395      8139
41000000000000   022      1347     3854334         2        5812        64      1347
41000000000000   061       633     1574648         7        2398       371       635
41000000000000   059      1999     5801446       168      144852     16053      2095
41000000000000   092      1708     8023565        17       59785      2139      1720
41000000000000   018      8315    42003102      8855     8872905    520458     11439
41000000000000   016     12407    32689053     10689     5620374    600988     15984
41000000000000   021      2796     8651520        19       25018      1044      2803
41000000000000   089      1272     4148684        12       20360       646      1275
42000000000000   000     11375    35751003      4696     3172581    296363     13062
42000000000000   023       323     1009800        28       22718      1554       332
42000000000000   029       283      870308        51       61275      5402       314
42000000000000   025       513     1782572        91       94606      6609       551
42000000000000   062       172      662695         4        4678       257       173
42000000000000   162       102      266131         2         802        88       103
42000000000000   005       745     1986547        58       72378      5934       779
42000000000000   044       960     2907547       115      106292      9179      1012
42000000000000   079       967     2412434        70      104374      8537      1016
42000000000000   032       537     1698616       119      257083     12885       610
42000000000000   040       841     2126897       162      223578     17840       943
42000000000000   022       268      634238        12       16862      1346       276
42000000000000   061       128      330172        23       20785      2358       141
42000000000000   059       760     2299461       329      143542     16316       853
42000000000000   018      1291     7224630       998     1040031     79616      1744
42000000000000   016      2230     5832441      2503      880396    118230      2902
42000000000000   021       380     1017687        38       36491      3561       400
42000000000000   089       875     2688827        93       86690      6651       913
43000000000000   000     71823   220846723     25045    25578754   1993039     83495
43000000000000   023      2687     9031765        42       50211      3642      2708
43000000000000   029       803     2605822        40       45335      2398       817
43000000000000   025      2024     8645030         6        6198       416      2026
43000000000000   062      1094     4044016         0           0         0      1094
43000000000000   162       904     2391708         6        3442       444       907
43000000000000   005      6831    16347818        57       80430      4524      6858
43000000000000   044      4532    11957466         0           0         0      4532
43000000000000   079      5835    14758928         8       11074       588      5839
43000000000000   032      3100     9314174       124      154969      8664      3150
43000000000000   040      8967    28334422       368      969644     57897      9297
43000000000000   022      1403     3835250       192      243658     20208      1525
43000000000000   061       982     1897784        63       38896      5990      1018
43000000000000   059      3105     9143254       645      696314     71296      3518
43000000000000   018      8636    43965967      7658    10061055    546416     11863
43000000000000   016     16340    41242253     15583    13046913   1258557     23692
43000000000000   021      1866     5498306       188      129438      9778      1924
43000000000000   089      2714     7832760        65       41177      2221      2727
44000000000000   000    239121   808783857     64842    73132054   4678128    265748
44000000000000   023      9268    31022169       236      279976     18684      9374
44000000000000   029      2370     7815613       758      774952     52955      2712
44000000000000   025      5239    21299778        89      202495     11419      5305
44000000000000   062      2108     7714831         0           0         0      2108
44000000000000   162      1896     5138905        32       32445      2560      1911
44000000000000   005     45662   110424213       739      810415     67637     46046
44000000000000   044     15751    48764281       507     1128131     44638     16004
44000000000000   079     19957    53857503       149      249032     15953     20047
44000000000000   032     12283    39724235       830     1513301     79464     12737
44000000000000   040     29477    91483069      2071     4174584    240488     30845
44000000000000   022      4571    13607380        55       82394      5480      4602
44000000000000   061       988     2543946       184      121048     20764      1106
44000000000000   059     10315    36100249      3123     4380702    197479     11438
44000000000000   012        13       41827         0           0         0        13
44000000000000   018     18755   133186261     19635    31207497   1479549     27163
44000000000000   016     49272   168741062     35172    26603350   2344544     62593
44000000000000   021      4536    14977839       620     1031161     63989      4900
44000000000000   089      6660    22340696       642      540571     32525      6844
45000000000000   000     40834   138124872     18657    15016293   1203718     47674
45000000000000   023      1561     5155807       267      256199     28185      1721
45000000000000   029       184      835797       103      121697     10984       247
45000000000000   025      1411     5274592       232      422143     21211      1533
45000000000000   062       465     1615835         0           0         0       465
45000000000000   162       358     1229182        70       65091      5499       389
45000000000000   005      2983     8852220       282      210901     19862      3096
45000000000000   044      1780     6434419        51       82148      6339      1816
45000000000000   079      3031     8984687       361      528009     33187      3219
45000000000000   032      1795     5854514       293      431946     23873      1929
45000000000000   040      5463    15169778       365      371128     30795      5638
45000000000000   022       764     2389645        83      114581      7005       804
45000000000000   061       240      776145        55       53260      5717       272
45000000000000   059      1043     3749880       205      211791     15226      1130
45000000000000   018      4176    27529510      3100     3314869    172770      5158
45000000000000   016     12936    35393944     12147     7745124    735558     17114
45000000000000   021       795     2591041       480      624173     44858      1049
45000000000000   090       224      545233       268      146235     18263       328
45000000000000   089      1625     5742643       295      316998     24386      1766
46000000000000   000     12395    44700786      2714     3380047    195498     13538
46000000000000   023       549     1834811        14       32342      1692       558
46000000000000   029       487     1514028       199      481951     28108       647
46000000000000   025       548     2147042        51      102790      5588       579
46000000000000   062       292     1571851        23       22025      1694       302
46000000000000   162        88      281576         0           0         0        88
46000000000000   005       974     3211786        15       32400      1844       984
46000000000000   044      1044     3521808        13       38621      1849      1055
46000000000000   079      1125     3826262        60      156842      7454      1167
46000000000000   032       524     1968605       324      459817     33190       712
46000000000000   040       186      575970         7       16833       697       190
46000000000000   022       312     1038173        19       50882      2907       329
46000000000000   061       126      443331         5       16851       739       130
46000000000000   059       501     1952773        65      243144      8376       550
46000000000000   018      1283     7222629       437      659916     25396      1436
46000000000000   016      2719     7755286      1332      782021     60334      3083
46000000000000   021       535     1942345        55      103863      5821       569
46000000000000   090        57      199592         1        1014        93        58
46000000000000   089      1045     3692918        94      178735      9716      1101
47000000000000   000    100269   348750236     45378    42226004   2733270    115818
47000000000000   023      3809    13028184       315      360344     33586      4000
47000000000000   029       510     2069052       280      531420     30198       686
47000000000000   025      3319    12918760       383      544062     20456      3439
47000000000000   062      1860     7957120         0           0         0      1860
47000000000000   162       738     2074728       156      159706     13084       812
47000000000000   005     13778    36338474       269      307784     23830     13914
47000000000000   044     10128    34438500       810     1027740     79662     10581
47000000000000   087       137      591956         5         442        44       137
47000000000000   079      2028     6678898       148      266840     14888      2113
47000000000000   032      4755    16101410       487      576290     42637      4997
47000000000000   040     12574    35839190      1179     2027706    106102     13178
47000000000000   022      1240     4087508       542      832920     68052      1627
47000000000000   061       595     1669543       631      427484     43805       844
47000000000000   059      3034     9684063       345      357132     29777      3204
47000000000000   018     12709    72546543     13922    18978645    788965     17194
47000000000000   016     22215    67821703     23869    13534082   1253169     29339
47000000000000   021      2612     9002802       553      618824     34140      2806
47000000000000   090       736     2064178       943      927092     99210      1300
47000000000000   089      3492    13837624       541      747491     51665      3787
48000000000000   000     93492   362894629     52598    51482492   3353554    112606
48000000000000   023      2582    10063500       232      498688     25131      2726
48000000000000   029      1285     4743814       221      514086     23618      1419
48000000000000   025      1752     9225735       190      377200     15818      1844
48000000000000   062       983     5099582         0           0         0       983
48000000000000   162      1229     4682804         0           0         0      1229
48000000000000   005      8763    28860766       571      875976     51808      9058
48000000000000   044      6369    27840972       727     1349556     82152      6835
48000000000000   079      8243    30967254       850     1617620     85830      8731
48000000000000   032      4729    16794890      1047     1815342    104543      5323
48000000000000   040      7503    29005985      2882     6558448    239154      8861
48000000000000   022      3642    13079651       914     1572925     87748      4141
48000000000000   081       147      570668        15       54826      1711       157
48000000000000   061       531     1840940       144      206208     17122       628
48000000000000   059      4654    17717728       691     1096772     76995      5091
48000000000000   018     10633    52310376     12347    18813122    644228     14302
48000000000000   016     23260    83024164     29884    13783442   1758090     33289
48000000000000   021      1780     6950352       964      810470     45677      2050
48000000000000   090       475     1488144       479      729692     55816       792
48000000000000   089      4932    18627304       440      808119     38113      5147
49000000000000   000     34721   102052266      9139     6239256    415970     37215
49000000000000   023      2359     6086338        33       43350      3720      2381
49000000000000   029       266      818834       307      691407     21207       400
49000000000000   025      1320     4201766        30       49118      2516      1335
49000000000000   062       616     2243530         0           0         0       616
49000000000000   162       343      717351        11        6296       794       348
49000000000000   005      3028     6121990        14       16290      1494      3037
49000000000000   044      5374    15359648        42       66014      5240      5403
49000000000000   001         2       10709         0           0         0         2
49000000000000   087         3       12045         0           0         0         3
49000000000000   079      3130     7159050        25       35316      3736      3152
49000000000000   032       821     2281332        33       36920      3692       842
49000000000000   040      1544     3407094       150      190012     19474      1656
49000000000000   022       729     1926248        68       67712      6104       766
49000000000000   081        13       37990         0           0         0        13
49000000000000   061       419      836906       311      157820     26042       567
49000000000000   059      2200     6802160       185      161132     17142      2301
49000000000000   094         8       22336         0           0         0         8
49000000000000   018      3208    16087087      3387     3024611    114675      3898
49000000000000   016      5783    16901472      4239     1456905    172691      6825
49000000000000   021      1357     4310533       187      133644      8204      1406
49000000000000   090        59      154164         1         240        24        59
49000000000000   089      2139     6553683       116      102469      9215      2197
50000000000000   000     55579   226339917     41644    41909033   2720524     71040
50000000000000   023      2689    10342477       692     1005517     72667      3101
50000000000000   029       947     3745800       275      696617     31043      1123
50000000000000   025      1846    10144615       287      773710     34593      2050
50000000000000   062       615     2461501         0           0         0       615
50000000000000   162       286      940172        24       25705      2196       298
50000000000000   005      8721    28146493       949     2056202    106255      9325
50000000000000   044      1801     7125602       237      281851     18903      1908
50000000000000   079      1141     3892488       332      558384     35261      1341
50000000000000   032      1537     6222740       599      947917     50135      1822
50000000000000   040      3184    10052725      1358     2017333    114685      3835
50000000000000   022      1034     3718047        46       65922      3288      1052
50000000000000   061       154      520002       117      146976      9545       208
50000000000000   059      1935     7121748      1018     1444426     82050      2400
50000000000000   018      7803    46928374      9175    10611603    604042     11235
50000000000000   016     15450    60442495     24999    18814024   1420890     23523
50000000000000   021      1059     4048214       269      376912     21116      1179
50000000000000   089      5377    20486424      1267     2085934    113855      6025
51000000000000   000     10742    34427782      3561     2815222    240044     12103
51000000000000   023       521     1903313         8       15887       693       524
51000000000000   029        97      383055       183      263921     19092       205
51000000000000   025       468     1826831        27       30495      2340       481
51000000000000   062       167      725060         0           0         0       167
51000000000000   162        82      296408         0           0         0        82
51000000000000   005       964     2853085         4        6675       347       966
51000000000000   044      1747     5714460       119      178293     16600      1841
51000000000000   079       909     2233957        84      100129      9584       964
51000000000000   032       488     1752340       113      212795     14518       571
51000000000000   040       893     2025758       115       66812      9373       946
51000000000000   022       252      755748        40       74373      3467       272
51000000000000   061       107      274721         6        7898       520       110
51000000000000   059       794     2522011        19       24361      1533       802
51000000000000   018       779     3964437       803      779068     47971      1052
51000000000000   016      1502     4299212      2006     1015539    111170      2134
51000000000000   021       195      646748         5        5707       434       197
51000000000000   090        31       97222         0           0         0        31
51000000000000   089       746     2153416        29       33269      2402       758
