01000000000000   000     73906   256614142     27255    28365167   2040781     85647
01000000000000   023      2546     8749278        67       60424      6925      2586
01000000000000   029       550     2096456        91      107336      6252       585
01000000000000   025      2964    11945513       105      148316      2950      2980
01000000000000   062       636     2862399         0           0         0       636
01000000000000   162       595     1726284         0           0         0       595
01000000000000   005      4713    14963808         5        4317       421      4715
01000000000000   044      4254    11630266        91       73903      8059      4300
01000000000000   087       471     1844501         1        1200        40       471
01000000000000   079      4324    12857356        36       56647      3496      4344
01000000000000   032      5009    15380311       436      458687     55173      5323
01000000000000   040     10615    32533397      1615     2912256    140344     11412
01000000000000   022      1208     3638764        34       23141      3011      1225
01000000000000   061       556     1327457       248      184041     26841       709
01000000000000   059      2070     6662074       218      211194     20145      2184
01000000000000   018      9009    52459265      8467    11766603    525918     12056
01000000000000   016     19104    59265960     15290    11826502   1182190     25908
01000000000000   021      2659     8695083        82       58954      5850      2692
01000000000000   090       642     1436200         6       10149       817       647
01000000000000   089      1981     6539770       463      461497     52349      2279
02000000000000   000     22579    93684753      5542     5654556    358366     24657
02000000000000   023       934     3957801        22       34529      1790       946
02000000000000   029       606     2349427        43       59242      3512       628
02000000000000   025      1182     5272871        74      123642      5414      1215
02000000000000   062       273     1638695         2         699        55       273
02000000000000   162       193      652828        54       21175      1628       203
02000000000000   005      1758     7125480        29       36395      2710      1775
02000000000000   044      2947    13056098        23       36033      2450      2962
02000000000000   079      1674     5958182       126      155876     15011      1764
02000000000000   032       658     2886988        24       45165      2079       671
02000000000000   040       248     1015434        19       34659      2825       264
02000000000000   022       429     1573954         3        3256       205       430
02000000000000   061        74      274653         2        2685       145        75
02000000000000   059      2237     8964759       114      166139     10367      2297
02000000000000   012      1866     7322003       582      477607     34439      2071
02000000000000   112       887     2282085       756      597759     39791      1126
02000000000000   018       915     5715634      1006     1123926     31812      1096
02000000000000   016      2554     9773169      2582     2646272    199147      3686
02000000000000   021       418     1664687        23       16924      1146       425
02000000000000   089      2726    12200005        58       72573      3840      2750
03000000000000   000     55884   192573002     26473    23435900   1783896     66026
03000000000000   023      3659    11075016        37       64827      3616      3680
03000000000000   029       581     2028105       166      274230     15870       672
03000000000000   025      1243     5882088        96      200925     10128      1300
03000000000000   062      1122     4613338         0           0         0      1122
03000000000000   162       891     3396959         1        1612       124       892
03000000000000   005      9867    27923331        54      148320      4959      9895
03000000000000   044      2875     9157093         0           0         0      2875
03000000000000   079      5285    13982524       101      159353      9983      5349
03000000000000   032      2374     8331666        41       87229      4386      2399
03000000000000   040       722     2276103        48       99187      4497       748
03000000000000   022      1711     4211210        12       15972      1266      1718
03000000000000   061       380     1030335       127       70292      9173       432
03000000000000   059      2478     9482093       861     1081413     72158      2888
03000000000000   092         9       50832         0           0         0         9
03000000000000   018      5140    29571158      7262     9179827    538298      8198
03000000000000   016     11655    42046326     17038    11320443   1062906     17694
03000000000000   021      2666     7341850       470      561858     35717      2869
03000000000000   089      3226    10172975       159      170412     10815      3286
04000000000000   000     49281   154242924     14396     9818488    831186     54005
04000000000000   023      1855     5272682        38       39511      4670      1881
04000000000000   029       640     2289408        10       14530       970       647
04000000000000   025      1245     3480928       115      311479     10623      1305
04000000000000   062       512     1887069         0           0         0       512
04000000000000   162       543     1438432         4        3193       294       545
04000000000000   005      4476    10613759         0           0         0      4476
04000000000000   044      3555    10649958        43       29818       743      3559
04000000000000   079      3639     9356700       153      207078     14041      3719
04000000000000   032      4516    12339160       202      268169     18755      4623
04000000000000   040      4213    11712387       236      350523     19014      4321
04000000000000   022       885     2809480       231      249198     24410      1023
04000000000000   061       621     1408487       242      147665     22636       750
04000000000000   059      1759     4792713       413      263973     35228      1957
04000000000000   018      6074    33918283      4304     4336032    254671      7524
04000000000000   016     11081    31022086      8175     3332823    404543     13381
04000000000000   021      1316     3960488        44       47463      3064      1333
04000000000000   089      2351     7290904       186      217033     17524      2449
05000000000000   000    327744  1670278308    146096   220532627  11493583    393057
05000000000000   023     19383    77985781      3819     5951397    387867     21587
05000000000000   029      3669    17830084       390      947193     32035      3865
05000000000000   025      3979    23995090       423      977937     33687      4171
05000000000000   062      7920    48608716       542      551579     11017      7983
05000000000000   162      5331    19926550       664      642493     35326      5532
05000000000000   005     47441   226937475      2975     8575749    396866     49696
05000000000000   044     20118   114214931       921     2876539    123723     20820
05000000000000   079      3487    15170996       274      669654     34645      3683
05000000000000   032     10748    56151806      1376     4527436    184915     11797
05000000000000   040     34263   156334597      8424    19903495    826951     38962
05000000000000   022     18593    72498754      2259     4615613    253360     20033
05000000000000   081       360     1827285        60      190536      7085       400
05000000000000   061      2244     9581353      1482     2362653    166478      3189
05000000000000   059     11661    56135533      2862     4360924    372422     13776
05000000000000   018     20139   147722301     26316    44946134   1784332     30278
05000000000000   016     79304   390000678     88754   106573809   6415133    115753
05000000000000   021      4216    18133763       553      974984     49572      4497
05000000000000   089     34888   217222615      4002    10884502    378169     37035
06000000000000   000     49003   217929060     34097    48586734   2930575     65652
06000000000000   023      2020     8994598       140      225635     11424      2085
06000000000000   029       428     1542896       164      396094     25218       571
06000000000000   025      2924    13139602       794     1824379     86499      3415
06000000000000   062       756     3736019         7       21850       826       760
06000000000000   162       420     1505723         1        2159        77       420
06000000000000   005      6202    23892494        82      205355      9589      6257
06000000000000   044      3030    12259510       163      351113     17963      3132
06000000000000   079      1700     7013672       436      832926     42265      1939
06000000000000   032      1048     5190722       153      408853     16485      1142
06000000000000   040      3104    10988218       790     1513966     73347      3520
06000000000000   022       924     3890196       111      205386     12131       993
06000000000000   061       232      993719        76       56473      3467       252
06000000000000   059      1304     6011262       244      401733     16891      1400
06000000000000   018      9818    59287859      9017    14153558    706645     13834
06000000000000   016     12678    49627877     21272    26919308   1854520     23215
06000000000000   021      1039     4070941       549      852344     42847      1282
06000000000000   089      1376     5783752        98      215602     10381      1435
07000000000000   000     50949   242795109     19974    27834225   1310751     58648
07000000000000   023      2066     9112360       106      250004     10539      2126
07000000000000   029      1094     4786839       250      864089     34365      1289
07000000000000   025      4264    17148014       285      541709     10658      4324
07000000000000   062      1422     7562548         8       21527      1269      1429
07000000000000   162       540     2355935        41       71270      3775       562
07000000000000   005      7388    33429169       145      433360     14849      7473
07000000000000   044      2821    12261920         7       22051      1125      2827
07000000000000   001       146      755767         0           0         0       146
07000000000000   079      4083    18542522       390      906903     37563      4296
07000000000000   032      1789     7912369        96      249073     10506      1848
07000000000000   040      8933    45685519      2399     6826767    286568     10561
07000000000000   022       659     2879834        57      155657      5170       688
07000000000000   081        43      247924         7       20455       908        48
07000000000000   061       137      641066         8        9024       531       140
07000000000000   059       644     2910359        95      159895      6451       681
07000000000000   018      3740    25313890      7498    11112585    439285      6353
07000000000000   016      6958    31296672      7631     5058687    389111      9306
07000000000000   021      2121    10126700       691      755276     37731      2335
07000000000000   089      2101     9825702       260      375893     20347      2216
08000000000000   000     21377    78942825      7648     7986408    476448     24254
08000000000000   023       674     2327078        62       29335      2693       691
08000000000000   029       228      886628       116      231788      9804       285
08000000000000   025      1481     5072143        24       36624      1759      1491
08000000000000   062       621     3593329         0           0         0       621
08000000000000   162       299      890924         6       11301       709       304
08000000000000   005      2756     9176753       151      178910     13962      2839
08000000000000   044      1585     4887631        32       48744      3325      1605
08000000000000   087       251      905938         0           0         0       251
08000000000000   079      1439     4464504       135      248159     15705      1533
08000000000000   032      1812     6428171       181      268831     17594      1918
08000000000000   040      1764     5338075       148      204926     12421      1839
08000000000000   022       289      871988        18       38499      2464       304
08000000000000   081       106      321907        13       13246      1375       114
08000000000000   061       168      513971       140      102727     11093       235
08000000000000   059       420     1488784       118      101444      8600       472
08000000000000   094       623     2170984        34       40660      3030       640
08000000000000   018      1565     9857824      2861     3880864    183240      2670
08000000000000   016      3536    13059045      3316     2340272    174301      4595
08000000000000   021       358     1660712        12       25248      1456       366
08000000000000   089      1402     5026436       281      184830     12917      1481
10000000000000   000    167147   567802368     41477    45913751   2836314    183265
10000000000000   023      7269    24844155       190      188247     19164      7378
10000000000000   029      2074     7752874        16       23809      1230      2081
10000000000000   025     17782    66313344       407      811423     40213     18013
10000000000000   062      1995     6914625         0           0         0      1995
10000000000000   162      2340     7866634        24       26763      2117      2352
10000000000000   005     27429    76004711        26       36482      2519     27443
10000000000000   044      7758    27783701        26       34088      2510      7773
10000000000000   079     11694    31986905        69       98206      6188     11730
10000000000000   032     19380    56392476      1165     2168526    117954     20051
10000000000000   040      4790    13316787        31       52333      2756      4806
10000000000000   022      2565     7313655        36       57685      3739      2586
10000000000000   061      1450     2911055        35       21429      3231      1468
10000000000000   059      9641    27211662      2113     1851577    129796     10379
10000000000000   094       611     2117970        40        6670       507       614
10000000000000   018     14540    98658697     16880    22903561   1016679     20317
10000000000000   016     25402    79659027     20210    17380446   1469649     33751
10000000000000   021      3434     9688196        58       88327      5411      3464
10000000000000   089      6993    21065894       151      164179     12651      7064
11000000000000   000    106768   355837046     38256    35580105   2595116    121526
11000000000000   023      4375    14791764        37       62725      2284      4388
11000000000000   029       722     2572745       629     1282100     70617      1124
11000000000000   025      2524    11553604        34       62080      1872      2535
11000000000000   062      1160     4034950         0           0         0      1160
11000000000000   162      1037     3307670        22       31400      2180      1049
11000000000000   005     19218    47659780       562      913222     54880     19530
11000000000000   044      5827    15747286        30       14988       700      5831
11000000000000   087       788     3666207         0           0         0       788
11000000000000   079      8701    22866684       143      199726     14708      8785
11000000000000   032      4307    13569502       240      277459     24344      4445
11000000000000   040      8065    19966092       164      333116     16512      8158
11000000000000   022      2091     6083316       149      222606     15156      2177
11000000000000   061      1299     3025903      2403     2769375    288122      2936
11000000000000   059      4004    11936853       921      808586     70513      4405
11000000000000   018     12672    70077289     13343    14649324    779383     17108
11000000000000   016     23912    84333394     18988    12858839   1195603     30707
11000000000000   021      2738     9625452       421      950540     47705      3009
11000000000000   089      3328    11018555       170      144019     10537      3391
12000000000000   000     49954   171676121     21552    19403824   1159242     56540
12000000000000   023       622     2325580         3        7636       280       624
12000000000000   029       648     2086020       139      247214     12141       717
12000000000000   025      2250     8375794        61      101666      2947      2267
12000000000000   005      2372     8638388        10       13118       796      2376
12000000000000   044       879     3218038         0           0         0       879
12000000000000   001      1000     3157080        10       12644       754      1004
12000000000000   087       199      683492         0           0         0       199
12000000000000   079       948     3206848        29       11262      2200       960
12000000000000   032      2465     8750986        76      175866      6992      2505
12000000000000   040      3763    12645335       430      909891     36988      3975
12000000000000   022       341     1120172        14       28180      1198       348
12000000000000   061       140      441380       184      120126     10824       201
12000000000000   059      1000     3968958       278      223820     16039      1091
12000000000000   012     18689    60500848      8543     6944846    370736     20795
12000000000000   112      4527    12129222      4754     2806280    225564      5809
12000000000000   018      2110    11572003      1510     2673028     91168      2628
12000000000000   016      3837    14592061      5218     4936979    360285      5884
12000000000000   021       147      490622         2        3878       160       148
12000000000000   052       482     1441018       240      142716     16004       573
12000000000000   089      3535    12332276        51       44674      4166      3557
13000000000000   000     18446    62118102     11269    10799066    836413     23198
13000000000000   023      1374     4834650       171      171378     20408      1490
13000000000000   029       157      586937       207      386609     19713       269
13000000000000   025       443     2331207         9       26404       425       445
13000000000000   062       259     1040846         0           0         0       259
13000000000000   162       180      540393        47       47555      3963       203
13000000000000   005      1722     4825968        35       58594      4198      1746
13000000000000   044      1618     5170259       149      235528     25147      1761
13000000000000   079      1653     4872855       188      236900     24205      1791
13000000000000   032      1016     3447774       167      268087     15348      1104
13000000000000   040       811     2299777       224      179540     15575       899
13000000000000   022       548     1941955       253      478959     36447       755
13000000000000   061       155      450890        53       47174      4966       183
13000000000000   059      1573     5276173       674     1030159     65722      1946
13000000000000   018      1969     8985887      2032     2645163    135939      2741
13000000000000   016      3545    10853865      6602     4603604    427530      5973
13000000000000   021       443     1509191       130      155540     16709       538
13000000000000   090       113      330347       116       93344      9819       169
13000000000000   089       867     2819128       212      134528     10299       926
14000000000000   000    112831   461826137     47577    42820898   3466912    133672
14000000000000   023      5247    19504781       233      361197     25624      5402
14000000000000   029      1842     7629850        21       47110      1858      1852
14000000000000   025      2992    19006664        82      152450      4124      3018
14000000000000   062      2025    11376039         0           0         0      2025
14000000000000   162      1632     7273387        11       28845      1329      1640
14000000000000   005     14461    57231540        12       32730      1136     14468
14000000000000   044      6996    28402039      1165     3102658    126030      7748
14000000000000   087        77      366202         3       11024       336        79
14000000000000   079     10498    42740984       132      211580      8385     10549
14000000000000   032      2812    12455086        19       54568      1958      2824
14000000000000   040     11561    41559899       669     1421228     67643     11962
14000000000000   022      2106     9578318       338      959512     50380      2409
14000000000000   061       634     2297352        77      166972      9476       692
14000000000000   059      2831    11236757      1142     1561732    166832      3835
14000000000000   018     12232    64993149     14803    16549054    659851     16193
14000000000000   016     25504    88066789     28608    17837087   2323141     39481
14000000000000   021      2372     9511944        19       34605      1551      2381
14000000000000   089      7009    28595357       243      288546     17258      7114
15000000000000   000     75965   254893211     34263    31217585   2517362     90404
15000000000000   023      2621     8060342       134      171422     18058      2729
15000000000000   029       412     1469874       195      309835     15675       506
15000000000000   025      1254     6401683        40       85800      4153      1279
15000000000000   062      1178     5487594         0           0         0      1178
15000000000000   162       762     2025350         0           0         0       762
15000000000000   005      8185    22360561        15       29240      1559      8194
15000000000000   044      4318    11490928         0           0         0      4318
15000000000000   087        31      165252         1         874        84        32
15000000000000   079      5461    14217259       128       60954      7274      5506
15000000000000   032      1766     6056073        11       18463       908      1771
15000000000000   040      4080    10498258       136      197314     15188      4171
15000000000000   022      1344     3730585       216      237990     16105      1441
15000000000000   061       137      339683        34       33042      3587       158
15000000000000   059      2274     7826194       611      676806     57914      2616
15000000000000   018     14057    78496472     12456    20540766   1390629     21969
15000000000000   016     25226    67181070     20095     8723489    970345     30821
15000000000000   021      1146     3715583       105       57110     10207      1207
15000000000000   089      1713     5370450        86       74480      5676      1746
16000000000000   000     41242   180746154     24655    32416753   2120416     53291
16000000000000   023      1259     5151649        77      127300      9372      1313
16000000000000   029       367     1758782       414      676774     44238       618
16000000000000   025      2158     9349193       182      380285     21558      2281
16000000000000   062       576     2652633         0           0         0       576
16000000000000   162       294     1138915        18       11367       651       297
16000000000000   005      3120    11721912       163      372989     18200      3223
16000000000000   044      2531     9803262         1        1437        44      2531
16000000000000   079      2724     9697825        53      119044      6144      2759
16000000000000   032       392     1774745        29       46089      2768       408
16000000000000   040      5447    21149048      2613     5152835    233878      6774
16000000000000   022       691     2769588         6        9266       576       694
16000000000000   061       111      433185         9        9308      1030       117
16000000000000   059      1453     5851179       252      268411     26906      1607
16000000000000   018      3887    30271843      7168    15785603    821855      8557
16000000000000   016     12440    51679370     13263     8751702    892848     17513
16000000000000   021      1146     4590773       106      143287      8425      1196
16000000000000   089      2646    10952252       301      561056     31923      2827
17000000000000   000     37833   132039651     17902    14023473   1047562     43787
17000000000000   023      1981     5824338        75      131824     11022      2043
17000000000000   029       508     1396554       199      504296     25733       654
17000000000000   025      2029     6867893       204      181884     12516      2100
17000000000000   062       607     2483452         0           0         0       607
17000000000000   162       489     1408784        11       11280       886       494
17000000000000   005      3555     9335150        29       35182      2535      3571
17000000000000   044      3534    10241415       136      126369     10465      3593
17000000000000   079      2634     6610041        82      111741      7397      2676
17000000000000   032       957     3171486        33       41214      1935       968
17000000000000   040      2316     5831006       338      160333      5261      2345
17000000000000   022       115      338069         3        2106       241       116
17000000000000   061       547     1336151         5        4882       383       549
17000000000000   059       813     2679426       129       92462      8874       864
17000000000000   018      4108    26394917      3585     4829380    226158      5395
17000000000000   016      9764    35894075     12704     7473363    713563     13818
17000000000000   021       565     1839058        64       77273      3882       586
17000000000000   089      3311    10387836       305      239884     16711      3408
18000000000000   000     69917   237782124     24712    22236793   1617645     79481
18000000000000   023      2820     9061802       230      263486     26926      2981
18000000000000   029      1017     4646664       498     1183164     49344      1314
18000000000000   025      4271    14682362       852     1428740    114714      4962
18000000000000   062       967     3738714         2        4892       266       969
18000000000000   162      1207     3834374        17       27368      1802      1218
18000000000000   005      3712     9771694       138      119492      3052      3731
18000000000000   044      5011    16210226       162      293052     14284      5097
18000000000000   079      6818    19884164        60      113444      6676      6859
18000000000000   032      2071     6778290       109       88615      5726      2105
18000000000000   040      5359    17393170       364     1019112     47422      5631
18000000000000   022      1082     3310834        69      108690      6312      1120
18000000000000   061      1478     3311540       158      154416     20574      1602
18000000000000   059      3287    10258539       929      987388     91403      3819
18000000000000   018      8033    45152503      7262     9705543    537580     11199
18000000000000   016     15944    45775057     13425     6272274    667334     19890
18000000000000   021      2816    10395764       231      264714     13220      2895
18000000000000   089      4024    13576427       206      202403     11010      4089
19000000000000   000     82501   271233145     26175    17878222   1421254     90600
19000000000000   023      2369     7504617       374      320711     39387      2593
19000000000000   029      1368     4757471       392      400522     26489      1518
19000000000000   025      1700     7208321        83       82174      4008      1723
19000000000000   062      1011     3916601         0           0         0      1011
19000000000000   162       641     1200898         5        3739       270       643
19000000000000   005      7521    21835940       480      541987     53136      7823
19000000000000   044      5347    16004798        10       12060      1332      5355
19000000000000   087       376     1355758         4        8744       448       379
19000000000000   079      5032    13906701         2        2615        81      5032
19000000000000   032      3974    13664955       163      148716     11214      4039
19000000000000   040     16696    47557643      1102     1804870     69058     17088
19000000000000   022       960     2975353       130      120391     15702      1049
19000000000000   061      1090     2991605       358      200349     24281      1227
19000000000000   059      4601    14816503       936      674553     72674      5016
19000000000000   018      8204    46923139      5575     6029801    352509     10208
19000000000000   016     15841    45888755     15256     6412791    666427     19641
19000000000000   021      3132    10371399       765      635117     41520      3370
19000000000000   089      2638     8352688       540      479082     42718      2885
20000000000000   000     18900    67237544      7133     7680977    496098     21720
20000000000000   023      1169     3740356        94      159458     10767      1230
20000000000000   029       351     1429150       225      582357     32513       535
20000000000000   025       712     2833887        59       95487      5083       741
20000000000000   062       343     1713408        23       89054      2938       360
20000000000000   162       194      574163         9       23823      1322       202
20000000000000   005      1314     4379742        60       93743      5893      1348
20000000000000   044      2458     8478840       102      151600     12809      2531
20000000000000   087        69      197307        14       17836      1399        77
20000000000000   079      1969     5985339        76      144226      7939      2014
20000000000000   032      1277     4634513        84      190665      9598      1332
20000000000000   040       618     2173507        89      165027      8557       667
20000000000000   022       484     1633347        43       79997      4596       510
20000000000000   061       146      476626        33       38284      2538       160
20000000000000   059      1127     4130443       226      401290     21594      1249
20000000000000   012        22       82715        14       12959      1063        28
20000000000000   112         5       11280        37       34576      2829        21
20000000000000   018      1405     6932883       671      801743     33029      1592
20000000000000   016      3902    12902030      5180     4387768    320649      5724
20000000000000   021       256      902258        19       40485      2192       269
20000000000000   090        56      154683         0           0         0        56
20000000000000   089      1023     3871067        75      170599      8790      1074
21000000000000   000     82616   321626744     14170    25244167   1419242     90682
21000000000000   023      3566    13528446       127      282597     16673      3661
21000000000000   029      1380     6183196       310      517100     15782      1469
21000000000000   025      4198    14648880       458      839111     61731      4550
21000000000000   062      1622     8267408         0           0         0      1622
21000000000000   162       857     2727518        29       73182      3654       878
21000000000000   005     11682    38707928       317      654043     45664     11943
21000000000000   044      4702    17531610         0           0         0      4702
21000000000000   001       524     2174591         0           0         0       524
21000000000000   087       291     1348939         0           0         0       291
21000000000000   079      6707    22226269       109      226027     15516      6796
21000000000000   032      6242    22927705       853     1507936    106099      6844
21000000000000   040      4923    16631655       589      833990     50195      5208
21000000000000   022       989     3695791       163      349774     22392      1116
21000000000000   061       425     1761846       107      146711     16762       520
21000000000000   059      2026     8423863        87      168979      6613      2064
21000000000000   094      2099     8955606       248      373958     28930      2263
21000000000000   018      9084    55963574      3451     9347390    327742     10947
21000000000000   016     12017    40237563      6399     8219187    597226     15410
21000000000000   021      1890     7549333       245      586559     28951      2055
21000000000000   089      7392    28135023       678     1117623     75312      7819
22000000000000   000     78325   337595713     28686    35406274   1637537     88051
22000000000000   023      4049    17472800       347      962264     12255      4124
22000000000000   029      1792     5629380       314     1200083     29092      1965
22000000000000   025      8794    38418529       504     1212492     23003      8933
22000000000000   062      4960    25815545        35       68299      1731      4970
22000000000000   162       596     2591967        13       23221      1059       602
22000000000000   005      6627    29024967       153      397234      7433      6672
22000000000000   044      3726    17274598       188      492076     19877      3839
22000000000000   001      1109     6463573       158      249623     11954      1177
22000000000000   087       159      815107         7       10525       735       163
22000000000000   079      6137    26145831       701     1786793     80563      6623
22000000000000   032      6729    27137595      1240     2673934    100663      7336
22000000000000   040      6348    21569218       906     2166571     80445      6804
22000000000000   022      1430     5627594       204      449161     24517      1578
22000000000000   081         3       16148         0           0         0         3
22000000000000   080       844     4371981        32      108254      4169       868
22000000000000   061       780     2752749        55       74454      3618       801
22000000000000   059      1106     5152609       157      379612     10092      1166
22000000000000   091       502     2518414        22       64324      2678       517
22000000000000   012        58      243006         0           0         0        58
22000000000000   112        36      126353         5         948       120        37
22000000000000   018      5962    33123201     10194    13988284    555688      9264
22000000000000   016     12397    45500919     13145     8189365    648281     16252
22000000000000   021      1037     4875321        88      269312      7801      1084
22000000000000   089      3144    14928308       218      639445     11763      3215
23000000000000   000    106800   457294884     61907    63353506   4579073    132825
23000000000000   023      4097    16974382       720     1839040     94415      4633
23000000000000   029      1454     5897752         2        1815       122      1455
23000000000000   025      1856     9457236        15       33651      1488      1864
23000000000000   062      1797     7068126         0           0         0      1797
23000000000000   162       865     3219840         0           0         0       865
23000000000000   005     17583    67116407        57      169937      7590     17626
23000000000000   044      2602    10563804       228      569518     30361      2775
23000000000000   079     10352    36684605       200      332888     26074     10500
23000000000000   032      1433     5996062       222      380385     18004      1535
23000000000000   040      8630    32364054      3648     7713002    500160     11472
23000000000000   022      1077     4348422       138      329252     19909      1190
23000000000000   061       205      754684        94      222434     11192       269
23000000000000   059      4158    16399437       937     1089090     80001      4613
23000000000000   012       654     2167036       127      135870      9509       709
23000000000000   112       181      497094        93       93129      7438       226
23000000000000   018     13804    96089866     14193    23603219   1266579     21003
23000000000000   016     29886   116945193     40357    25136212   2419667     43635
23000000000000   021      1122     4706719       265      819868     38112      1338
23000000000000   089      5044    20044165       611      884196     48452      5320
24000000000000   000     61363   275243822     30029    34604906   2319115     74543
24000000000000   023      2403     9781436       129      251111     19630      2515
24000000000000   029      1151     4737187       143      331457     17526      1251
24000000000000   025      2419    12101836       404     1303479     46242      2683
24000000000000   062       507     2782267         0           0         0       507
24000000000000   162       391     1441737        21       37082      2272       404
24000000000000   005      3668    13917988       159      373212     20861      3787
24000000000000   044      4595    19505539       133      243952     15890      4685
24000000000000   079      1610     6584918      1158     2323024    187191      2674
24000000000000   032      2099     9552987       228      547270     28078      2259
24000000000000   040      3350    14258893      1393     3150345    241392      4722
24000000000000   022      1112     4473870       109      244735     12739      1185
24000000000000   080       644     3600325         0           0         0       644
24000000000000   061       491     2042433       147      187338     12124       560
24000000000000   059      2731    11758053       648     1014824     74603      3153
24000000000000   094      2327     9530568       461      883572     45918      2588
24000000000000   018      9949    51411492      9487    10658436    516537     12881
24000000000000   016     14829    67803569     14750    11867109   1015815     20604
24000000000000   021      3840    15541847       490      793678     42944      4083
24000000000000   089      3247    14416877       169      394282     19353      3358
25000000000000   000     50974   153538896     14407    11104259   1055037     56968
25000000000000   023      1173     3670841        29       34811      3081      1191
25000000000000   029       455     1679300        93      100167      7602       498
25000000000000   025       646     3501369        45       32464      2039       658
25000000000000   062       645     2037163         0           0         0       645
25000000000000   162       525     1320929         0           0         0       525
25000000000000   005      4154     9041827        26       33232      3133      4172
25000000000000   044      3284     8237012        12       23020      1860      3295
25000000000000   087        56      197666         0           0         0        56
25000000000000   079      2801     6185652         0           0         0      2801
25000000000000   032      2957     8340630        75      176345      8787      3007
25000000000000   040     11717    28441549       610     1414779     77007     12155
25000000000000   022       786     2228115       321      626505     48953      1064
25000000000000   061       313      585502       144       78476      7004       353
25000000000000   059      3001     7960339       798      559395     55502      3315
25000000000000   018      5253    29646261      2063     2347269    162473      6176
25000000000000   016      8851    27987626     10094     5561566    668597     12650
25000000000000   021      1565     4492827        32       64132      4198      1589
25000000000000   090       120      288174         0           0         0       120
25000000000000   089      2672     7696114        65       52098      4801      2698
26000000000000   000     81473   240712083     25077    19076877   1626888     90730
26000000000000   023      2464     6574964       360      272012     31416      2643
26000000000000   029       765     2215868       281      606616     35459       969
26000000000000   025      3994    13742258       230      338564     14138      4074
26000000000000   062      1134     3999436         0           0         0      1134
26000000000000   162      1029     2516743       131       83982     10254      1087
26000000000000   005     11459    25714860       442      395386     25709     11605
26000000000000   044      6168    18651444       550      845250     66200      6544
26000000000000   079      7706    17629829       301      321390     23952      7842
26000000000000   032      3183     8271124       198      303148     18068      3286
26000000000000   040     11641    29891062      1529     1748081    121534     12331
26000000000000   022       599     1584814        32       40164      2366       612
26000000000000   061       574     1480396       338      204151     17939       676
26000000000000   059      2425     7023011       656      653447     63427      2785
26000000000000   018      8110    40688249      7650     7135037    484662     10865
26000000000000   016     13630    41705007     11868     5596317    687571     17547
26000000000000   021      2092     5671303       400      400000     14719      2176
26000000000000   089      4500    13351715       111      133332      9474      4554
27000000000000   000     15831    50845404      9159     6745887    482295     18571
27000000000000   023       906     2519685       115      124893     10109       964
27000000000000   029       313     1089622        57       61431      4116       337
27000000000000   025       414     1532198       114      222684      9821       470
27000000000000   062       196      625501        13       12981      1107       202
27000000000000   162       214      695107        31       44030      3742       235
27000000000000   005      1081     3084804        39       45141      3257      1100
27000000000000   044      2099     7005408       121      157907     10846      2161
27000000000000   079      1372     4012993       209      314058     24383      1510
27000000000000   032       732     2186696        96      135684     10685       793
27000000000000   040       498     1334415        90      106031      9270       551
27000000000000   022       706     2226615        27       39727      2608       721
27000000000000   061        63      189490        43       20300      1975        74
27000000000000   059      1256     4103669       242      236004     19952      1370
27000000000000   018      1544     7118956      1816     2116183     72898      1958
27000000000000   016      3019     8535818      5941     2832569    277612      4595
27000000000000   021       365     1109395       103      128660     10010       421
27000000000000   090        15       42465         1         744        91        16
27000000000000   089      1038     3432567       101      146860      9813      1093
28000000000000   000     28190    86052536     10872     9096205    963185     33662
28000000000000   023       548     1654952        10       16392      1028       553
28000000000000   029       271      953496       100      101930      7141       312
28000000000000   025       667     2720903        38       28512      1994       678
28000000000000   062       509     1878819         0           0         0       509
28000000000000   162       236      673669        19       19980      2039       248
28000000000000   005      2498     6784479        57       73696      5664      2530
28000000000000   044      2153     4643832        10       15644      1036      2159
28000000000000   001        26       85848         0           0         0        26
28000000000000   079      2730     6647420       127       44870      6758      2769
28000000000000   032       755     2328816        91      147416     11102       818
28000000000000   040      4170    11626957      1044     1825104    161908      5090
28000000000000   022       304      922487        10       15748      1132       311
28000000000000   061       233      613329       151      127314     16381       326
28000000000000   059      1578     4544928       775     1151857    104019      2170
28000000000000   018      2791    14602068      1120     1498236     87545      3288
28000000000000   016      5920    17110722      6942     3822834    539285      8983
28000000000000   021       531     1902234        49       34704      3419       550
28000000000000   089      2270     6357577       329      171968     12734      2342
29000000000000   000     22068    84669100     10922     8786930    566048     25279
29000000000000   023      1289     4419180        35       54345      2214      1301
29000000000000   029       936     3755164        59       77738      4095       959
29000000000000   025       605     3222492        27       48380      1116       611
29000000000000   062       404     1875123         0           0         0       404
29000000000000   162       375     1524967         1        1107        91       376
29000000000000   005      3253    12428281        56      135196      3615      3274
29000000000000   044      1713     6740412         2        1424       146      1714
29000000000000   079      1476     5066736        16       29280      1009      1482
29000000000000   032      1212     4885712        67      148322      4382      1238
29000000000000   040       986     4014022       105      239008      8267      1033
29000000000000   022       474     1679394         3        4100       155       475
29000000000000   061       175      644099         9       15096       608       178
29000000000000   059      1098     4120043       407      383754     19343      1207
29000000000000   091        16       91192         1         576        22        16
29000000000000   092        16       91192         1         576        22        16
29000000000000   018      1890    10557566      2069     3088714    150174      2743
29000000000000   016      3974    10492070      7990     4467042    366981      6059
29000000000000   021       130      540996         7       16427       454       133
29000000000000   089      2046     8520459        67       75845      3354      2060
30000000000000   000     16073    56216261      9047     8502209    644938     19955
30000000000000   023       815     2808491        47       50327      4037       839
30000000000000   029       297      969628        99      112708      8164       345
30000000000000   025       930     3359093         1         908       120       931
30000000000000   062       274     1205882         0           0         0       274
30000000000000   162       137      448911        17       18655      1610       147
30000000000000   005      1330     4503050        64       90019      6507      1369
30000000000000   044      1723     5668641       271      284313     24965      1873
30000000000000   087         3       10233         4        4202       328         5
30000000000000   079      1367     3997753        87      119102      5831      1402
30000000000000   032       818     2939046        78       96823      6424       857
30000000000000   040       765     2339968        66      118274      1758       776
30000000000000   022       347      996703        55       65320      4505       374
30000000000000   061        79      219655       232      152288     18764       192
30000000000000   059       528     1699207       115      112254      8081       576
30000000000000   018      1469     7052116      1882     2857623    125479      2225
30000000000000   016      2683     9758548      5305     3894696    370806      4916
30000000000000   021       315     1044098        22       23015      2154       327
30000000000000   090       294      880539       396      256352     32440       489
30000000000000   089      1899     6314699       306      245330     22965      2038
31000000000000   000    137773   642686898     32956    32671853   1896279    149374
31000000000000   023      5811    22847492       516      793803     61607      6161
31000000000000   029      1409     6682202        56       71901      4606      1435
31000000000000   025     14336    66466625       185      268403     15261     14422
31000000000000   062      1307     4739395        59       96690      5486      1338
31000000000000   162      2773    18920160         0           0         0      2773
31000000000000   005     10074    46375234        18       31837      1333     10082
31000000000000   044      6785    30287404       887     1044931     86089      7274
31000000000000   087       119      518228         6        7219       562       122
31000000000000   079      6553    27007249       160      246549     12998      6627
31000000000000   032      3229    15709883        74      119056      4795      3256
31000000000000   040     16264    59268871      2053     2381314    160800     17186
31000000000000   022      1968     7373364       166      236615     15761      2058
31000000000000   081       634     3375639         1         299        29       634
31000000000000   061      1711     7349763      1042     1073684     78166      2155
31000000000000   059      2462    11003232       595      714589     33314      2661
31000000000000   091       120      482893         2        3383       151       121
31000000000000   094     10014    46272719       827     1274178     83933     10491
31000000000000   012     12044    71895678      1463     2187071    119524     12868
31000000000000   112      5368    16849042      1907     1487027    120223      6197
31000000000000   018      6985    55416673      6793     9086226    292772      8802
31000000000000   016     18105    78266742     15277    10617421    721696     22570
31000000000000   021      2943    13535942       586      628482     55762      3259
31000000000000   089      6759    32042468       283      301175     21411      6882
32000000000000   000     42059   126635948     17764    20121246   1271609     49286
32000000000000   023      1696     5703961       150      232479     25036      1839
32000000000000   029       224      951977        15       18767      1366       232
32000000000000   025      2611     9096102       117      185378     12694      2685
32000000000000   062       462     1756405         0           0         0       462
32000000000000   162       171      653694         0           0         0       171
32000000000000   005      4061    12452930        53      109221      7866      4106
32000000000000   044      2301     6664446         0           0         0      2301
32000000000000   001         7       27936         0           0         0         7
32000000000000   079      1464     4098504       106      211433     17245      1562
32000000000000   032      2159     6222177       123      257887     18325      2263
32000000000000   040      8013    24016376      2721     7281529    336071      9922
32000000000000   022       545     1461477         7       12357       935       550
32000000000000   061       671     1854944        77      148573     10696       732
32000000000000   059      1721     5585513       103      112272     10976      1784
32000000000000   018      3576    10585216      3921     4647162    214096      4792
32000000000000   016      9466    26305567     10225     6633057    598337     12865
32000000000000   021      1038     3346688        86      143518      9389      1091
32000000000000   089      1873     5852035        60      127613      8577      1922
33000000000000   000    227834  1024532445     46026    56026591   3130286    246385
33000000000000   023     12825    49270667       194      361775     15608     12915
33000000000000   029      4521    17475953       570      847836     61201      4870
33000000000000   025     21942   109619108       830     2215528    102010     22521
33000000000000   062      4623    28812405         0           0         0      4623
33000000000000   162      1592     5664477       157      157280     14805      1676
33000000000000   005     33046   151015100       408     1008698     43201     33292
33000000000000   044     11861    44825895      1031     1194737     87714     12360
33000000000000   001       143      523866        16       27571      1680       153
33000000000000   087       653     3094674        20       41948      1992       665
33000000000000   079      5978    25030170       574     1282336     74761      6404
33000000000000   032      8985    42333923       420     1176010     48775      9263
33000000000000   040     38798   156452754      5207    11993115    562822     41999
33000000000000   022      7943    32213748       118      289385     16692      8039
33000000000000   061      1652     6600669      2798     3712012    293541      3320
33000000000000   059      3552    14613871        65      139904      7664      3594
33000000000000   092      1743    11725138        20       55538      2024      1754
33000000000000   094     15191    84875260       364      610537     48548     15467
33000000000000   018     13033    79449438     13921    14712200    733350     17542
33000000000000   016     23709    91718739     18581    14565031    944158     29484
33000000000000   021      4522    18575535       257      508992     26679      4673
33000000000000   089     11522    50641055       475     1126158     43061     11771
34000000000000   000    118867   392986534     37275    37244220   2330618    132110
34000000000000   023      4008    11123892        18       37641      1812      4018
34000000000000   029       704     2862726       409      672832     43636       952
34000000000000   025      5870    21975541       199      215191      8946      5920
34000000000000   062      2230     8926346         0           0         0      2230
34000000000000   162      1081     3224107        15       29348      1340      1089
34000000000000   005     18993    49157534       496     1004630     52408     19291
34000000000000   044     11401    24136638         0           0         0     11401
34000000000000   087       290     1033883         1        1071        63       290
34000000000000   079      1845     6108932        12       24576      1126      1851
34000000000000   032      3995    13766621       141      246945     14956      4080
34000000000000   040     15993    49405334      1371     1846295     95347     16534
34000000000000   022      2424     7734718       328      518293     37384      2637
34000000000000   081       225      843975         5       12805       680       229
34000000000000   061       877     2136159       183      154902     16658       972
34000000000000   059      3615    10795894       750      987148     52224      3911
34000000000000   018     11717    70210767     11654    15461549    658750     15462
34000000000000   016     26670    86034298     21502    15795296   1333957     34251
34000000000000   021      2673     8596335       120      164107      6603      2711
34000000000000   089      4256    14912834        71       71591      4728      4281
35000000000000   000     14163    44594781      8759     7320931    632113     17754
35000000000000   023       634     1819020        49       62917      3873       656
35000000000000   029       183      501905       135       59126      2348       197
35000000000000   025       498     1751355        65       61422      3498       519
35000000000000   062       125      418379         0           0         0       125
35000000000000   162        76      195844         7        9049       508        79
35000000000000   005       607     1505776        81      136143      8577       656
35000000000000   044       991     2997380         3        4661       323       993
35000000000000   079       402     1086984        98      127557     11670       469
35000000000000   032      1227     3442266       123      118794      7782      1271
35000000000000   040       812     1719889       296      176500     30246       984
35000000000000   022       354     1017394        38       50089      3842       376
35000000000000   061       120      271011        22       28182      2049       131
35000000000000   059      1050     3626194       622      559186    103512      1639
35000000000000   018      1940     9693522      2164     3071545    199899      3075
35000000000000   016      3631     9468000      4840     2679870    239250      4989
35000000000000   021       263      806261        41       46270      2938       280
35000000000000   089      1250     4273601       175      129620     11798      1315
36000000000000   000    111052   432011644     66144    63355128   4396460    136041
36000000000000   023      8004    34928537       457      720880     47507      8274
36000000000000   029       787     3076351       130      100218      8586       837
36000000000000   025      2418    11069265       455     1084824     55338      2732
36000000000000   062      1436     7728273         0           0         0      1436
36000000000000   162      1214     4345363        15       31257      2216      1227
36000000000000   005     16037    62529555        59      150410      7786     16082
36000000000000   044      6893    27900602       524      628212     43848      7142
36000000000000   079      2672    12713045       235      300823     24853      2813
36000000000000   032      3540    16531995       293      395980     26632      3691
36000000000000   040      9261    27586174      3130     7057477    382821     11436
36000000000000   022      2166     7926765       522      503755     33991      2359
36000000000000   061       512     1872105       176      273847     19441       622
36000000000000   059      2995    10617879       803     1235434     81187      3457
36000000000000   018     14837    85172778     21146    25907794   1178572     21537
36000000000000   016     31405    87705017     37628    24093508   2437877     45260
36000000000000   021      2393    10334425       248      452610     21884      2518
36000000000000   089      4482    19973515       323      418099     23921      4618
37000000000000   000     56326   175769563     23988    17927860   1366786     64094
37000000000000   023      1633     5116078        72       86539      5649      1665
37000000000000   029       773     2606352       150      229539     17163       869
37000000000000   025      2453     9044126       208      340426     19682      2565
37000000000000   062      1010     3688682         0           0         0      1010
37000000000000   162       853     2175760        30       23135      2337       866
37000000000000   005      5414    15235528       263      292986     16840      5509
37000000000000   044      2849     7944535       105      109813      7021      2889
37000000000000   001        10       41038         0           0         0        10
37000000000000   079      5582    13931138       197      177732     16287      5674
37000000000000   032      5608    16739600       246      418826     22894      5738
37000000000000   040      2394     6285349        71      111092      7134      2434
37000000000000   022      1281     3820322       174      172477     14826      1365
37000000000000   081        74      219611         8        3164       449        77
37000000000000   061       728     1790839       278      190448     22496       855
37000000000000   059      1705     4832656       860      623579     48358      1980
37000000000000   092       494     2262426         0           0         0       494
37000000000000   018      5793    29090600      5840     7297036    348651      7776
37000000000000   016     13709    38734142     15192     7500707    794852     18231
37000000000000   021      1827     5450522        95      116893      7365      1869
37000000000000   089      2136     6760259       199      233468     14782      2218
38000000000000   000     49640   181872527     25065    26511410   1370690     57423
38000000000000   023      4091    13406765       512      763491     56431      4412
38000000000000   029       871     3255930       221      369030     21371       991
38000000000000   025      2784     9870621       463      553350     32540      2969
38000000000000   062       649     2941808        49       68398      3800       671
38000000000000   162       473     1575312       163      129643      6269       508
38000000000000   005      4610    16160428       182      404957     20284      4725
38000000000000   044      3336    12802757        46      112456      7385      3378
38000000000000   001        16       64000         0           0         0        16
38000000000000   079      5358    17802647       321      795624     25941      5505
38000000000000   032      2450     8471429       274      509281     24742      2590
38000000000000   040      4000    13325414      2790     4795443    141532      4804
38000000000000   022      2052     8518968       297      519921     36794      2261
38000000000000   061       383     1231515        29       46275      3468       403
38000000000000   059      2519     8338821       518      978969     62808      2875
38000000000000   018      7138    32536955      7498     9548106    417966      9512
38000000000000   016      6345    22193057     11386     6419320    481251      9080
38000000000000   021       886     3274976       128      233978     11694       952
38000000000000   090       163      488551        26       44564      3012       180
38000000000000   089      1516     5612573       162      218604     13402      1591
39000000000000   000    139421   541970428     53037    66222101   3688043    161089
39000000000000   023      6678    25083243       561      871487     56913      7022
39000000000000   029      3180    10678098      1074     2501642    113274      3851
39000000000000   025      3001    14513655        30       57936      3863      3024
39000000000000   062      4690    21880384         0           0         0      4690
39000000000000   162      1225     5723113        62      153202      7043      1265
39000000000000   005     16919    60965734       449      804320     66420     17319
39000000000000   044     13203    42848071       706     1468184     88963     13730
39000000000000   001        45      178676         0           0         0        45
39000000000000   087       157      624284         0           0         0       157
39000000000000   079     12494    44205058       305      849299     36568     12714
39000000000000   032      1654     6745569        43      125089      4141      1679
39000000000000   040     12215    36010839      1011     1681554     67910     12619
39000000000000   022      3827    15030213       660     1535455    100686      4434
39000000000000   061       848     2830282       732     1567700    112990      1529
39000000000000   059      6031    24534127      1406     3041691    110471      6685
39000000000000   018     13030    90332538     10760    26902562    915442     18309
39000000000000   016     28274    96163643     33739    23421479   1904148     39470
39000000000000   021      3755    14172808        72      185114      6918      3797
39000000000000   090      2695     8120762      1042      424738     43381      2956
39000000000000   089      5500    21329331       385      630649     48912      5794
40000000000000   000     18087    76193628      6420     5586088    342452     20158
40000000000000   023       937     3744292         8       14176       844       943
40000000000000   029       660     2388633       264      118979      3903       685
40000000000000   025      1137     5099750        31       86212      2642      1153
40000000000000   062       201     1364347         0           0         0       201
40000000000000   162        80      335755         3        1561        45        80
40000000000000   005      1715     7941303         5        8325       215      1716
40000000000000   044       839     3573584        12       28166      1145       846
40000000000000   001       188      744046         2        4988       224       189
40000000000000   079      1446     6777450        40      130970      4225      1474
40000000000000   032      1317     5679896        57       51622      1514      1326
40000000000000   040      1221     5096217         8       30354       806      1226
40000000000000   022       498     2020339        14       17468       598       502
40000000000000   081       126      626048         1         886        89       127
40000000000000   080       244      971284         0           0         0       244
40000000000000   061        69      213279         0           0         0        69
40000000000000   059       480     2077315        38       67851      3399       500
40000000000000   094       848     2721359        50       95445      6967       888
40000000000000   012       427     1942124        73       91009      6602       470
40000000000000   112        87      245676        81       84591      8717       143
40000000000000   018      1742     8198820      2558     3015248    139505      2598
40000000000000   016      2168     7261210      3032     1468734    146744      3030
40000000000000   021       540     2447394        84      197743     10426       608
40000000000000   089      1117     4723507        59       71760      3842      1140
41000000000000   000     68209   210177032     20172    16733080   1237656     75603
41000000000000   023      2015     6881548        55       86202      3040      2033
41000000000000   029       458     1611326       493      499351     35658       673
41000000000000   025       670     2801242         6        8714       488       673
41000000000000   062      1277     4201344         0           0         0      1277
41000000000000   162      1673     3881812         9       15904       516      1676
41000000000000   005      7568    18214388         6        9858       354      7570
41000000000000   044      4824    12699592         7       12120       390      4826
41000000000000   087       572     2563267         4        8148       611       575
41000000000000   079      4364    10999534        13       22370       678      4367
41000000000000   032      6791    19183016       156      361803      9078      6844
41000000000000   040      7875    16486153       220      467593     27215      8031
41000000000000   022      1271     3700410         2        5360        56      1271
41000000000000   061       563     1393630         8        4518       491       565
41000000000000   059      1827     5602680       214      230562     21170      1954
41000000000000   091        10       44825         0           0         0        10
41000000000000   092      1736     8343612        23       70210      2927      1753
41000000000000   018      8369    44538259      8566     9059300    518985     11489
41000000000000   016     12419    34723252     10367     5839477    614889     16084
41000000000000   021      2705     8329528        13       15708       584      2708
41000000000000   089      1222     3977614        10       15882       526      1224
42000000000000   000     10991    35282687      5242     4767670    389083     13201
42000000000000   023       381     1200678        47      103838      5824       413
42000000000000   029       278      900908        66       84642      5008       306
42000000000000   025       491     1718508       152      276480     14880       576
42000000000000   062       171      644066         4       13122       694       175
42000000000000   162        98      259708         2        1868       200        99
42000000000000   005       706     1822938       120      201810     15100       792
42000000000000   044       859     2489194       172      334832     20580       976
42000000000000   079       943     2543520       113      194464     14404      1024
42000000000000   032       508     1640680       179      421868     22450       636
42000000000000   040       773     1919684       221      380336     27612       930
42000000000000   022       264      635664        16       22898      1938       275
42000000000000   061       111      297330        40       52546      3958       133
42000000000000   059       684     2123496       382      358830     29259       850
42000000000000   018      1344     7699946      1085     1225464     90040      1856
42000000000000   016      2274     6185359      2483      898173    123356      2975
42000000000000   021       371     1016830        53       59631      4484       397
42000000000000   089       735     2184178       107      136868      9296       788
43000000000000   000     72330   224646682     25088    21349129   1619216     81905
43000000000000   023      2717     9267197        40       53646      4185      2742
43000000000000   029       822     2701444        28       27563      1406       831
43000000000000   025      2014     8676176        10        9116       605      2018
43000000000000   062      1097     3958738         0           0         0      1097
43000000000000   162       858     2283054         1         818       120       859
43000000000000   005      6929    18250184        54       84360      5007      6959
43000000000000   044      4452    11353976         0           0         0      4452
43000000000000   079      5993    14862690         7        8158       634      5996
43000000000000   032      3394    10368275       151      113673      6244      3430
43000000000000   040      7912    21421077       223      593795     32314      8097
43000000000000   022      1417     3851626       184      251548     20768      1542
43000000000000   061      1029     1995776        92       59022      8954      1083
43000000000000   059      3237     9757553       591      590774     61305      3596
43000000000000   018      8195    42954028      9008     9597250    508348     11216
43000000000000   016     17658    49305189     14447     9778244    957924     23311
43000000000000   021      1922     5810828       200      151384      9732      1982
43000000000000   089      2684     7828871        52       29778      1670      2694
44000000000000   000    241123   837654558     72303    82066534   4760809    268172
44000000000000   023      9070    30585228       180      239081     14442      9153
44000000000000   029      2024     7212965       573      607916     40832      2255
44000000000000   025      5212    21499686       197     1000767     18096      5316
44000000000000   062      2176     8085346         0           0         0      2176
44000000000000   162      1860     5120627        23       21704      1840      1870
44000000000000   005     46597   112730066       603      672227     52013     46892
44000000000000   044     14923    48158886       628      948361     29026     15087
44000000000000   079     18523    49829229       100      169724     10297     18581
44000000000000   032     12101    40331434       656     1383030     53415     12408
44000000000000   040     29256    94736917      1861     3683210    205793     30426
44000000000000   022      4571    14136296        55       85597      5452      4602
44000000000000   061       991     2372135       182      149229     18773      1098
44000000000000   059      9951    34805155      3059     4540695    192490     11043
44000000000000   012        13       43437         0           0         0        13
44000000000000   018     20363   146051515     22925    35325973   1540464     29111
44000000000000   016     52315   183722247     40450    31839963   2494579     66488
44000000000000   021      4532    15536678       455      892406     51027      4823
44000000000000   089      6645    22696711       356      506651     32270      6830
45000000000000   000     41872   143772627     19480    15196410   1228516     48900
45000000000000   023      1610     5198027       246      247342     22260      1735
45000000000000   029       167      794141       118      155560     13365       242
45000000000000   025      1448     5145046       194      275623     13400      1524
45000000000000   062       418     1410477         0           0         0       418
45000000000000   162       335     1176568        54       53313      4342       360
45000000000000   005      3036     8992309       283      212162     20262      3152
45000000000000   044      1695     6130469        44       60349      4337      1720
45000000000000   079      3171     9533940       300      440236     28239      3332
45000000000000   032      1875     5969221       267      424821     25106      2017
45000000000000   040      5524    15864607       368      354507     29527      5691
45000000000000   022       819     2574180        70      105479      6671       857
45000000000000   061       235      800636        56       61563      6286       270
45000000000000   059      1056     3565747       234      201914     15958      1147
45000000000000   018      4383    29455172      3595     3172378    174741      5393
45000000000000   016     13367    38168878     12659     8466448    785418     17862
45000000000000   021       859     2777988       450      502233     38335      1077
45000000000000   090       224      551087       268      135333     16275       316
45000000000000   089      1650     5664134       274      327149     23994      1787
46000000000000   000     12770    47265851      2709     3441049    195795     13922
46000000000000   023       608     2141053         9       19569      1086       615
46000000000000   029       472     1499834       200      485732     27338       627
46000000000000   025       569     2233117        51      111457      5728       602
46000000000000   062       292     1632367        23       22873      1694       302
46000000000000   162        88      292417         0           0         0        88
46000000000000   005      1102     3657570        14       33126      1798      1112
46000000000000   044      1059     3712834        14       45124      2094      1071
46000000000000   079      1143     3997612        54      141850      6868      1183
46000000000000   032       545     2077376       313      473452     32794       731
46000000000000   040       207      638836         9       24901      1034       213
46000000000000   022       288     1006358         7       21846      1202       295
46000000000000   061       123      441356         7       22764      1080       129
46000000000000   059       535     2106472        54      213934      7314       577
46000000000000   018      1290     7477830       448      741203     27372      1455
46000000000000   016      2800     8338105      1369      825669     64432      3188
46000000000000   021       543     2053874        39       77495      4043       567
46000000000000   090        56      198908         1        1078        97        57
46000000000000   089      1050     3759932        97      178976      9821      1110
47000000000000   000    101954   358372929     46811    46508413   3051561    119317
47000000000000   023      3928    13668419       615      804725     68919      4320
47000000000000   029       500     2069584       557     1002097     68780       912
47000000000000   025      3435    13577954       399      638478     21698      3558
47000000000000   062      1853     7834336         0           0         0      1853
47000000000000   162       927     2405356       173      186268     14766      1011
47000000000000   005     13780    37026290       371      520478     38136     13997
47000000000000   044      9834    30976956       698      406958     28680      9997
47000000000000   087       140      604518         4        4544       504       143
47000000000000   079      2249     7394492       191      336852     19766      2360
47000000000000   032      4955    16793106       454      607021     43129      5201
47000000000000   040     12582    36822341      1286     2253381    120974     13267
47000000000000   022      1325     4307538       592     1006760     80168      1780
47000000000000   061       581     1746286       592      437958     45026       836
47000000000000   059      2974     9704312       419      425914     33094      3162
47000000000000   018     12905    76365665     13851    19872064    740066     17111
47000000000000   016     23102    70908554     24302    15457346   1508678     31676
47000000000000   021      2528     9315360       560      550914     41977      2768
47000000000000   090       719     2046598      1071     1064436    112028      1356
47000000000000   089      3637    14805264       676      932219     65172      4009
48000000000000   000     93661   371700967     52179    53143142   3346009    112738
48000000000000   023      2609    10343150       232      523928     25236      2753
48000000000000   029      1134     4482342       374      725490     42188      1373
48000000000000   025      1759     9196144       180      279540     11528      1825
48000000000000   062       983     5295916         0           0         0       983
48000000000000   162      1227     4846646         0           0         0      1227
48000000000000   005      8813    29262782       563      787895     45003      9069
48000000000000   044      6688    28847118       361      771010     36390      6894
48000000000000   079      8268    32301578       863     1547252     78701      8715
48000000000000   032      4780    17315866      1023     1826438    102718      5363
48000000000000   040      7503    30122716      2882     6810948    239154      8861
48000000000000   022      3581    13204795       966     1696729     95009      4122
48000000000000   081       150      599894        26       74790      2428       164
48000000000000   061       552     1973581       148      203788     16902       648
48000000000000   059      4545    17343954       661     1118445     72902      4960
48000000000000   018     10631    53944510     12340    19707352    637054     14262
48000000000000   016     23334    85683485     29684    14452036   1789648     33546
48000000000000   021      1809     6955045       912      985810     53054      2120
48000000000000   090       460     1458616       469      736730     53860       766
48000000000000   089      4835    18522829       495      894961     44234      5087
49000000000000   000     34751   103998345      9288     7414143    468134     37583
49000000000000   023      2406     6324712        34       26506      2431      2420
49000000000000   029       277      850394       331      991994     27264       450
49000000000000   025      1346     4439657        14       12204       864      1351
49000000000000   062       611     2208670         0           0         0       611
49000000000000   162       352      741556        12        4524       596       355
49000000000000   005      3034     6423052        10       10976      1044      3040
49000000000000   044      5378    15919606        35       62047      4543      5403
49000000000000   001         2       11121         0           0         0         2
49000000000000   087         3       12509         0           0         0         3
49000000000000   079      3107     7197996        15       16806      1126      3113
49000000000000   032       849     2370012        37       46868      2386       863
49000000000000   040      1584     3615766       162      197692     12882      1657
49000000000000   022       643     1704138        43       37650      3744       666
49000000000000   081        10       33698         0           0         0        10
49000000000000   061       413      830348       326      211266     34230       607
49000000000000   059      2179     6817550       205      167242     16055      2273
49000000000000   094         7       23918         0           0         0         7
49000000000000   018      3186    16044530      3772     3741056    142047      4055
49000000000000   016      5725    16990451      3967     1607634    200220      6948
49000000000000   021      1327     4228444       226      194216     11862      1398
49000000000000   090        55      154708         2        2718       216        56
49000000000000   089      2257     7055509        97       82744      6624      2295
50000000000000   000     55227   234118454     41158    41346837   2570886     69834
50000000000000   023      2585    10414815       697     1012111     72091      2995
50000000000000   029       914     3801520       353      726678     32061      1096
50000000000000   025      1838    10492670       262      808591     31939      2019
50000000000000   062       598     2572509         0           0         0       598
50000000000000   162       312     1131202        23       23222      1946       323
50000000000000   005      8873    30833148       905     1910030     93933      9405
50000000000000   044      1719     7251855       192      260820     16516      1813
50000000000000   079      1140     4019126       348      548439     36263      1346
50000000000000   032      1458     6190632       547      933783     49042      1737
50000000000000   040      3140    10681656      1348     2098927    113666      3787
50000000000000   022      1017     3956219        37       50307      3369      1036
50000000000000   061       162      545795        47       79082      4667       189
50000000000000   059      1902     7220361      1030     1425957     91601      2422
50000000000000   018      7751    46784839      9112    14528078    591682     11113
50000000000000   016     15472    62227939     24799    14635509   1308513     22907
50000000000000   021      1014     4247663       236      334405     18234      1118
50000000000000   089      5332    21746505      1222     1970898    105363      5930
51000000000000   000     11223    35959105      3278     2209999    149482     12063
51000000000000   023       528     1820034         8       13816       693       532
51000000000000   029       135      529894       182      187022     15206       220
51000000000000   025       473     1827856        26       36531      2255       485
51000000000000   062       170      737781         0           0         0       170
51000000000000   162        83      272997         0           0         0        83
51000000000000   005       943     2529169         5        5411       434       945
51000000000000   044      1768     5761421        96      146373     12908      1841
51000000000000   079       750     2249714        50       43145      3999       772
51000000000000   032       612     1954236       116      139535     10030       668
51000000000000   040       798     1862707        48       60696      4160       821
51000000000000   022       259      772834        53       56598      4593       285
51000000000000   061        98      282750        13       10497      1105       104
51000000000000   059       821     2581391        20       20334      1484       828
51000000000000   018       953     4607759       743      622995     26332      1103
51000000000000   016      1838     4996859      1857      812093     61022      2185
51000000000000   021       221      809487         6        5204       520       223
51000000000000   090        31       89742         0           0         0        31
51000000000000   089       742     2272474        55       49749      4741       767
