01000000000000   000     75361   269187526     27529    26301593   1731675     85324
01000000000000   023      2591     8878638        67       59581      7998      2637
01000000000000   029       532     2087999        91      111223      6304       569
01000000000000   025      3186    12207791        90      148685      3378      3205
01000000000000   062       754     3481953         0           0         0       754
01000000000000   162       628     1751483         0           0         0       628
01000000000000   005      4874    15013137         8       11663      1034      4880
01000000000000   044      4320    11731118        86       70284      7703      4364
01000000000000   087       509     2074694         1        1200        45       509
01000000000000   079      4324    13352364        36       58828      3496      4344
01000000000000   032      5028    15658160       437      476725     55224      5342
01000000000000   040     10576    35328836      1721     3920736    143664     11392
01000000000000   022      1153     3550348        19       13844      1804      1163
01000000000000   061       476     1192066       135       90501     13466       553
01000000000000   059      2050     6809853       218      221771     21802      2175
01000000000000   018      9032    54773194      8570     8718293    438048     11570
01000000000000   016     19521    63562702     15508    11857301    973544     25128
01000000000000   021      3169     9653202       126      112079      6382      3204
01000000000000   090       659     1460861         5        8342       675       663
01000000000000   089      1979     6619127       411      420537     47108      2244
02000000000000   000     22456    95083325      5548     5832108    360190     24553
02000000000000   023       928     4006972        25       29126      1802       939
02000000000000   029       630     2469544        51       62493      3591       652
02000000000000   025      1232     5488984        73      122956      5016      1262
02000000000000   062       280     1631471         0           0         0       280
02000000000000   162       156      521677        63       20245      1628       166
02000000000000   005      1698     7116272        36       44282      3499      1719
02000000000000   044      2875    12728637        25       33298      2348      2889
02000000000000   079      1636     5797804       135      174368     17216      1740
02000000000000   032       661     2917751        26       40977      2390       675
02000000000000   040       207      846100        10       14920       798       212
02000000000000   022       466     1672983         7        9632       650       470
02000000000000   061        83      294534         2        2630       140        84
02000000000000   059      2247     9187007       100      155396      9288      2301
02000000000000   012      1838     7559622       624      579323     36402      2061
02000000000000   112       849     2263825       629      566986     38172      1083
02000000000000   018       948     6262700      1164     1345880     36682      1156
02000000000000   016      2644    10389009      2471     2516193    195286      3754
02000000000000   021       242      967129        26       12528       965       248
02000000000000   089      2836    12961304        81      100875      4317      2862
03000000000000   000     59077   209192910     26783    24290904   1787009     69226
03000000000000   023      3681    11435885        30       48056      2257      3694
03000000000000   029       678     2563662       150      262905     11199       741
03000000000000   025      2250     8880267       108      237043     11299      2313
03000000000000   062      1122     4790952         0           0         0      1122
03000000000000   162       891     3523411         2        3560       263       892
03000000000000   005     10270    29003150        65      160039      6022     10304
03000000000000   044      2875     9509641         0           0         0      2875
03000000000000   079      7381    20665715       122      214885     12768      7453
03000000000000   032      2412     7713445        54      117802      5542      2444
03000000000000   040       719     2341555        40       67447      3204       737
03000000000000   022       402      991626        13       17006      1297       409
03000000000000   061       355     1046535       111       69854      8734       405
03000000000000   059      2489    10058481       834     1054208     69369      2884
03000000000000   092        10       51100         0           0         0        10
03000000000000   018      5273    31636118      7719     9951936    561254      8462
03000000000000   016     11990    45661499     16856    11252879   1044561     17925
03000000000000   021      3142     9059442       463      605981     36350      3348
03000000000000   089      3137    10260426       216      227303     12890      3208
04000000000000   000     49336   164519784     14526     9872124    852777     54185
04000000000000   023      1852     5803088        16       23265      2169      1864
04000000000000   029       657     2584479        60      119286      8452       705
04000000000000   025      1388     4254722       114      360505     11347      1452
04000000000000   062       528     2119885         0           0         0       528
04000000000000   162       559     1597447         0           0         0       559
04000000000000   005      4463    11713431         0           0         0      4463
04000000000000   044      3557    11132229        45       36106       866      3562
04000000000000   079      3639    10325878        32       55606      2931      3656
04000000000000   032      4535    13588076       149      256401     17291      4634
04000000000000   040      4212    12473237       167      289635     10736      4273
04000000000000   022       855     3041137       218      227351     22665       984
04000000000000   061       623     1560502       242      151249     22503       751
04000000000000   059      1704     5140036       379      200952     21143      1825
04000000000000   018      5896    34300510      4628     4413012    279258      7484
04000000000000   016     11227    32589095      8435     3671398    449752     13785
04000000000000   021      1340     4431356        13       21577      1017      1345
04000000000000   089      2301     7864676        28       45781      2647      2315
05000000000000   000    325064  1729004464    144647   220473592  10909719    387060
05000000000000   023     19239    81513643      3288     5544238    366567     21322
05000000000000   029      3720    18890398       354      954067     31349      3916
05000000000000   025      4117    24716679       434      958101     30800      4291
05000000000000   062      7627    51210430       500        6259       120      7628
05000000000000   162      4926    18786734       583      490028     25963      5073
05000000000000   005     47883   252517006      2144     6770966    273585     49437
05000000000000   044     19444   116901313      1031     3595105    139057     20234
05000000000000   079      3408    15165326       428      772528     40914      3639
05000000000000   032     10561    56899069      1404     4505347    179215     11575
05000000000000   040     33661   172131633      8548    20842824    805252     38237
05000000000000   022     18657    75309899      1952     4197713    210301     19851
05000000000000   081       371     1939140        62      206231      7188       412
05000000000000   061      2345    10054462      1730     2650816    187215      3409
05000000000000   059     11593    57668760      2789     4536769    353892     13604
05000000000000   018     19718   143678312     26541    45847773   1700274     29378
05000000000000   016     78999   398155353     88359   106381433   6142181    113897
05000000000000   021      4013    18155350       555     1034377     49237      4293
05000000000000   089     34782   215310957      3945    11179017    366609     36864
06000000000000   000     49838   227355401     35657    52008404   2851194     66035
06000000000000   023      2038     9123152       128      212590     10038      2095
06000000000000   029       413     1514201       153      360262     21982       537
06000000000000   025      3032    13756615       788     1818708     83372      3505
06000000000000   062       761     4468369         0           0         0       761
06000000000000   162       399     1707394        19       40861      1748       409
06000000000000   005      6472    25275196        75      187569      8813      6522
06000000000000   044      3023    12592797       159      358240     17648      3123
06000000000000   079      1660     7046392       514      973919     47291      1928
06000000000000   032      1086     5456615       155      381539     14791      1170
06000000000000   040      3128    11418025       813     1516789     73822      3547
06000000000000   022       923     3969312       106      196867     11197       987
06000000000000   061       239     1048348        73       68145      4028       262
06000000000000   059      1310     6150658       251      422023     17105      1407
06000000000000   018     10120    62485049      9399    14879348    747641     14370
06000000000000   016     12860    51183260     22164    29164785   1722662     22647
06000000000000   021       984     4007806       759     1178430     57630      1311
06000000000000   089      1390     6152212       101      248329     11426      1454
07000000000000   000     52276   257582560     20443    29396458   1283279     59827
07000000000000   023      2170     9724109       101      250291     10322      2228
07000000000000   029      1128     5050882       251      875056     34734      1325
07000000000000   025      4524    19009225       236      376568      7854      4568
07000000000000   062      1413     7767204         4       11446       649      1417
07000000000000   162       545     2502727        38       75588      3839       567
07000000000000   005      7645    35194013       147      442193     14470      7727
07000000000000   044      2910    13199507         2        6943       341      2912
07000000000000   001       151      758297         0           0         0       151
07000000000000   079      4162    19756707       385      886236     35986      4366
07000000000000   032      1836     8427162        91      268133     11152      1899
07000000000000   040      8794    47860502      2289     7007757    276196     10363
07000000000000   022       728     3448219        24       76290      2440       742
07000000000000   081        54      310440         7       33480      1021        60
07000000000000   061       160      725329         5        6773       383       162
07000000000000   059       763     3528949        92      181750      7142       804
07000000000000   018      3862    26261305      8164    12218117    439673      6485
07000000000000   016      7132    33381705      7523     5122261    357335      9298
07000000000000   021      2189    10812743       856     1198706     61501      2538
07000000000000   089      2110     9863535       228      358870     18241      2215
08000000000000   000     21594    83551593      7965     8587024    490107     24546
08000000000000   023       690     2482818        71       43406      3696       713
08000000000000   029       233      955388       135      262202     11525       300
08000000000000   025      1483     5272436        38       47541      3099      1501
08000000000000   062       637     3885132         0           0         0       637
08000000000000   162       272      914630        39       43030      3828       294
08000000000000   005      2650     9349016       146      237739     15224      2739
08000000000000   044      1585     5075805        32       50621      3325      1605
08000000000000   087       251      940817         0           0         0       251
08000000000000   079      1459     4663923       144      269090     16241      1556
08000000000000   032      1788     6579780       192      289153     17800      1895
08000000000000   040      1777     5590662       152      215499     11595      1847
08000000000000   022       289      905560        18       39981      2464       304
08000000000000   081       122      370263        15       15421      1459       131
08000000000000   061       182      569113       135      117579     11480       251
08000000000000   059       438     1598368       166      143783     10308       500
08000000000000   094       615     2738869        32       41178      2956       632
08000000000000   018      1600    10398744      2924     4137974    188116      2735
08000000000000   016      3695    14028208      3401     2389064    171562      4737
08000000000000   021       367     1791317        12       26473      1456       375
08000000000000   089      1461     5440744       313      217290     13973      1543
10000000000000   000    169940   578969825     42215    47060713   2803169    185955
10000000000000   023      6991    24193895       234      232205     23245      7125
10000000000000   029      2089     7822574        43       53780      3295      2108
10000000000000   025     18139    66039744       475      889720     45867     18400
10000000000000   062      2047     7344053         2        1271       182      2048
10000000000000   162      2319     7989644        27       30207      2166      2331
10000000000000   005     28013    80188141        29       41342      2673     28029
10000000000000   044      7602    27839444        22       34660      2046      7614
10000000000000   079     11175    29324919        63       95151      5559     11207
10000000000000   032     21153    56112839      1303     2405152    129633     21890
10000000000000   040      4389    11601451        30       70059      2688      4404
10000000000000   022      2546     7296061        34       64937      3388      2565
10000000000000   061      1314     2838535       137       93301     11125      1377
10000000000000   059      9724    28111060      2676     2441504    165303     10663
10000000000000   094       740     2677889        21       20219      1479       748
10000000000000   018     14303   100173532     13688    19566814    760764     18643
10000000000000   016     26446    87034846     23171    20753947   1622849     35734
10000000000000   021      3738    10606773        78       76317      5127      3767
10000000000000   089      7212    21774425       182      190127     15780      7302
11000000000000   000    106750   362485142     38694    35900931   2478906    120843
11000000000000   023      4421    15146208        40       66507      2452      4435
11000000000000   029       672     2458699       591     1200815     63914      1036
11000000000000   025      3078    14009941        38       60291      2092      3090
11000000000000   062      1021     3626808         0           0         0      1021
11000000000000   162       993     3175890        24       35643      2380      1007
11000000000000   005     19190    47864268       592     1039030     58784     19524
11000000000000   044      5841    16143254        31       17524       780      5845
11000000000000   087       819     3933705         2         202        18       819
11000000000000   079      8590    22943198       106      153504      9944      8647
11000000000000   032      4360    14271828       208      292334     22484      4488
11000000000000   040      7843    19739178       201      509018     19746      7955
11000000000000   022      1911     5856660       122      180440     12152      1980
11000000000000   061      1241     2916088      2455     2974390    297332      2931
11000000000000   059      3381    10938450       866      798539     66554      3759
11000000000000   018     11927    65600001     13350    14678656    761606     16255
11000000000000   016     25480    92785821     19178    12760444   1096039     31707
11000000000000   021      2819    10286332       437      987383     48309      3093
11000000000000   089      3163    10788813       453      146211     14320      3251
12000000000000   000     48218   177059779     18711    18702721   1067478     54286
12000000000000   023       618     2167812         1        3754       120       619
12000000000000   029       619     2050254       150      277784     10794       681
12000000000000   025      2236     8853710        54       89276      2800      2252
12000000000000   005      2267     8517862        23       61206      1834      2278
12000000000000   044       859     3150786         3        3036       234       860
12000000000000   001       957     2963818        10       12790       762       961
12000000000000   087       197      677994         0           0         0       197
12000000000000   079       921     3048078        34       22566      2772       937
12000000000000   032      2413     8574082        87      176912      6926      2452
12000000000000   040      3716    13264276       517     1242290     49150      3998
12000000000000   022       299     1018584        11       19334       958       304
12000000000000   061       136      429680       540      132036     11308       200
12000000000000   059       980     3879039       278      231574     16033      1071
12000000000000   012     17447    66697024      6098     5836770    300032     19152
12000000000000   112      4545    10775800      3902     2501654    193624      5645
12000000000000   018      2110    12017525      1510     2775940     91168      2628
12000000000000   016      3837    15153855      5218     5127053    360285      5884
12000000000000   021       139      461336         2        3878       160       140
12000000000000   052       482     1496498       240      148210     16004       573
12000000000000   089      3440    11861766        33       36658      2514      3454
13000000000000   000     18066    62403958     11385    11172186    851408     22903
13000000000000   023      1367     4571923       197      178249     20164      1482
13000000000000   029       163      618020       217      404042     19853       277
13000000000000   025       430     2358021        21       48164       759       434
13000000000000   062       286     1150270         0           0         0       286
13000000000000   162       182      546763        10        8435       903       187
13000000000000   005      1765     4910922        49       75400      5347      1795
13000000000000   044      1621     5178734       158      245077     25678      1767
13000000000000   079      1580     4932455       223      320539     29703      1750
13000000000000   032       957     3543083       192      295949     15219      1043
13000000000000   040       749     2236727       226      122591     12343       819
13000000000000   022       525     1936437       260      514748     38127       742
13000000000000   061       174      502786        60       52602      5331       204
13000000000000   059      1555     5409164       720     1101659     80275      2010
13000000000000   018      1999     9036642      2069     2679741    141527      2802
13000000000000   016      3382    10918149      6484     4687517    413704      5732
13000000000000   021       413     1481122       163      202223     21840       538
13000000000000   090       113      333493       116       94234      9545       167
13000000000000   089       805     2739247       220      141016     11090       868
14000000000000   000    111422   475142271     47976    44741225   3571380    132934
14000000000000   023      4961    20333864       251      396270     27178      5124
14000000000000   029      2273    10435759        35       71121      2983      2291
14000000000000   025      3035    20467547        94      187040      5274      3067
14000000000000   062      2204    12438506         0           0         0      2204
14000000000000   162      1694     6983026        11       29292      1472      1703
14000000000000   005     14041    58291208         8       30046       704     14045
14000000000000   044      6851    29546490       999     2662738    119729      7571
14000000000000   087        65      317530         0           0         0        65
14000000000000   079     10035    41902898        35       92286      3740     10058
14000000000000   032      2704    12336561        17       40975      1432      2712
14000000000000   040     11303    43266115       620     1413348     64779     11693
14000000000000   022      2118    10132707       338      996453     50380      2421
14000000000000   061       561     2061010        33       73460      3960       585
14000000000000   059      2681    10932441      1107     1534296    162898      3662
14000000000000   018     12341    67386655     14948    17264357    666755     16357
14000000000000   016     25573    90432504     29237    19543241   2439977     40273
14000000000000   021      2223     8918748        21       33398      1630      2233
14000000000000   089      6759    28958702       222      372904     18489      6870
15000000000000   000     75802   266227905     37271    38106480   2993192     92934
15000000000000   023      2773     9090860       121      162172     10991      2840
15000000000000   029       387     1490872       321      631016     29496       565
15000000000000   025      1235     6554912        34       60343      3795      1258
15000000000000   062      1182     5584879         0           0         0      1182
15000000000000   162       804     2116042         0           0         0       804
15000000000000   005      8951    25287814        21       46104      2241      8965
15000000000000   044      4283    12910337         0           0         0      4283
15000000000000   087        30      132408         1         894        84        31
15000000000000   079      5578    15116963       158       67794      6636      5619
15000000000000   032      1840     6529497         9       16162       881      1845
15000000000000   040      3752    10002632        85      105111      8501      3803
15000000000000   022      1347     3903855       208      215416     16109      1444
15000000000000   061       130      398631        37       31339      3312       150
15000000000000   059      2336     8256583       762      650998     64888      2718
15000000000000   018     13321    76611232     12805    23268726   1499250     21850
15000000000000   016     25051    73107736     22485    12729099   1335131     32705
15000000000000   021      1154     3846813       129       75112      9046      1208
15000000000000   089      1648     5285839        95       46194      2831      1664
16000000000000   000     41127   182654306     24416    32683656   2080334     52946
16000000000000   023      1241     5306557        68      124982      9111      1293
16000000000000   029       394     1985410       420      740133     47041       661
16000000000000   025      2159     9694043       159      345379     18323      2263
16000000000000   062       550     2645515         0           0         0       550
16000000000000   162       333     1303056        26       20563      1521       341
16000000000000   005      3029    12081970       168      426727     19318      3138
16000000000000   044      2488    10124239         0           0         0      2488
16000000000000   079      2774    10389408        72      164815      8689      2823
16000000000000   032       389     1854825        51       87891      4127       412
16000000000000   040      5533    22178083      2662     5169378    239664      6895
16000000000000   022       829     3254666        64      100936      7505       872
16000000000000   061       109      445866        14       17508      1966       120
16000000000000   059      1544     6298780       376      308159     31164      1720
16000000000000   018      3787    30027312      7027    15813284    797793      8320
16000000000000   016     12187    48854928     12874     8585643    852562     17031
16000000000000   021      1108     4755147       119      173598      9806      1164
16000000000000   089      2673    11454501       316      604660     31744      2855
17000000000000   000     38338   138844231     17422    14442746   1050605     44307
17000000000000   023      1983     6074335        68       97526      7839      2029
17000000000000   029       512     1427388       199      528451     25862       659
17000000000000   025      2046     7233814       194      181464     12381      2116
17000000000000   062       611     2605409         0           0         0       611
17000000000000   162       496     1498568        13       16835      1096       502
17000000000000   005      3575     9697916        26       29084      1827      3586
17000000000000   044      3495    10405937       136      143985     11543      3560
17000000000000   079      2667     7531049       136      182739     15159      2753
17000000000000   032       972     3366252        32       47005      1975       983
17000000000000   040      2348     6061578       365      179848      7453      2390
17000000000000   022       120      369506         2        1552       170       121
17000000000000   061       566     1416486         7        5520       551       569
17000000000000   059       815     2781151       123       91585      8699       864
17000000000000   018      4157    27595773      3572     5134600    227978      5454
17000000000000   016      9849    37478671     12154     7498485    710801     13887
17000000000000   021       583     1954118        69       78597      3698       604
17000000000000   089      3543    11346280       326      225470     13573      3619
18000000000000   000     70608   241515121     23914    21086942   1461167     79231
18000000000000   023      2608     8991977        21       32494      1050      2614
18000000000000   029      1008     4478219       440      828938     27906      1177
18000000000000   025      4377    14444175       826     1464740    103170      4998
18000000000000   062       996     3380460         0           0         0       996
18000000000000   162      1321     4660779         0           0         0      1321
18000000000000   005      3855     9724224       154       83760      2008      3867
18000000000000   044      5046    15375845        56      108938      4776      5074
18000000000000   079      6803    19505717         0           0         0      6803
18000000000000   032      2157     7126594        84       89563      5525      2189
18000000000000   040      5497    16868725       368     1243917     61404      5848
18000000000000   022      1054     3214484         1        2774        80      1054
18000000000000   061      1437     3171606       142      123270     16682      1537
18000000000000   059      3365    10534300       969     1115429     94424      3913
18000000000000   018      8406    48222323      6964     9169450    499115     11341
18000000000000   016     16253    50264308     13661     6631813    634113     20008
18000000000000   021      2719     9944945       148      108352      6084      2756
18000000000000   089      3706    11606440        80       83504      4830      3735
19000000000000   000     82629   285459990     25807    18143113   1450535     90887
19000000000000   023      2381     7881516       371      334017     39180      2603
19000000000000   029      1699     6293831       449      470330     34782      1896
19000000000000   025      1767     7500335        52       99748      2536      1782
19000000000000   062      1191     5935395         0           0         0      1191
19000000000000   162       569     1717083        42       21980      3184       587
19000000000000   005      7599    22542959       400      270261     48044      7872
19000000000000   044      5229    16025421         7       10710      1100      5235
19000000000000   087       362     1370881         5       10465       517       364
19000000000000   079      5144    15708743        18       14092       580      5147
19000000000000   032      4056    14670232       169      150155     15843      4146
19000000000000   040     15645    48095023      1206     2080755     94507     16182
19000000000000   022       948     3012756        83       85998      8356       995
19000000000000   061      1208     3163221       353      296957     35327      1408
19000000000000   059      4523    15508220       941      729812     76728      4958
19000000000000   018      8429    48950243      5257     6107262    349338     10415
19000000000000   016     16503    49041457     15353     6518813    663314     20288
19000000000000   021      3120    10798329       798      696531     54396      3429
19000000000000   089      2256     7244345       303      245227     22803      2389
20000000000000   000     18909    68216022      8198     6887183    393407     21140
20000000000000   023      1157     3707898        64      119106      7121      1198
20000000000000   029       342     1428698       227      612650     33046       529
20000000000000   025       712     2904734         4        7286       471       715
20000000000000   062       336     1735266        19       62038      2497       350
20000000000000   162       190      581488         7       16596      1123       196
20000000000000   005      1266     4338306        60       96116      6030      1301
20000000000000   044      2453     8941132       148      314446     19930      2566
20000000000000   087        71      210835        15       19058      1439        79
20000000000000   079      1975     6157840        86      163327      9086      2027
20000000000000   032      1249     4606422        63      152367      7435      1291
20000000000000   040       592     2164224        58      101967      5947       626
20000000000000   022       463     1579011        34       60612      3582       483
20000000000000   061       140      460773        30       46636      2923       157
20000000000000   059       971     3692355       180      249192     11243      1033
20000000000000   012        22       84782        18       15775      1246        29
20000000000000   112         5       11562        33       38477      3031        22
20000000000000   018      1352     6557994       695      868936     34612      1548
20000000000000   016      4136    13681750      6365     3722260    231610      5450
20000000000000   021       249      885837        19       41264      2291       262
20000000000000   090        56      158550         0           0         0        56
20000000000000   089      1172     4326565        73      179074      8744      1222
21000000000000   000     82344   339632309     14475    26601873   1442553     90542
21000000000000   023      3528    13940138       153      341512     18906      3636
21000000000000   029      1376     6528107       277      481251     14414      1457
21000000000000   025      4321    20520064       446      875741     62375      4675
21000000000000   062      1622     8585704         0           0         0      1622
21000000000000   162       870     2910015        27       67071      3912       892
21000000000000   005     11750    41574977       270      591996     41224     11985
21000000000000   044      4702    18206577         0           0         0      4702
21000000000000   001       524     2258313         0           0         0       524
21000000000000   087       291     1400873         0           0         0       291
21000000000000   079      6675    22965443        96      215070     13899      6754
21000000000000   032      6213    23802983       836     1569383     97905      6770
21000000000000   040      4711    16725721       644      914463     55005      5024
21000000000000   022       844     3053154       154      337677     19401       954
21000000000000   061       365     1565006       186      252164     25093       508
21000000000000   059      1968     8523618       110      220514     14718      2052
21000000000000   094      2099     9300397       248      388355     28930      2263
21000000000000   018      9088    58103547      3574     9884489    334597     10990
21000000000000   016     12025    41802318      6428     8493834    593599     15398
21000000000000   021      1917     8079616       363      728167     36951      2127
21000000000000   089      7455    29785738       663     1240186     81624      7918
22000000000000   000     80366   355181582     27864    36913600   1378943     88533
22000000000000   023      4102    17976048       354      998023     12277      4177
22000000000000   029      1784     5725781       319     1257327     29118      1958
22000000000000   025      8835    39924503       504     1270099     22848      8973
22000000000000   062      4951    27035798        76      129733      5087      4981
22000000000000   162       714     2765716        21       43136      1267       721
22000000000000   005      6554    28735709       156      411868      7506      6600
22000000000000   044      3739    17136067       195      585118     22636      3868
22000000000000   001      1111     6719368       158      259234     11954      1179
22000000000000   087       159      846489         7       10930       735       163
22000000000000   079      7110    30752329       697     1874839     80560      7595
22000000000000   032      6755    26826483      1321     2658115     96768      7338
22000000000000   040      6491    21955674       911     2154768     74655      6916
22000000000000   022      1401     5723922        51      171675      6294      1439
22000000000000   081         3       16770         0           0         0         3
22000000000000   080       844     4540302        32      112422      4169       868
22000000000000   061       805     3039853        65       81909      3839       827
22000000000000   059      1146     5589121       169      437775     12976      1224
22000000000000   091       502     2615374        22       66801      2678       517
22000000000000   012        57      249852         0           0         0        57
22000000000000   112        38      138062        11         450        53        38
22000000000000   018      6207    34458087      9850    15628594    507567      9217
22000000000000   016     12850    51992812     12570     7699634    454471     15536
22000000000000   021      1022     4901886        75      246520      7235      1065
22000000000000   089      3186    15515576       300      814630     14250      3273
23000000000000   000    107346   475197279     60946    63435907   4206821    131254
23000000000000   023      3998    17555238       743     1950870     98703      4558
23000000000000   029      1497     6260674         1         801       106      1498
23000000000000   025      1473     9491006        62      167848      6602      1511
23000000000000   062      1994     7902630         0           0         0      1994
23000000000000   162       735     2292233        55       80996      2422       749
23000000000000   005     17199    71944232       220      826797     31665     17379
23000000000000   044      2692    11664184       246      637437     32010      2874
23000000000000   079      9850    38289925       455     1555423     70456     10251
23000000000000   032      1779     7907164       209      359407     17485      1878
23000000000000   040     10481    38771003      3165     6782102    424326     12892
23000000000000   022       958     3310730        33       51197      2981       975
23000000000000   061       204      775211        94      230998     11192       268
23000000000000   059      4063    16568392       967     1269835     86492      4554
23000000000000   012       468     1542512       141      161743     10878       534
23000000000000   112        93      252748        56       41653      3584       114
23000000000000   018     14399   104849469     14309    25621830   1244018     21469
23000000000000   016     29275   111657104     39529    22141941   2089310     41145
23000000000000   021      1143     4958212       283      926920     41924      1381
23000000000000   089      5045    19204612       378      628109     32667      5230
24000000000000   000     60984   281335110     30509    35584418   2339598     74278
24000000000000   023      2433    10136933       122      238944     17921      2536
24000000000000   029      1163     4827008       183      424763     23515      1298
24000000000000   025      2427    12358448       459     1462785     53567      2731
24000000000000   062       507     2889385         0           0         0       507
24000000000000   162       391     1497244        21       38510      2272       404
24000000000000   005      3712    14213428       155      400391     22298      3839
24000000000000   044      4617    19745920       202      337575     23194      4749
24000000000000   079      1633     6665072      1162     2430536    192235      2725
24000000000000   032      2122     9751865       232      543440     27996      2281
24000000000000   040      3401    14395302      1389     3276003    241716      4774
24000000000000   022      1163     4749473        91      215637     10842      1225
24000000000000   080       631     3476272        17       39814       881       636
24000000000000   061       495     2071275       157      208951     13182       570
24000000000000   059      2757    11993363       765     1151002     87452      3254
24000000000000   094      2205     9510600       451      933726     46726      2470
24000000000000   018     10045    53729320      9487    10698062    515357     12970
24000000000000   016     14862    71008637     14981    12039315   1000310     20548
24000000000000   021      3335    14456786       466      761171     40703      3565
24000000000000   089      3085    13858779       169      383793     19431      3196
25000000000000   000     50481   156298374     14077    12005431   1071394     56568
25000000000000   023      1134     3541046        32       41250      3645      1155
25000000000000   029       460     1670526        91       99192      4886       488
25000000000000   025       647     3413535        40       30956      2115       660
25000000000000   062       658     2162747         0           0         0       658
25000000000000   162       525     1361284         0           0         0       525
25000000000000   005      3686     9107157        31       36000      2690      3701
25000000000000   044      3354     8498984        11       22040      1714      3364
25000000000000   087        58      203656         1         508        78        58
25000000000000   079      2536     5625438         0           0         0      2536
25000000000000   032      3034     8652563        76      186346      8969      3085
25000000000000   040     12025    29909753       600     1538787     76108     12457
25000000000000   022       784     2283405       323      640774     48023      1057
25000000000000   061       339      682372       160      101239     10493       399
25000000000000   059      2968     8027435       743      636519     53533      3272
25000000000000   091        11       25605        10       10313      1483        19
25000000000000   018      5235    30448977      1547     2104191    134403      5998
25000000000000   016      8827    28660773     10290     6430704    710130     12862
25000000000000   021      1494     4295165        74       81980      9099      1546
25000000000000   090       115      274723         0           0         0       115
25000000000000   089      2591     7453230        48       44632      4025      2613
26000000000000   000     81512   251641610     26864    21458676   1808338     91801
26000000000000   023      2586     7303639       327      219734     24098      2723
26000000000000   029       745     2223038       277      612590     34710       945
26000000000000   025      4058    14286894       309      337632     14138      4139
26000000000000   062      1166     4627826         0           0         0      1166
26000000000000   162      1046     2900618        91       74100      9058      1097
26000000000000   005     12826    31513754       309      259604     20578     12942
26000000000000   044      6341    19736012       580     1038628     83544      6816
26000000000000   079      8181    19289512       517      579008     36216      8386
26000000000000   032      3106     8834963       300      341955     18835      3214
26000000000000   040     11308    30176284      1625     2010145    144738     12130
26000000000000   022       621     1707344        64       21376      1408       629
26000000000000   061       566     1462698       160      113928     14212       647
26000000000000   059      2384     7252744       592      573197     61341      2732
26000000000000   018      7834    40661814      7310     7257781    472109     10518
26000000000000   016     13337    42487758     13011     5927414    737085     17536
26000000000000   021      1204     3595026      1152     1856744    118790      1879
26000000000000   089      4203    13581686       240      234840     17478      4302
27000000000000   000     16356    54116935      9313     7404044    561372     19543
27000000000000   023       926     2633564        77       88350      7395       968
27000000000000   029       392     1349016       250      379537     37024       602
27000000000000   025       408     1546539       117      230460     10282       467
27000000000000   062       190      615211         3        5732       399       192
27000000000000   162       220      705562        15       22845      1576       230
27000000000000   005      1082     3205865        45       54214      3881      1104
27000000000000   044      2073     7168755       125      165824     10687      2134
27000000000000   079      1430     4308382       203      329580     26266      1579
27000000000000   032       734     2284370        97      131593     10268       792
27000000000000   040       518     1439321        88      103024      8495       566
27000000000000   022       737     2355559        30       43933      3206       755
27000000000000   061        66      199539        38       18343      1705        76
27000000000000   059      1285     4287003       238      256110     20382      1399
27000000000000   018      1345     6948941      1910     2318637    110807      1974
27000000000000   016      3503    10227434      5900     3025361    292160      5163
27000000000000   021       383     1196171        84      106750      8546       431
27000000000000   090        14       41253         2        2298       226        15
27000000000000   089      1050     3604450        91      121453      8067      1096
28000000000000   000     27315    89138003     11063     8881860    907875     32472
28000000000000   023       559     1790871        15       20603      1591       567
28000000000000   029       269      963225       102      100172      7173       310
28000000000000   025       678     2792029        62       54073      4296       702
28000000000000   062       487     1842455         0           0         0       487
28000000000000   162       235      683895         3        3675       319       237
28000000000000   005      2451     6970007        55       75529      5128      2480
28000000000000   044      2144     6685636        10       17276      1116      2150
28000000000000   001        26       89822         0           0         0        26
28000000000000   079      2426     6341961       217      213729     13283      2502
28000000000000   032       592     2108513        72      128068      9180       645
28000000000000   040      3668    10739607       833     1325250    105323      4267
28000000000000   022       310      878952         9       14772      1019       316
28000000000000   061       236      635599       151      129562     16328       329
28000000000000   059      1584     4706839       767     1188036    103538      2172
28000000000000   018      2771    15126208      1020     1378894     79013      3220
28000000000000   016      5925    17790450      7325     4013967    544870      9021
28000000000000   021       533     1974028        32       39735      2860       549
28000000000000   089      2421     7017906       390      178519     12838      2492
29000000000000   000     22566    89417953     10877     9110070    563881     25766
29000000000000   023      1371     4701920        35       45636      1638      1381
29000000000000   029      1279     5396551        25       47311      2148      1292
29000000000000   025       623     3580961        27       57938      1194       629
29000000000000   062       391     2375110         1        1160        46       391
29000000000000   162       416     1635735         0           0         0       416
29000000000000   005      3421    13412751        56      157450      2865      3437
29000000000000   044      1714     6931480         7       12797       819      1719
29000000000000   079      1422     4872720        10       19658       654      1426
29000000000000   032      1117     4578454        59      126800      4161      1140
29000000000000   040      1042     4299798       119      293275     10275      1100
29000000000000   022       442     1547416         3        3312        97       443
29000000000000   061       171      655404         8       14942       538       174
29000000000000   059      1077     4153201       407      391393     18824      1183
29000000000000   091        18       98709         1         516        24        18
29000000000000   092        18       98709         1         516        24        18
29000000000000   018      1890    10964033      2069     3207629    150174      2743
29000000000000   016      3974    10896015      7990     4639023    366981      6059
29000000000000   021       126      567587         8       18501       544       129
29000000000000   089      2054     8651399        51       72213      2875      2068
30000000000000   000     15849    57534919      8646     8391896    602087     19477
30000000000000   023       838     2969727        54       59913      4873       867
30000000000000   029       301     1009370        94      100183      7631       347
30000000000000   025       910     3274956         1         908       120       911
30000000000000   062       274     1252307         0           0         0       274
30000000000000   162       137      459168        17       19372      1610       147
30000000000000   005      1332     4691541        63       80749      6137      1369
30000000000000   044      1633     6174049       297      342864     27252      1797
30000000000000   087         3       10627         4        4364       328         5
30000000000000   079      1396     4079742       110      159837      9638      1455
30000000000000   032       804     2936725        66       94519      5531       837
30000000000000   040       760     2356004        79      125217      1791       771
30000000000000   022       347      992618        45       59074      3686       369
30000000000000   061        81      230298       249      154918     20077       201
30000000000000   059       528     1693134        91       97649      6962       569
30000000000000   018      1452     7165181      1912     3040144    128543      2226
30000000000000   016      2569     9982983      4804     3468796    317667      4482
30000000000000   021       296      999159        23       36219      2207       309
30000000000000   090       293      870923       404      262525     33095       492
30000000000000   089      1895     6386407       333      284645     24939      2049
31000000000000   000    142599   692334972     34248    33372568   1901462    154105
31000000000000   023      6241    25163197       558      873069     68623      6631
31000000000000   029      1448     7070304        62       81059      5025      1477
31000000000000   025     14721    70909323       190      281569     16128     14812
31000000000000   062      1419     5139199        84      108741      5885      1452
31000000000000   162      3011    20516217         0           0         0      3011
31000000000000   005     10258    49887077        25       43970      1875     10269
31000000000000   044      6877    32046584       915     1131401     88612      7380
31000000000000   087       140      562142         5        6201       465       143
31000000000000   079      7390    31123746       175      288787     15551      7478
31000000000000   032      4476    21708354       443     1042044     22436      4608
31000000000000   040     17316    66444337      2209     2833314    210994     18523
31000000000000   022      1972     7758759        67       85611      5515      2003
31000000000000   081       642     3503943         0           0         0       642
31000000000000   061      1490     6509174      1882     1626900    101455      2071
31000000000000   059      2323    10721974       507      642868     25147      2473
31000000000000   091       124      506807         2        2048       124       125
31000000000000   094     10014    47429537       827     1306032     82842     10485
31000000000000   012     12211    80245987      1566     2068819    106412     12943
31000000000000   112      5393    17675624      2053     1397378    112187      6167
31000000000000   018      7417    61395768      6780     8885993    253855      8970
31000000000000   016     17706    77524020     15165     9766025    704858     22016
31000000000000   021      2998    14133706       591      681974     62165      3351
31000000000000   089      7012    34359193       142      218765     11308      7075
32000000000000   000     43164   136414829     16630    18894998   1241970     50221
32000000000000   023      1610     5509164       136      213647     21538      1732
32000000000000   029       226      995626       432     1168892     69845       623
32000000000000   025      2754     9810576       135      233393     14932      2839
32000000000000   062       462     1824027         0           0         0       462
32000000000000   162       171      678861         0           0         0       171
32000000000000   005      4160    12904543        88      179469     13428      4236
32000000000000   044      2301     6921027         0           0         0      2301
32000000000000   001         7       29012         0           0         0         7
32000000000000   079      1523     4308043        68      155879     10067      1580
32000000000000   032      2225     6643094        82      181506     11371      2290
32000000000000   040      8810    29804329      2051     4925838    277743     10388
32000000000000   022       467     1291603         5        6991       516       470
32000000000000   061       686     1976354        94      171403     12664       758
32000000000000   059      1741     5840250       114      138854     12520      1812
32000000000000   018      3561    10903883      3864     4741015    216105      4788
32000000000000   016      9522    27358919      9437     6551288    565145     12734
32000000000000   021      1112     3688406        65       87105      6839      1150
32000000000000   089      1826     5927112        59      139718      9257      1880
33000000000000   000    227644  1052128883     47106    59158477   3032320    245437
33000000000000   023     12750    50811202       193      337854     14850     12835
33000000000000   029      4520    17808869       644      904983     63230      4881
33000000000000   025     18862   107889174       775     2172187     96306     19410
33000000000000   062      4800    32248929         0           0         0      4800
33000000000000   162      1586     5914395       157      259363     21491      1708
33000000000000   005     33232   142506758       469     1163114     47969     33503
33000000000000   044     11865    51711282      1030     1215959     86839     12360
33000000000000   001       161      589391         0           0         0       161
33000000000000   087       645     3147671        28       48752      2194       658
33000000000000   079      5922    25157683       589     1271737     68247      6311
33000000000000   032      8979    42908231       395     1047571     42377      9220
33000000000000   040     38445   155259465      4948    10316861    473608     41143
33000000000000   022      7919    32598028       108      275374     15115      8007
33000000000000   061      1670     6685853      1179     1993290    151828      2533
33000000000000   059      3342    14666353        61      136840      7157      3382
33000000000000   092      1745    11811013        33      101074      3310      1764
33000000000000   094     15260    86962731       292      398457     30613     15434
33000000000000   018     14168    89346566     15347    19616408    661480     18125
33000000000000   016     25807    99917050     20208    16436873   1184751     32885
33000000000000   021      4379    18806083       266      513296     26213      4529
33000000000000   089     11587    55382156       384      948484     34742     11788
34000000000000   000    119844   415575659     39903    45491959   2706157    135285
34000000000000   023      4073    12042139        18       31914      1333      4080
34000000000000   029       692     2945917       414      707091     44057       942
34000000000000   025      5880    22942518       197      220059      8890      5930
34000000000000   062      2250     9350721         0           0         0      2250
34000000000000   162      1136     3338554        14       31177      1305      1143
34000000000000   005     20142    54564686       636     1406490     69001     20534
34000000000000   044     11552    33188272        33       42124      2739     11568
34000000000000   087       290     1175698         0           0         0       290
34000000000000   079      1980     6807269        12       24385      1026      1986
34000000000000   032      4246    14812966       156      288923     15431      4334
34000000000000   040     15897    49148430      2242     6449347    286343     17523
34000000000000   022      2250     7512315       281      494586     33997      2444
34000000000000   081       230      896399         8       16224       872       235
34000000000000   061       891     2306837       149      170308     16414       985
34000000000000   059      3681    11315295      1022      967503     52101      3977
34000000000000   018     11911    74374541     12158    17399640    699598     15900
34000000000000   016     25496    83157366     22324    16835815   1457109     33827
34000000000000   021      2786     9512518       153      315042      9815      2842
34000000000000   089      4461    16183218        86       91331      6126      4495
35000000000000   000     14379    46625707      9238     8418286    658500     18120
35000000000000   023       618     1805052        39       54592      2499       632
35000000000000   029       230      675321       239      774817     24378       369
35000000000000   025       501     1795257        58       60216      3901       524
35000000000000   062       130      410000         0           0         0       130
35000000000000   162        47      143000         3        8085       437        49
35000000000000   005       631     1619371        97      137155      7957       676
35000000000000   044       996     2915659         2        2670       163       997
35000000000000   079       408     1137292        80      108408      9908       465
35000000000000   032      1223     3529200       140      145309      8799      1273
35000000000000   040       812     1786105       296      183295     30246       984
35000000000000   022       352     1008727        35       47732      4256       376
35000000000000   061       126      295716        21       25487      1921       137
35000000000000   059      1055     3730262       619      579649    103496      1644
35000000000000   018      1958     9691359      2135     3361644    201640      3103
35000000000000   016      3603    10081480      5198     2698991    242158      4980
35000000000000   021       266      802697        43       46349      2645       281
35000000000000   089      1423     5199209       233      183887     14096      1500
36000000000000   000    111785   436925793     66531    65676295   4321821    136370
36000000000000   023      7812    34431565       523      824603     52465      8113
36000000000000   029       776     3067642       123      105019      9010       828
36000000000000   025      2426    11132909       477     1203904     59377      2763
36000000000000   062      1450     7279271         0           0         0      1450
36000000000000   162      1224     4485344        17       33606      2161      1236
36000000000000   005     16360    59718865        65      146972      7977     16405
36000000000000   044      6841    29131635       590      737101     50516      7128
36000000000000   079      2808    13140373       297      399999     32384      2992
36000000000000   032      3520    16307936       281      429822     25959      3667
36000000000000   040      9149    26594615      3095     6851300    363923     11217
36000000000000   022      2247     8126766       440      471405     30631      2421
36000000000000   061       490     1769258       249      375012     28138       650
36000000000000   059      3061    10874832       841     1316947     85699      3548
36000000000000   018     15032    89007387     21055    27206705   1151378     21591
36000000000000   016     31680    91049886     37796    24550796   2368267     45146
36000000000000   021      2421    10607608       275      479599     22739      2550
36000000000000   089      4488    20199901       407      543505     31197      4665
37000000000000   000     57099   185782978     24236    17706453   1372860     64977
37000000000000   023      1744     5734070       101      152252      8740      1793
37000000000000   029       750     2549668       170      288756     18860       857
37000000000000   025      2519     9512734       146      195510     10769      2580
37000000000000   062       978     3930750        25       38179      2015       989
37000000000000   162       823     2279404        75       80956      6786       861
37000000000000   005      5481    15775139       227      257718     15607      5570
37000000000000   044      2859     8218198        92       89965      5771      2892
37000000000000   001        11       43589         0           0         0        11
37000000000000   079      5713    14614980       236      222539     19951      5827
37000000000000   032      5791    17929568       306      520332     28523      5953
37000000000000   040      2421     6858844       116      177000     11835      2488
37000000000000   022      1338     4441581       155      154348     12451      1409
37000000000000   081        71      228341        12        7448       813        76
37000000000000   061       649     1683743        52       47658      4172       672
37000000000000   059      1736     5089478       861      632425     47972      2007
37000000000000   092       512     2406712         0           0         0       512
37000000000000   018      5551    29311303      6733     7085288    394913      7838
37000000000000   016     14020    41463524     14658     7433575    763686     18401
37000000000000   021      1871     6045812        92      111062      6616      1907
37000000000000   089      2261     7665540       179      211442     13380      2334
38000000000000   000     50698   188829328     24543    26207955   1273449     57932
38000000000000   023      3938    13454315       342      518895     40428      4168
38000000000000   029      1064     3719055       188      284710     14804      1148
38000000000000   025      2895    10522390       287      683166     34503      3091
38000000000000   062       702     2929839         0           0         0       702
38000000000000   162       489     1754957       149      104482      5063       518
38000000000000   005      4880    17016880       116      297204     14254      4961
38000000000000   044      3336    13295663        46      116786      7385      3378
38000000000000   001        16       54383         0           0         0        16
38000000000000   079      5540    18230070       482      884767     22435      5666
38000000000000   032      2541     8763071       336      550070     30115      2714
38000000000000   040      4045    13777713      2865     4984443    133058      4801
38000000000000   022      2164     9112358       121      268340     12212      2234
38000000000000   061       421     1287717        14       21196      1305       428
38000000000000   059      2530     8431085       427      593637     40345      2759
38000000000000   018      7138    33789628      7498     9915708    417966      9512
38000000000000   016      6345    23047489     11386     6666463    481251      9080
38000000000000   021       887     3208313       104      139908      8069       933
38000000000000   090       193      692727         9       11652       740       197
38000000000000   089      1574     5741675       173      166528      9516      1626
39000000000000   000    139035   545372456     51764    67444527   3516598    159682
39000000000000   023      6665    24764662       443      724988     45242      6938
39000000000000   029      3039    10238888      1065     2551001    111277      3698
39000000000000   025      2992    14867932        10       24460      1570      3001
39000000000000   062      4690    22722778         0           0         0      4690
39000000000000   162      1225     5943452        62      159100      7043      1265
39000000000000   005     17072    60346595       453      838207     25776     17227
39000000000000   044     13126    42322018       667     1393547     81475     13608
39000000000000   001        43      171988         0           0         0        43
39000000000000   087       164      652820         0           0         0       164
39000000000000   079     12268    42781198       295      822470     34540     12476
39000000000000   032      1626     6767035        36      102223      3253      1646
39000000000000   040     12090    35728249       988     1661962     66486     12485
39000000000000   022      3351    12337238       655     1542576     97403      3938
39000000000000   061       758     2548629       732     1606894    111520      1430
39000000000000   059      5771    23848857      1446     3033802    101019      6368
39000000000000   018     13125    93133605     10980    28191190    931929     18501
39000000000000   016     28418    99804377     33485    23996911   1849897     39301
39000000000000   021      3870    14578778       149      272506      8192      3919
39000000000000   090      2919     8655710         0           0         0      2919
39000000000000   089      5823    23157647       298      522690     39976      6065
40000000000000   000     17981    78515156      6532     5654884    333563     19942
40000000000000   023       938     3887034         9       17103       899       944
40000000000000   029       660     2460385       229      245163      7209       706
40000000000000   025      1241     5610389        22       79943      2604      1258
40000000000000   062       224     1398455         0           0         0       224
40000000000000   162        84      363732         6       12329       252        85
40000000000000   005      1738     8271048         5        8564       213      1739
40000000000000   044       856     3756709        17       36237      1528       865
40000000000000   001       190      876844         2        5674       224       191
40000000000000   079      1456     7064914        50       98893      4220      1484
40000000000000   032      1251     5570860        57       49994      1505      1260
40000000000000   040      1060     4580416         5       12905       458      1063
40000000000000   022       498     2098121        14       18141       598       502
40000000000000   081       123      646550         1        1329       133       124
40000000000000   080       240      980242         0           0         0       240
40000000000000   061        69      221490         0           0         0        69
40000000000000   059       480     2185759        38       70464      3399       500
40000000000000   094       784     2868982        45      126616      7423       826
40000000000000   012       427     2016896        73       94513      6602       470
40000000000000   112        87      255135        81       87848      8717       143
40000000000000   018      1754     8472173      2741     2927961    130606      2510
40000000000000   016      2178     7476645      3010     1511948    144894      3020
40000000000000   021       514     2497677        68      180038      8774       571
40000000000000   089      1129     4954700        59       69221      3305      1148
41000000000000   000     68548   216953029     21784    18172430   1331669     76498
41000000000000   023      3126     9711578        54       85324      3008      3144
41000000000000   029       569     2021094       499      477100     33605       771
41000000000000   025       685     2965080         7        7026       360       687
41000000000000   062      1236     4241384         0           0         0      1236
41000000000000   162       622     1722434         0           0         0       622
41000000000000   005      7362    18179628         3        6110       212      7363
41000000000000   044      4937    13431528         8       13444       416      4940
41000000000000   087       577     2817350         5       11471       828       582
41000000000000   079      4435    11577624        12       18512       548      4437
41000000000000   032      6652    19491948       175      411457      9930      6711
41000000000000   040      7705    16660852       219      489291     27281      7862
41000000000000   022      1248     3738666         0           0         0      1248
41000000000000   061       552     1433781         9        8589       687       556
41000000000000   059      1824     5368834       216      242703     21915      1956
41000000000000   091         9       44829         0           0         0         9
41000000000000   092      1737     8859726        16       52715      2132      1749
41000000000000   018      8499    45792382      9635    10046619    576150     11952
41000000000000   016     12841    36117745     10910     6278245    653729     16738
41000000000000   021      2716     8611844         6        7776       350      2717
41000000000000   089      1216     4164722        10       16048       518      1218
42000000000000   000     11255    36864934      5303     5118683    391373     13477
42000000000000   023       381     1232444        69      144688      7764       426
42000000000000   029       279      887320        67      104682      4974       307
42000000000000   025       442     1536928       138      233872     13840       521
42000000000000   062       192      719042         3        5616       312       194
42000000000000   162       104      280714         4        4654       474       107
42000000000000   005       726     1937540        97      178134     12152       795
42000000000000   044       881     2704144       209      408776     23338      1014
42000000000000   079       944     2459132       137      288290     19528      1055
42000000000000   032       495     1636554       209      483754     24380       633
42000000000000   040       750     1909422       205      386874     25444       894
42000000000000   022       276      680976        16       20840      2136       288
42000000000000   061       111      307610        36       56310      4116       134
42000000000000   059       685     2094977       456      485008     35914       888
42000000000000   018      1419     8264838      1085     1213417     84879      1900
42000000000000   016      2458     6781353      2389      833025    114184      3107
42000000000000   021       379     1074302        64       90763      6134       414
42000000000000   089       733     2357638       119      179980     11804       800
43000000000000   000     73487   238759896     25511    21618068   1571752     82786
43000000000000   023      3063    10818630        45       59788      4724      3091
43000000000000   029       839     2960063        33       31625      1619       849
43000000000000   025      2245     9715514         9       11331       754      2250
43000000000000   062      1149     4448296         0           0         0      1149
43000000000000   162       815     2349100        11       16120       672       819
43000000000000   005      7120    19681824        38       66618      3608      7142
43000000000000   044      4396    12178916         0           0         0      4396
43000000000000   079      6328    15957189         7        8716       670      6332
43000000000000   032      3560    11336535       133      107087      5637      3593
43000000000000   040      7729    21900675       217      588985     30945      7906
43000000000000   022      1487     4248960       174      229372     18428      1598
43000000000000   061      1061     2113418       118       66898      9866      1120
43000000000000   059      3291    10218556       586      618384     61889      3652
43000000000000   018      8347    45893253      9076     9618766    521975     11453
43000000000000   016     17344    50305379     14349     9732948    885578     22569
43000000000000   021      1957     6241951       657      426514     23474      2099
43000000000000   089      2756     8391637        58       34916      1913      2768
44000000000000   000    243294   859406889     76287    90425110   5436910    274352
44000000000000   023      9459    32160286       181      228149     12833      9539
44000000000000   029      2542     8480570       583      678366     40200      2773
44000000000000   025      5327    22214979       208     1095690     22112      5470
44000000000000   062      2242     8247398         0           0         0      2242
44000000000000   162      1861     5146409        30       30664      2400      1875
44000000000000   005     45141   109178061       601      660755     51517     45474
44000000000000   044     14691    44149433       555      807385     25409     14836
44000000000000   079     18908    49810176       319      513279     32700     19119
44000000000000   032     12510    41726059       691     1500173     56161     12832
44000000000000   040     29329    98768133      1994     4536068    239018     30687
44000000000000   022      4422    13738038        59       84645      5568      4458
44000000000000   061      1011     2560552       214      161655     19408      1121
44000000000000   059     10033    37251060      3143     5018906    241449     11408
44000000000000   012        13       45109         0           0         0        13
44000000000000   018     21154   157408168     24090    36123718   1678077     30691
44000000000000   016     53493   189928302     42778    37568120   2928055     70129
44000000000000   021      4362    15177544       452      891127     48752      4675
44000000000000   089      6796    23416612       389      526410     33251      7010
45000000000000   000     41933   146934866     19677    15435813   1264506     49164
45000000000000   023      1567     5102464       249      185497     16271      1658
45000000000000   029       165      784610       111      133440     11305       230
45000000000000   025      1442     5078522       190      318248     12454      1512
45000000000000   062       441     1496954         0           0         0       441
45000000000000   162       353     1242488        51       50375      4010       376
45000000000000   005      3245     9592678       295      222924     20846      3364
45000000000000   044      1645     5737207        39       46957      3201      1663
45000000000000   079      3077     9316462       293      391575     26174      3227
45000000000000   032      1853     5830871       296      422256     26107      2001
45000000000000   040      5501    16331255       364      343809     27494      5657
45000000000000   022       796     2550789        69       75679      5105       825
45000000000000   061       232      747920        56       57889      5710       265
45000000000000   059      1112     3682894       201      190764     14023      1191
45000000000000   018      4481    30948758      3564     3295250    164087      5428
45000000000000   016     13325    39512473     12948     8795219    855344     18216
45000000000000   021       828     2748914       416      458854     34434      1023
45000000000000   090       218      541843       255      135461     15686       307
45000000000000   089      1652     5687764       280      311616     22255      1780
46000000000000   000     13215    51479439      2764     3543547    194424     14353
46000000000000   023       633     2472469         8       17750      1001       640
46000000000000   029       483     1636951       204      395052     21020       602
46000000000000   025       587     2416396        58      123778      6503       624
46000000000000   062       300     1570654        26       22964      1660       309
46000000000000   162       205      808976        36       40729      3596       225
46000000000000   005      1161     4020914        14       33675      1756      1171
46000000000000   044      1085     3806758        10       28116      1277      1092
46000000000000   079      1202     4486637        52      141853      7360      1244
46000000000000   032       530     2249738       295      457264     30106       701
46000000000000   040       201      691842         7       22930       837       206
46000000000000   022       270      995658         3        9217       427       272
46000000000000   061       118      464747         7       17982       892       123
46000000000000   059       559     2347741        56      222774      7843       605
46000000000000   018      1296     7817558       467      857155     30534      1480
46000000000000   016      2867     8953900      1358      847557     63269      3248
46000000000000   021       548     2192804        38       77694      3791       570
46000000000000   090        55      206250         1         651        58        55
46000000000000   089      1115     4339446       124      226406     12494      1186
47000000000000   000    102148   376734153     47518    47635211   3062804    119548
47000000000000   023      3849    13872038       603      801798     64982      4217
47000000000000   029       507     2185148       249      538214     27223       664
47000000000000   025      3537    14560582       424      622994     25956      3686
47000000000000   062      1908     8271504         0           0         0      1908
47000000000000   162       744     2262808       158      221104     16982       840
47000000000000   005     13963    38220036       443      616886     45890     14224
47000000000000   044      9241    32912524       736      599959     41238      9475
47000000000000   087       137      636322         4        4060       400       139
47000000000000   079      2215     7725794       218      411820     23472      2348
47000000000000   032      4845    17088706       459      672684     42186      5085
47000000000000   040     12340    37518016      1237     2162841    106516     12945
47000000000000   022      1268     4183758       520      826756     63586      1629
47000000000000   061       594     1817162       663      508328     49516       875
47000000000000   059      2998    10086746       344      441640     31626      3177
47000000000000   018     13343    81431094     14104    20536309    782049     17783
47000000000000   016     23720    76965882     24673    15881187   1510890     32302
47000000000000   021      2566    10021604       593      613712     41092      2800
47000000000000   090       780     2291514      1491     1244588    128470      1510
47000000000000   089      3593    14682915       599      930331     60730      3941
48000000000000   000     97842   399789832     52462    57301785   3413001    117282
48000000000000   023      2601    10363410       222      408007     19830      2715
48000000000000   029      1243     4995217       380      754138     41884      1482
48000000000000   025      1796     9416129       180      385701     16546      1891
48000000000000   062       983     5499808         0           0         0       983
48000000000000   162      1230     5052418         0           0         0      1230
48000000000000   005      8819    30479271       576      867012     48740      9095
48000000000000   044      6822    29620490       320      732358     35200      7022
48000000000000   079      9352    37492346      1237     2002122     98942      9914
48000000000000   032      4974    18527554      1137     2135534    114962      5628
48000000000000   040      8282    34498507      3070     8814224    254082      9726
48000000000000   022      2436     9126526       336      643618     37000      2646
48000000000000   081       129      558314        22       86210      3292       148
48000000000000   061       587     1842930       132      215516     21974       712
48000000000000   059      4544    18108864       718     1054087     66392      4921
48000000000000   018     11277    58757944     12344    20513411    715355     15346
48000000000000   016     25547    97711129     29884    16034784   1790435     35752
48000000000000   021      1779     7175834       887      984680     47975      2059
48000000000000   090       487     1356224       508      769754     57822       816
48000000000000   089      4954    19206917       509      900629     42570      5196
49000000000000   000     34934   106499253      9395     7500346    463042     37710
49000000000000   023      2531     7143598        26       26641      1862      2542
49000000000000   029       211      677486       336      979790     32855       422
49000000000000   025      1363     4588274        20       16614      1800      1373
49000000000000   062       625     2364070         0           0         0       625
49000000000000   162       351      735700        16        8308       832       356
49000000000000   005      3304     7078622         7       11408      1022      3310
49000000000000   044      5185    16140920        31       60055      4125      5208
49000000000000   001         2        9076         0           0         0         2
49000000000000   087         2        6854         0           0         0         2
49000000000000   079      3294     7562622        36       49646      3882      3316
49000000000000   032       866     2442478        40       39264      2690       881
49000000000000   040      1609     3582972       107      118094      9614      1664
49000000000000   022       607     1674182        21       16938      1606       617
49000000000000   081        10       35332         0           0         0        10
49000000000000   061       403      795768       327      197282     31892       584
49000000000000   059      2181     6819844       189      175370     15378      2273
49000000000000   094         7       23764         0           0         0         7
49000000000000   018      3215    16617429      3815     3778439    137595      4042
49000000000000   016      5772    17681902      4081     1746648    196073      6953
49000000000000   021      1374     4340304       196      150176     10996      1439
49000000000000   090        52      137230         1        1080       134        53
49000000000000   089      1970     6040826       146      124593     10686      2031
50000000000000   000     54985   237568141     41027    38256078   2675185     70189
50000000000000   023      2565    10556371       613      945803     62338      2919
50000000000000   029       856     3582287       345      739258     30950      1032
50000000000000   025      1804    10354348       292      794674     31119      1981
50000000000000   062       573     2510800         1         261         9       573
50000000000000   162       303     1147115        31       43800      3206       322
50000000000000   005      9138    32192575       962     2145703     98725      9700
50000000000000   044      1618     7048462       166      263307     15753      1708
50000000000000   079      1111     4076069       370      674863     39653      1336
50000000000000   032      1413     6233442       560      930360     50256      1699
50000000000000   040      3026    10637403      1226     2080851    104632      3621
50000000000000   022       950     3778513        40       55493      3580       970
50000000000000   061       145      495391        60       98700      5772       178
50000000000000   059      1912     7350184      1144     1573064    106130      2515
50000000000000   018      7811    47719219      9677    10911446    595013     11192
50000000000000   016     15626    63912270     24003    14498676   1389134     23519
50000000000000   021      1003     4198516       281      404304     20670      1120
50000000000000   089      5131    21775176      1256     2095515    118245      5804
51000000000000   000     11060    37487504      3209     2125186    120332     11736
51000000000000   023       530     1908880         8       11892       693       533
51000000000000   029       133      545431       185      152101      9194       184
51000000000000   025       510     2063020        26       36233      2255       522
51000000000000   062       176      720063         0           0         0       176
51000000000000   162        86      297145         0           0         0        86
51000000000000   005       913     2533646         6        6315       520       916
51000000000000   044      1600     5532761        55       77669      5283      1630
51000000000000   079       763     2367214        44       41668      3536       783
51000000000000   032       619     2070632       108      146656      8982       671
51000000000000   040       772     1900737        47       54934      4073       795
51000000000000   022       261      795384        32       35769      2773       277
51000000000000   061       100      289695        18       13175      1503       109
51000000000000   059       818     2682024        16       17201      1096       823
51000000000000   018       933     4928507       740      636099     22362      1060
51000000000000   016      1799     5344693      1851      829174     51823      2093
51000000000000   021       244      929020         5        4461       434       246
51000000000000   090        31       95157         0           0         0        31
51000000000000   089       772     2483495        68       61839      5805       801
