01000000000000   000     75538   278089244     27839    26078244   1681220     85223
01000000000000   023      2590     9234485        68       47441      5278      2620
01000000000000   029       546     2182012        88      112407      6264       582
01000000000000   025      3334    13450629        95      177092      3750      3356
01000000000000   062       755     3573199         0           0         0       755
01000000000000   162       677     1932632         0           0         0       677
01000000000000   005      4847    15292782        11       16996      1237      4854
01000000000000   044      4400    12614322        99       62822      7920      4445
01000000000000   087       509     2125938         1        1200        45       509
01000000000000   079      4316    12087974        23       35204      1956      4327
01000000000000   032      5075    16362426       436      479745     55266      5389
01000000000000   040     10483    35663376      1684     3761481    144522     11304
01000000000000   022       989     3373618        64       67562      7776      1033
01000000000000   061       469     1207580       156      110734     15928       560
01000000000000   059      2065     7276763       225      231405     21995      2189
01000000000000   018      8997    56241731      8342     8602088    397405     11308
01000000000000   016     19680    66499653     15962    11787559    955639     25192
01000000000000   021      3109    10374322       154      135420      7287      3151
01000000000000   090       702     1609820         6        9800       628       706
01000000000000   089      1995     6985982       425      439288     48324      2266
02000000000000   000     23150   101803414      5422     5731028    346534     25151
02000000000000   023       967     4384871        46       61516      3236       986
02000000000000   029       746     3137883        38       49928      2533       761
02000000000000   025      1269     5948683        75      127261      5507      1301
02000000000000   062       278     1686230         0           0         0       278
02000000000000   162       156      543065        65       23735      1712       166
02000000000000   005      1709     7538399        37       57089      4329      1733
02000000000000   044      3055    14351160        25       29132      2022      3066
02000000000000   079      1678     6123823       143      190174     18490      1783
02000000000000   032       617     2759086        28       52281      2555       631
02000000000000   040       209      849331        16       25066      2003       220
02000000000000   022       470     1727292         7        6897       448       473
02000000000000   061        71      281101         2        2876       148        72
02000000000000   059      2272     9621567       122      201192     10005      2330
02000000000000   012      1919     8221420       483      387043     29977      2104
02000000000000   112       905     2324459       596      446358     34518      1116
02000000000000   018       923     6582145      1070     1240241     32989      1110
02000000000000   016      2729    11131403      2578     2737861    191099      3815
02000000000000   021       241     1006854        21       14435      1098       247
02000000000000   089      2936    13584642        70       77943      3865      2959
03000000000000   000     57114   216336266     26072    24403166   1714162     66858
03000000000000   023      3700    12231900        39      107678      4072      3723
03000000000000   029       660     2616584       159      276750     11955       729
03000000000000   025      2229     8953689       118      231304     11196      2292
03000000000000   062      1174     5688122         0           0         0      1174
03000000000000   162       825     3379577        38       54405      2336       839
03000000000000   005      9671    29178114        72      184665      6781      9710
03000000000000   044      2875     9744529         0           0         0      2875
03000000000000   079      5794    16613028        92      177224      8139      5840
03000000000000   032      2434     8396534       100      123132      5966      2468
03000000000000   040       660     2444314        70       75360      3372       679
03000000000000   022       402     1036252        70       90271      7408       444
03000000000000   061       347     1168737       151       68235      8236       394
03000000000000   059      2573    11064824       757      838624     60995      2921
03000000000000   092         9       51960         0           0         0         9
03000000000000   018      5477    34472980      7865    10360386    574557      8742
03000000000000   016     12181    48991965     15978    11061066    966229     17671
03000000000000   021      2951     9329790       382      512423     29964      3122
03000000000000   089      3152    10973367       181      241643     12956      3226
04000000000000   000     53335   167339672     14794    10431787    844331     58147
04000000000000   023      1890     5655760        31       51364      4583      1917
04000000000000   029       677     2565390         5        8440       536       682
04000000000000   025      1281     3743482        74      209371      7173      1322
04000000000000   062       569     2117972         4        7350       642       573
04000000000000   162       605     1608653         0           0         0       605
04000000000000   005      4945    12340329         1        2032       142      4946
04000000000000   044      3766    11963277        28       36560       855      3771
04000000000000   079      3668    10038403        54       39269      2059      3680
04000000000000   032      4735    14076640       141      281202     17409      4835
04000000000000   040      4990    12114411       129      282399     10492      5050
04000000000000   022       966     3005651       218      270029     26270      1115
04000000000000   061       691     1575558       287      146716     22875       821
04000000000000   059      1798     5223704       538      440259     42792      2041
04000000000000   018      6458    35446859      5230     5009849    299714      8161
04000000000000   016     12394    33272216      7852     3265274    383077     14575
04000000000000   021      1491     4726561        47       68892      3575      1512
04000000000000   089      2411     7864806       155      312781     22137      2541
05000000000000   000    331477  1822203766    143183   228882825  10933429    393609
05000000000000   023     19457    83251748      3498     5604902    362235     21517
05000000000000   029      3805    19419942       362      945545     31427      3988
05000000000000   025      4244    23735317       452     1032599     32981      4432
05000000000000   062      7387    46488647       456      663561     13575      7464
05000000000000   162      4929    18799273       791      819813     36340      5136
05000000000000   005     49055   277428843      1993     6537081    252601     50491
05000000000000   044     19469   123872089      1158     5183000    145767     20297
05000000000000   079      3447    14893841       228      564356     22626      3574
05000000000000   032     10670    59342730      1455     4733334    184466     11717
05000000000000   040     34459   181194121      8210    22671363    839623     39229
05000000000000   022     18337    75780071      1603     3444993    171191     19310
05000000000000   081       355     1865171        62      203114      6995       395
05000000000000   061      2383    10504446      1563     2289819    158083      3282
05000000000000   059     11599    58738299      2577     4397226    321498     13427
05000000000000   018     21464   165547542     30980    54721560   2127267     33551
05000000000000   016     81336   420287322     83160   101937634   5791455    114242
05000000000000   021      3988    18042581       546     1015657     48687      4266
05000000000000   089     35093   223011783      4089    12117268    386612     37291
06000000000000   000     50414   236612960     35308    54287454   2998528     67451
06000000000000   023      2009     9074544       136      219496     10124      2066
06000000000000   029       411     1587634       156      406287     24238       549
06000000000000   025      3182    14686318       818     1939242     86470      3673
06000000000000   062       761     4578738         0           0         0       761
06000000000000   162       399     1749567        19       41870      1748       409
06000000000000   005      6521    25945114        67      185333      8463      6569
06000000000000   044      3038    12822293       174      374385     17999      3140
06000000000000   079      1724     7474119       554     1007795     50513      2011
06000000000000   032      1100     5678148       158      432100     16369      1193
06000000000000   040      3072    11724093       853     1637782     85089      3556
06000000000000   022       888     3944132        97      163807     13638       965
06000000000000   061       266     1092017        64       86312      4979       294
06000000000000   059      1311     6322602       311      427219     16931      1408
06000000000000   018      9963    63874991      9342    15751748    781886     14406
06000000000000   016     13446    55656484     21690    29962021   1800621     23677
06000000000000   021       859     3699625       782     1443617     69851      1255
06000000000000   089      1464     6702541        87      208440      9609      1519
07000000000000   000     53918   272986913     20968    32541227   1366711     61971
07000000000000   023      2185    10153353        97      239888      9445      2239
07000000000000   029      1173     5480802       245      826931     31745      1353
07000000000000   025      4665    20543730       281      400338      7986      4711
07000000000000   062      1474     7888031         1        2462       137      1475
07000000000000   162       566     2534740        50       98962      4816       594
07000000000000   005      7705    36553585       148      443893     14180      7786
07000000000000   044      3004    14184544         3       11159       525      3007
07000000000000   001       159      956612         0           0         0       159
07000000000000   079      5070    26130118       472     1399056     52348      5368
07000000000000   032      1841     8515409        91      262331     10151      1899
07000000000000   040      8437    43298564      2825     9233783    345465     10400
07000000000000   022       718     3581907        27       32345      1009       724
07000000000000   081        56      325465         7       24983       954        62
07000000000000   061       173      841214         2        2655       146       174
07000000000000   059       770     3672561        83      185884      6977       810
07000000000000   018      3951    28338716      7769    12413384    436795      6563
07000000000000   016      7275    35906962      7536     5079796    350490      9418
07000000000000   021      2397    12565503      1049     1448155     72166      2808
07000000000000   089      2299    11515097       282      435222     21376      2421
08000000000000   000     22279    87913703      8503    10861356    554398     25614
08000000000000   023       772     2454361        20       22877      1065       778
08000000000000   029       216      922344       154      111068      6429       254
08000000000000   025      1629     6976952        49       98816      4798      1658
08000000000000   062       669     4294128         0           0         0       669
08000000000000   162       291     1049267        15       16986      1131       298
08000000000000   005      2778    10644175        68       96927      7005      2821
08000000000000   044      1857     5660689         5       11528       542      1860
08000000000000   087       251      964055         0           0         0       251
08000000000000   079      1567     5117944       104      172437     10720      1631
08000000000000   032      2040     7247232       164      290170     16414      2138
08000000000000   040      1774     5613001       108      137255     10068      1835
08000000000000   022       301      988121        23       41267      2270       314
08000000000000   081       129      439581        18       23889      1946       141
08000000000000   061       222      670751       116      103576      9297       278
08000000000000   059       467     1705254       148      140035     10152       527
08000000000000   094       615     2806520        32       42194      2956       632
08000000000000   018      1446     9591898      3725     5671649    239086      2886
08000000000000   016      3456    13209873      3472     3645800    217230      4765
08000000000000   021       333     1737121        30       49281      2145       346
08000000000000   089      1466     5820436       252      185601     11144      1532
10000000000000   000    173112   609256894     42383    47748653   3186293    191215
10000000000000   023      7054    25461173       228      238259     21231      7174
10000000000000   029      2092     8015571        47       67966      3791      2114
10000000000000   025     19744    76326644       643     1075283     61418     20093
10000000000000   062      2086     7728456         6        3262       416      2088
10000000000000   162      2364     8391725        21       22160      1597      2373
10000000000000   005     28777    84614857        26       41430      2389     28790
10000000000000   044      7453    28721339        21       33501      1605      7462
10000000000000   079      9694    24813940        65       90906      5636      9726
10000000000000   032     23277    64311284      1540     2528259    159735     24186
10000000000000   040      3776     9731111        29       56792      2430      3790
10000000000000   022      2427     7390650        24       47367      2242      2440
10000000000000   061      1379     3041802       158      137358     11033      1442
10000000000000   059      9414    28302813      2675     2521234    166396     10358
10000000000000   094       740     2744033        21       20716      1479       748
10000000000000   018     14743   103339838     14454    19512341    986112     20346
10000000000000   016     27254    93016798     22165    21022578   1734271     37108
10000000000000   021      3679    11052023        83      153024      9454      3733
10000000000000   089      7159    22252837       177      176217     15058      7244
11000000000000   000    109463   382191225     40248    38456459   2619862    124361
11000000000000   023      4426    15578531        34       76987      2372      4439
11000000000000   029       628     2370431       581     1200166     62402       983
11000000000000   025      3435    15794507        38       52640      1985      3446
11000000000000   062       998     3591738         0           0         0       998
11000000000000   162      1004     3327723        28       38154      2760      1020
11000000000000   005     19393    48707756       576     1095572     57908     19722
11000000000000   044      5921    17144331        31       16386       664      5925
11000000000000   087       858     4222812         0           0         0       858
11000000000000   079      9305    25162906       118      162397     10560      9365
11000000000000   032      4802    15197859       194      257389     19176      4911
11000000000000   040      7072    18449329       164      453843     16274      7164
11000000000000   022      2156     6309156       103      141642      9309      2209
11000000000000   061      1213     3022588      1902     2427277    246365      2613
11000000000000   059      3867    11883822       869      781239     67033      4249
11000000000000   018     12284    69571142     13808    16193216    816484     16928
11000000000000   016     25876    99318880     20841    14415936   1245274     32952
11000000000000   021      2945    11232818       423     1002530     47529      3214
11000000000000   089      3280    11304896       538      141085     13767      3365
12000000000000   000     48912   188078460     18711    19197849   1064090     54958
12000000000000   023       689     2551776         1        3754       120       690
12000000000000   029       661     2340834       171      262240     13244       736
12000000000000   025      2349     9818402        63      132888      5448      2380
12000000000000   005      2307     9327396        11       39008       846      2312
12000000000000   044       847     3524024         1        1472        78       847
12000000000000   001      1003     3352330         9       12214       684      1007
12000000000000   087       206      768402         0           0         0       206
12000000000000   079       959     3398354        33       25556      3958       981
12000000000000   032      2556     9817066        94      203290      7680      2600
12000000000000   040      4012    15480690       512     1311548     43142      4258
12000000000000   022       267     1005144         6       11120       518       270
12000000000000   061       139      453880       518       91180      7040       179
12000000000000   059      1032     4397337       288      259422     16797      1127
12000000000000   012     17447    68344440      6098     5980938    300032     19152
12000000000000   112      4545    11041962      3902     2563444    193624      5645
12000000000000   018      2110    12314358      1510     2844506     91168      2628
12000000000000   016      3837    15528155      5218     5253691    360285      5884
12000000000000   021       133      485612         2        4300       160       134
12000000000000   052       482     1533462       240      151870     16004       573
12000000000000   089      3331    12594836        34       45408      3262      3349
13000000000000   000     17870    63952936     10538    10536118    772331     22259
13000000000000   023      1139     4200915       170      177538     19895      1252
13000000000000   029       166      660170       221      411479     19719       278
13000000000000   025       464     2494327         0           0         0       464
13000000000000   062       278     1163937         0           0         0       278
13000000000000   162       218      681766         3        4962       266       220
13000000000000   005      1855     5172938        34       51897      3495      1875
13000000000000   044      1621     5306648       158      251130     25678      1767
13000000000000   079      1577     5148651       222      337631     30633      1752
13000000000000   032       951     3659537       192      312471     15682      1040
13000000000000   040       749     2328433       226      127617     12539       820
13000000000000   022       504     1943168       249      513183     37096       715
13000000000000   061       170      500191        59       52323      5174       199
13000000000000   059      1554     5611916       669     1058861     76076      1985
13000000000000   018      1961     9430974      1930     2565743    129779      2699
13000000000000   016      3279    11087853      6031     4395856    368589      5374
13000000000000   021       439     1544680       127      167931     17262       537
13000000000000   090       119      348249       122       98399      9726       174
13000000000000   089       826     2668583       125        9097       722       830
14000000000000   000    110885   492131697     47875    45149165   3481719    131859
14000000000000   023      5071    22303048       304      504588     33626      5274
14000000000000   029      2472    11760533        34       71546      3128      2491
14000000000000   025      3052    21358464        96      198272      5684      3087
14000000000000   062      2230    13244264         0           0         0      2230
14000000000000   162      1634     6958838        23       47474      2814      1650
14000000000000   005     13638    60578208         7       28476       652     13642
14000000000000   044      6708    29715096       980     2702962    117544      7415
14000000000000   087        65      324462         0           0         0        65
14000000000000   079      9817    43251762        50      130794      4788      9846
14000000000000   032      2665    12597172        16       47636      1720      2675
14000000000000   040     11054    44652353       627     1409593     53663     11378
14000000000000   022      2060     9272960       216      625968     30728      2245
14000000000000   061       565     2149732        37       79332      4216       590
14000000000000   059      2671    11205441      1107     1551502    161053      3640
14000000000000   018     12409    68628909     15044    17840066    671195     16454
14000000000000   016     25939    95533493     29122    19434309   2368490     40207
14000000000000   021      2202     9403707        36       79934      3140      2220
14000000000000   089      6633    29193255       176      396713     19278      6750
15000000000000   000     72985   265090244     36932    38578736   2940698     89799
15000000000000   023      2807     9726498        31       38489      2473      2822
15000000000000   029       472     1959377       249      342081     14259       557
15000000000000   025      1279     6954765        42       68160      3881      1303
15000000000000   062      1150     5769664         0           0         0      1150
15000000000000   162       797     2225770         0           0         0       797
15000000000000   005      7405    21041264        10       18323       959      7411
15000000000000   044      3890    11561191         6        6469       649      3894
15000000000000   087        25      123417         0           0         0        25
15000000000000   079      5533    15297549       159       68215      5574      5567
15000000000000   032      1857     6759359        13       24896       943      1863
15000000000000   040      2611     7464551        69       79085      5889      2646
15000000000000   022      1266     3763913       159      151227     14329      1352
15000000000000   061       129      412661        41       39469      3706       151
15000000000000   059      2402     8650232       743      670555     64853      2783
15000000000000   018     13399    78914782     12788    24097020   1503326     21953
15000000000000   016     25053    74863211     22419    12838306   1312127     32567
15000000000000   021      1189     4005781       126       74497      4783      1219
15000000000000   089      1721     5596259        77       61944      2947      1739
16000000000000   000     41592   197306457     24131    32720845   2053312     53258
16000000000000   023      1271     5512551        62      111402      7791      1315
16000000000000   029       381     1982575       414      652133     43075       626
16000000000000   025      2207    10152987       170      373718     18999      2315
16000000000000   062       550     2710859         0           0         0       550
16000000000000   162       330     1329571        26       21052      1521       338
16000000000000   005      3092    12555813       201      492121     21581      3214
16000000000000   044      2488    10266241         0           0         0      2488
16000000000000   079      2934    11202953        58      130340      6476      2970
16000000000000   032       409     1938760        56       73538      4010       432
16000000000000   040      5715    30341430      2713     5234149    244594      7105
16000000000000   022       689     2878220         4        8167       593       692
16000000000000   061       105      447113        16       13284      1660       114
16000000000000   059      1570     7122112       394      377065     28360      1732
16000000000000   018      3780    30681424      6912    15895903    795493      8300
16000000000000   016     12241    51390876     12680     8603649    838984     17008
16000000000000   021      1103     4809761       113      171108      9036      1154
16000000000000   089      2727    11983211       312      563216     31139      2905
17000000000000   000     38738   138695687     16563    15124194    996028     44393
17000000000000   023      1930     6192396        80       99001      6893      1969
17000000000000   029       513     1475588       208      515964     24947       655
17000000000000   025      2054     7465715       182      172644     11447      2119
17000000000000   062       635     2911233         0           0         0       635
17000000000000   162       497     1566916        13       17497      1059       503
17000000000000   005      3775    10444810        29       31803      1830      3783
17000000000000   044      3454    10773083       142      152671     11774      3521
17000000000000   079      2699     6676452       113      144395     11375      2764
17000000000000   032      1120     4020489        33       72214      2691      1135
17000000000000   040      2424     6408021       357      209027      8457      2473
17000000000000   022       121      344999         1         821        89       122
17000000000000   061       576     1429412        16        6467       584       579
17000000000000   059       802     2830716        92       73205      6845       841
17000000000000   018      4123    28121627      3598     5966214    233279      5449
17000000000000   016     10189    35600923     11367     7336597    656400     13918
17000000000000   021       574     1955179        69       91694      4287       598
17000000000000   089      3252    10478128       263      233980     14071      3329
18000000000000   000     70988   250528520     26342    20230875   1400037     79266
18000000000000   023      2678     9800947         8       10098       524      2681
18000000000000   029      1004     4587060       390      761266     27546      1170
18000000000000   025      4617    15613925       795     1446990    102446      5235
18000000000000   062      1010     3499158         0           0         0      1010
18000000000000   162      1370     5018397         0           0         0      1370
18000000000000   005      4114    10723445       165      107796      2522      4129
18000000000000   044      4835    15053348        55       99920      4260      4860
18000000000000   079      6816    19970435         0           0         0      6816
18000000000000   032      2231     7458154        77      132077      7980      2277
18000000000000   040      5593    17933385       432     1032082     50076      5880
18000000000000   022      1057     3253001         1        2198        62      1057
18000000000000   061      1462     3288473       155      137884     18210      1572
18000000000000   059      3463    11202845       945     1090463     91962      3997
18000000000000   018      8383    49921969      7068     8708961    471258     11150
18000000000000   016     15684    50096628     16042     6521852    613703     19334
18000000000000   021      2800    10698301       152      121912      6678      2840
18000000000000   089      3871    12409049        57       57376      2810      3888
19000000000000   000     76288   268200251     23212    15880168   1238744     83358
19000000000000   023      2442     8215209        98       92235      8213      2490
19000000000000   029      2051     8012801       440      441100     28300      2225
19000000000000   025      1433     5004789        72       60221      4699      1461
19000000000000   062      1121     4854901         0           0         0      1121
19000000000000   162       564     1671754         6        4550       272       566
19000000000000   005      7193    22308105       169      176936     17110      7290
19000000000000   044      4922    15345939        30       39072      3154      4940
19000000000000   087       327     1270785         4        7613       405       329
19000000000000   079      5009    15786024       132       71242      4060      5032
19000000000000   032      3765    14356765       105      111444      8236      3811
19000000000000   040     12540    38478135      1050     1253998     80510     12998
19000000000000   022      1024     3359738        61       68169      6215      1059
19000000000000   061       811     2128218       110       61354      9671       866
19000000000000   059      4381    14973283       855      656902     64302      4746
19000000000000   018      7582    44190336      5110     5898563    344866      9542
19000000000000   016     15348    47549781     14082     6188982    608217     18819
19000000000000   021      3287    11960147       604      529852     29729      3458
19000000000000   089      2488     8733541       284      217935     20785      2605
20000000000000   000     19519    71742963      7350     7010333    377565     21680
20000000000000   023      1349     4437287       105      195216     12084      1418
20000000000000   029       347     1493553       226      548299     29247       514
20000000000000   025       700     3020503        65      119581      5616       732
20000000000000   062       302     1703082         0           0         0       302
20000000000000   162       253      850229         0           0         0       253
20000000000000   005      1294     4768303        54       95711      5407      1325
20000000000000   044      2454     8751262       135      217229     14775      2538
20000000000000   087        71      216042        15       19530      1439        79
20000000000000   079      1976     6413026       109      197418     10649      2037
20000000000000   032      1256     4788009        59      144110      6839      1295
20000000000000   040       588     2186695        72      148170      5092       617
20000000000000   022       400     1403770        28       54451      3038       417
20000000000000   061       141      480624        38       54897      3467       161
20000000000000   059      1044     3956466       190      270478     13419      1121
20000000000000   012        18       72210        13       23134      1784        28
20000000000000   112         5       12035        28       28709      3474        25
20000000000000   018      1503     7431271       581      756255     31363      1686
20000000000000   016      4055    13365727      5518     3896719    217046      5294
20000000000000   021       250      912726        25       48336      2570       265
20000000000000   090         1        4621         0           0         0         1
20000000000000   089      1512     5475522        89      192090     10256      1572
21000000000000   000     82029   352249148     14276    27561824   1448731     90262
21000000000000   023      3472    14271432       141      312586     16655      3567
21000000000000   029      1432     7120677       303      552657     17003      1529
21000000000000   025      4442    21958257       472      954356     62811      4798
21000000000000   062      1591     8766898         0           0         0      1591
21000000000000   162       871     2909923        36       91660      5183       900
21000000000000   005     11560    43823052       263      571036     39535     11785
21000000000000   044      4702    18656280         0           0         0      4702
21000000000000   001       524     2314093         0           0         0       524
21000000000000   087       291     1435475         0           0         0       291
21000000000000   079      6736    23927540       108      231103     15370      6823
21000000000000   032      6285    25019989       789     1504815     91472      6805
21000000000000   040      4641    16947357       635      960372     57813      4970
21000000000000   022       824     3172270       147      322919     22105       950
21000000000000   061       316     1298540       128      173037     17092       413
21000000000000   059      1952     8802430       128      279005     17915      2054
21000000000000   094      2099     9530117       248      397947     28930      2263
21000000000000   018      9125    59536034      3645    10377952    346621     11095
21000000000000   016     11870    44125542      6219     8913334    594046     15245
21000000000000   021      2101     9126688       343      661122     34257      2296
21000000000000   089      7195    29506554       671     1257923     81923      7661
22000000000000   000     82071   376404124     27895    38525637   1502757     90989
22000000000000   023      4117    19475067       332     1028925     22114      4251
22000000000000   029      1789     5720202       308     1168303     29145      1962
22000000000000   025      9617    45780618       462     1271228     37870      9846
22000000000000   062      5270    29354684        68      167218      4131      5294
22000000000000   162       630     2546337         9       23428       497       633
22000000000000   005      6450    28611339       148      408070      8194      6500
22000000000000   044      3617    17789488       204      637570     24109      3755
22000000000000   001      1105     6859230       158      265638     11954      1173
22000000000000   087       159      867397         7       11200       735       163
22000000000000   079      6575    29415131       656     1786029     38315      6806
22000000000000   032      6651    27117280      1205     2416734     98948      7247
22000000000000   040      6847    24657966       917     2233798     88488      7360
22000000000000   022      1377     5458646        51      175915      6294      1415
22000000000000   080       846     4866036        37      147468      3543       866
22000000000000   061       458     1794509        59       70695      3667       479
22000000000000   059      1293     6535544       186      537564     17316      1399
22000000000000   091       460     2497621        21       67197      1922       471
22000000000000   018      6177    35166001      9322    15119772    503756      9172
22000000000000   016     13116    54773957     13356     9854018    574646     16513
22000000000000   021      1040     5222108        78      238581      7728      1086
22000000000000   089      4477    21894963       311      896286     19385      4598
23000000000000   000    112559   501126905     64775    59219995   3934380    134918
23000000000000   023      4025    18952608       749     2035970     99207      4588
23000000000000   029      1520     6315790        18       72597      2205      1533
23000000000000   025      1514    10079912        64      179730      6919      1553
23000000000000   062      1959     7961478         0           0         0      1959
23000000000000   162       827     2789724        60      147083      4291       851
23000000000000   005     17146    74573033       188      773125     26077     17294
23000000000000   044      2716    12167411       311      820300     40200      2944
23000000000000   079      9612    39796991       464     1658565     70740     10014
23000000000000   032      1778     8310864       235      410214     19547      1889
23000000000000   040     11819    40968693      3375     5213611    363884     13887
23000000000000   022       958     3392506        33       52462      2981       975
23000000000000   061       205      837986       101      280954     13284       280
23000000000000   059      4016    17525432      1050     1508401     99098      4578
23000000000000   012       490     1611991        97      119911      7455       535
23000000000000   112       149      343720        81       74199      6396       188
23000000000000   018     16051   114001623     14272    23466590   1163269     22662
23000000000000   016     31677   117011055     43026    20843848   1937028     42684
23000000000000   021      1150     5219435       281      970567     41820      1387
23000000000000   089      4947    19266653       370      591868     29979      5117
24000000000000   000     62858   299326213     31970    38875660   2451959     76795
24000000000000   023      2423    10337475       106      221700     17320      2522
24000000000000   029       997     4166913       239      516350     31246      1175
24000000000000   025      2907    14459218       485     1604951     69139      3300
24000000000000   062       532     2623389         0           0         0       532
24000000000000   162       410     1359407        41       79861      4331       435
24000000000000   005      3907    15264204       149      370230     19485      4018
24000000000000   044      4476    19916444       218      354548     24246      4614
24000000000000   079      1678     7040520      1208     2602466    201153      2820
24000000000000   032      2115     9988731       256      627560     28325      2275
24000000000000   040      3509    15271789      1410     3472597    245548      4904
24000000000000   022      1088     4566401        96      236364     11314      1152
24000000000000   080       622     3486488        26        7499       624       626
24000000000000   061       502     2143475       154      201979     12640       574
24000000000000   059      2639    11652262       630     1058611     72656      3052
24000000000000   094      2280    10076992       420      148422      8245      2327
24000000000000   018     10398    57636605      9664    12818281    590234     13752
24000000000000   016     15912    79808756     16013    13175502   1044700     21852
24000000000000   021      3360    15420785       635      955487     48718      3636
24000000000000   089      3103    14106359       220      423252     22035      3229
25000000000000   000     49488   158234659     13760    11255690    976846     55036
25000000000000   023      1099     3446366        36       54970      4043      1121
25000000000000   029       449     1659382        70       77711      3304       468
25000000000000   025       644     3601789        52       47809      2751       660
25000000000000   062       658     2157637         0           0         0       658
25000000000000   162       509     1322643         0           0         0       509
25000000000000   005      3502     9182881        18       36662      2674      3517
25000000000000   044      3260     8315534        11       21986      1810      3270
25000000000000   087        51      199932         1         816       122        52
25000000000000   079      2431     5525718         0           0         0      2431
25000000000000   032      2879     8504514        71      148929      6967      2918
25000000000000   040     11788    32526271       489      869838     46702     12054
25000000000000   022       794     2336222       322      668474     48807      1071
25000000000000   061       351      735928        41       37503      5289       381
25000000000000   059      2821     7588410       719      608904     49092      3101
25000000000000   091        39      118732        11        9350      1313        46
25000000000000   018      5403    30095161      1624     2424948    146148      6232
25000000000000   016      8716    28879418     10208     6150145    648586     12401
25000000000000   021      1457     4256534        34       32321      4826      1485
25000000000000   090       121      278010         0           0         0       121
25000000000000   089      2516     7503577        53       65324      4412      2540
26000000000000   000     79838   250445592     27131    21503333   1823828     90228
26000000000000   023      2452     7301382       260      273360     28218      2612
26000000000000   029       731     2182500       278      626032     35476       954
26000000000000   025      3958    15977088       211      224918     19190      4067
26000000000000   062      1181     4745936         0           0         0      1181
26000000000000   162      1138     3009950       104       68000      8112      1184
26000000000000   005     12435    30628080       297      239572     20764     12553
26000000000000   044      6350    20147334       506      880516     70820      6752
26000000000000   079      7608    17930802       436      372136     28406      7769
26000000000000   032      3166     8672399       279      419447     24295      3304
26000000000000   040     10931    29792172      1517     2013114    145868     11760
26000000000000   022       592     1634040         9       15116       838       597
26000000000000   061       550     1432696       295      194046     25244       693
26000000000000   059      2240     6773750       615      598162     64623      2607
26000000000000   018      7857    40810944      7602     7623894    493950     10665
26000000000000   016     13359    43127687     13315     5870049    719242     17453
26000000000000   021      1123     3355930      1176     1882458    121996      1816
26000000000000   089      4167    12922902       231      202513     16786      4261
27000000000000   000     16513    57736175      7425     6468004    423795     18933
27000000000000   023       893     2669360       109      114550      9855       952
27000000000000   029       323     1223298        81       51640      4144       347
27000000000000   025       434     1718745       101      223561      9024       486
27000000000000   062       206      708264         0           0         0       206
27000000000000   162       223      770826        12       20653      1232       231
27000000000000   005      1179     3627183        34       39874      2537      1193
27000000000000   044      2114     7721650       127      175192     11097      2177
27000000000000   079      1438     4523930       225      368352     26614      1590
27000000000000   032       736     2388464        87      127048      8261       783
27000000000000   040       519     1553225        85      131031      9080       571
27000000000000   022       803     2766245        32       49240      3236       822
27000000000000   061        71      222817        37       21525      2019        82
27000000000000   059      1361     4685442       275      296162     23298      1494
27000000000000   018      1637     8665946      2397     2474638    116739      2302
27000000000000   016      3148     9451838      3642     2124175    179634      4172
27000000000000   021       382     1274252        92      122003      9022       433
27000000000000   090        21       62645         2        2225       210        22
27000000000000   089      1025     3702045        87      126135      7793      1070
28000000000000   000     27663    92535920     11018     9279028    922858     32904
28000000000000   023       581     1877870        15       17475      1226       587
28000000000000   029       271     1006083       104      102302      7063       311
28000000000000   025       719     3063091        72       61371      4853       746
28000000000000   062       487     1887964         0           0         0       487
28000000000000   162       237      707094         2        2867       230       238
28000000000000   005      2797     7696513        97      118984      8723      2846
28000000000000   044      2135     6847083        10       19218      1167      2142
28000000000000   001        26       92735         0           0         0        26
28000000000000   079      2512     6666269       231      226936     13475      2588
28000000000000   032       670     2364869        70      129975      8974       721
28000000000000   040      3469    10835712       884     1334922    102090      4050
28000000000000   022       322     1029416        13       22450      1483       330
28000000000000   061       237      658566       151      130625     16466       331
28000000000000   059      1590     4857509       774     1221951    103916      2181
28000000000000   018      2785    15662045      1057     1514231     87468      3281
28000000000000   016      5918    18242503      7128     4138391    549307      9039
28000000000000   021       517     1990931        26       35447      2213       530
28000000000000   089      2390     7049667       384      201883     14204      2470
29000000000000   000     22617    95037852     10905     9455609    571499     25859
29000000000000   023      1406     5139031        28       50058      1832      1417
29000000000000   029       953     4219003        69      101838      4415       979
29000000000000   025       628     3766812        30       62929      1259       635
29000000000000   062       422     2776757         0           0         0       422
29000000000000   162       422     1748772         0           0         0       422
29000000000000   005      3467    14991313        65      176815      3514      3486
29000000000000   044      1719     7758786         4        7032       354      1721
29000000000000   079      1547     5600353        13       23388       846      1551
29000000000000   032      1138     4911209        37       76557      2357      1151
29000000000000   040      1109     4899325       121      336459     10674      1170
29000000000000   022       389     1453568         0           0         0       389
29000000000000   061       181      702719         9       16804       620       185
29000000000000   059      1129     4580420       397      397035     18745      1235
29000000000000   091        20      107866         1        1007        46        20
29000000000000   092        20      107866         1        1007        46        20
29000000000000   018      1890    11331012      2069     3324857    151969      2753
29000000000000   016      3974    11243547      7990     4792382    370967      6081
29000000000000   021       123      579996         4        7056       237       124
29000000000000   089      2080     9119497        67       80385      3618      2098
30000000000000   000     15857    61818630      8709     8617919    534259     19076
30000000000000   023       872     3265130        58       74458      4964       902
30000000000000   029       313     1087698        92      100311      7370       357
30000000000000   025       918     3433640         1        1151       120       919
30000000000000   062       273     1344494         0           0         0       273
30000000000000   162       142      487191        15        2630       213       143
30000000000000   005      1316     5002674        61       93752      5993      1352
30000000000000   044      1676     5572890       258      304124     23721      1819
30000000000000   001        47      193101        25       33135      2420        61
30000000000000   087         7       31007         6        5285       531        10
30000000000000   079      1462     4614695        93      143934      8440      1513
30000000000000   032       826     3197110        77       88393      6387       865
30000000000000   040       777     2576193        66      130684      1824       788
30000000000000   022       323      988144        42       51139      3441       344
30000000000000   061        79      233147       213      144249     17070       182
30000000000000   059       356     1374925       113      120671      8013       404
30000000000000   091        23      102037         1        1063        82        23
30000000000000   018      1467     9472195      1901     3074122    121471      2199
30000000000000   016      2586    10308007      4875     3601123    258793      4145
30000000000000   021       302     1087266        23       35937      2160       315
30000000000000   090       299      937591       424      287937     34654       508
30000000000000   089      1793     6509495       365      323821     26592      1954
31000000000000   000    144847   731228012     34874    36240807   1965167    156768
31000000000000   023      6418    27014694       513      879208     63041      6776
31000000000000   029      1366     7055480        40       61071      3591      1387
31000000000000   025     14816    73634992       281      416154     24971     14958
31000000000000   062      2972    21862236         0           0         0      2972
31000000000000   162      1663     6307188        26       48522      2289      1676
31000000000000   005     10238    52313942        20       39996      1468     10246
31000000000000   044      6900    33181571       908     1120251     85757      7390
31000000000000   087       129      628072         4        5288       385       131
31000000000000   079      8073    35052036       150      252693     13189      8148
31000000000000   032      4464    22840510       447     1216460     22395      4597
31000000000000   040     17405    70139120      2453     3393429    238461     18767
31000000000000   022      1968     8068239        29       50955      3031      1985
31000000000000   081       644     3644333         1         706        91       645
31000000000000   061      1494     6804978      1432     1735847    107451      2104
31000000000000   059      2289    11153469       474      669608     24347      2434
31000000000000   091       122      528601         2        2079       115       123
31000000000000   094     10014    49374148       827     1359580     84161     10492
31000000000000   012     12584    85129970      1658     2219510    111275     13342
31000000000000   112      5392    18153933      2175     1564419    115905      6179
31000000000000   018      7503    64553439      6931     9566808    260894      9115
31000000000000   016     18236    82597210     15687    10729170    734044     22755
31000000000000   021      3096    15170974       560      651122     52527      3395
31000000000000   089      7061    36018877       256      257931     15779      7151
32000000000000   000     43645   144010662     16559    18790760   1255682     50783
32000000000000   023      1615     5596994       184      272219     27427      1771
32000000000000   029       214      954274        17       34409      1637       224
32000000000000   025      2880    10445221       153      256372     15263      2967
32000000000000   062       605     2915200         0           0         0       605
32000000000000   162       152     1084800         0           0         0       152
32000000000000   005      3897    11809243       103      195118     13771      3975
32000000000000   044      2571     7976891         0           0         0      2571
32000000000000   001        10       38745         0           0         0        10
32000000000000   079      1585     4597975        48       94489      7676      1629
32000000000000   032      2304     8241493       108      226197     14316      2385
32000000000000   040      8700    31048904      2135     5210634    330066     10575
32000000000000   022       488     1345919        20       40689      2922       505
32000000000000   061       708     1986716       117      230364     15649       797
32000000000000   059      1768     6040708       123      159071     13067      1843
32000000000000   018      3490    11133710      3829     4916728    219286      4736
32000000000000   016      9481    28017760      9545     6795456    571729     12730
32000000000000   021      1138     3918212        88      141902      9766      1194
32000000000000   089      2039     6857897        89      217112     13107      2114
33000000000000   000    231256  1123941496     46742    59870704   3017454    249208
33000000000000   023     12322    56920738       183      350302     14683     12407
33000000000000   029      4473    18396296       551      819260     56552      4795
33000000000000   025     19424   113221518       751     2276829     98514     19983
33000000000000   062      4677    35912242         0           0         0      4677
33000000000000   162      1606     6448848       157      244488     23748      1741
33000000000000   005     33620   146769376       454     1175535     47869     33891
33000000000000   044     11849    54833505      1003     1217475     83174     12321
33000000000000   001       141      533877         1        2922        73       141
33000000000000   087       645     3688480        18       51237      2154       657
33000000000000   079      5866    27376553       639     1338540     75861      6299
33000000000000   032      9191    48621103       365     1080501     41092      9425
33000000000000   040     40420   173532694      4987    10360273    462955     43059
33000000000000   022      7426    34275605       104      274207     14518      7510
33000000000000   061      1672     6981789      1232     2170216    167664      2624
33000000000000   059      3380    16690739        95      150576      8602      3429
33000000000000   092      1705    12513791        29       85093      2927      1722
33000000000000   094     14949    87440381       284      433777     32666     15135
33000000000000   018     17796   107904922     16181    21469827    748753     22355
33000000000000   016     22773    86506650     19158    15068866   1081973     29405
33000000000000   021      4440    20965812       223      467199     22627      4569
33000000000000   089     12881    64406577       327      833581     31049     13063
34000000000000   000    124324   449275528     39442    46120947   2592281    139117
34000000000000   023      4083    12952269        31       74406      2353      4096
34000000000000   029       713     3154273       411      727161     44311       964
34000000000000   025      5884    23453250       178      166223      6410      5920
34000000000000   062      2261     9577192         0           0         0      2261
34000000000000   162      1161     3450051        12       27162      1140      1167
34000000000000   005     20454    56988249       660     1544024     73035     20869
34000000000000   044     10992    33452661        27       42177      2677     11007
34000000000000   087       298     1170156         2        1470       112       299
34000000000000   079      2045     7207591         6        5339       256      2047
34000000000000   032      4840    17460641       173      304616     16651      4934
34000000000000   040     15750    50331929      2360     7019391    303818     17477
34000000000000   022      2307     7944945       218      357140     23842      2442
34000000000000   081       274     1025934         0           0         0       274
34000000000000   061      1083     2723531       174      130361     13150      1158
34000000000000   059      3958    12357781       681      687777     40287      4188
34000000000000   018     12597    80077927     11880    17411142    670390     16420
34000000000000   016     28258    98985172     22384    17137773   1375176     36122
34000000000000   021      2792     9946733       169      370422     11950      2860
34000000000000   089      4574    17015243        76      114363      6723      4612
35000000000000   000     14618    49237128     10118     8317753    617192     18127
35000000000000   023       613     1935942        30       46435      2533       628
35000000000000   029       206      631220       148       85538      3127       224
35000000000000   025       505     1911832        51       44182      2918       522
35000000000000   062       133      473903         0           0         0       133
35000000000000   162        48      123074         6        9477       480        51
35000000000000   005       655     1768373        95      138946      7484       697
35000000000000   044      1110     3433778         4        5258       451      1113
35000000000000   079       412     1198163        78      112749      9237       464
35000000000000   032      1248     3781642       145      177780     11435      1313
35000000000000   040       812     1830222       296      187822     30246       984
35000000000000   022       340      999788        31       41310      3250       359
35000000000000   061       138      313296        17       23116      1616       148
35000000000000   059      1064     3888089       625      595877    103451      1652
35000000000000   018      1934     9534025      2392     3960102    219305      3181
35000000000000   016      3720    11198974      5962     2687527    207260      4898
35000000000000   021       270      835599        40       43023      2290       284
35000000000000   089      1410     5379208       198      158611     12109      1476
36000000000000   000    111809   453119906     67288    67397549   4401967    136840
36000000000000   023      7846    36117007       405      821065     48934      8127
36000000000000   029       743     3087494       120       98530      8126       789
36000000000000   025      2449    11611169       503     1339342     65242      2820
36000000000000   062      1473     7771465         0           0         0      1473
36000000000000   162      1206     4564194         9       20497      1322      1214
36000000000000   005     16173    63140059        61      143109      7428     16215
36000000000000   044      6915    28544172       470      790626     51745      7209
36000000000000   079      2809    13794925       262      391738     30047      2979
36000000000000   032      3489    16936275       261      474588     20798      3607
36000000000000   040      8900    26363943      3062     7027158    358457     10937
36000000000000   022      2251     8690867       380      465242     29455      2418
36000000000000   061       473     1796265       265      417432     31164       650
36000000000000   059      3026    11091148       838     1350559     84582      3507
36000000000000   018     15186    92490753     20885    26945801   1146618     21712
36000000000000   016     31950    95062004     39038    25932312   2458304     45923
36000000000000   021      2454    11138328       295      531556     25449      2599
36000000000000   089      4466    20919838       434      647994     34296      4661
37000000000000   000     59322   199004755     24352    18833428   1424980     67424
37000000000000   023      1659     5664712        81       94463      5564      1691
37000000000000   029       770     2719124       160      218764     15118       855
37000000000000   025      2627    10228322       148      191928     11637      2692
37000000000000   062      1009     4485616         0           0         0      1009
37000000000000   162       843     2596845        59       52700      5035       872
37000000000000   005      5566    16220366       223      253136     16841      5661
37000000000000   044      2863     8808677        64       59817      4024      2885
37000000000000   001        10       43131         0           0         0        10
37000000000000   079      6054    15983544       256      240918     23619      6188
37000000000000   032      5897    19035629       307      561400     28059      6052
37000000000000   040      2576     7423506        79       98781      6628      2614
37000000000000   022      1426     4665712        62       59062      3724      1446
37000000000000   081        73      245614        11        4680       496        76
37000000000000   061       677     1730182        41       32672      2834       693
37000000000000   059      1663     5394553       803      569258     42266      1903
37000000000000   092       524     2658108         4        7544       278       526
37000000000000   018      6015    32978721      6758     8201037    465699      8664
37000000000000   016     14605    43486064     15105     7928765    777862     19034
37000000000000   021      1919     6292071        83      117709      7036      1960
37000000000000   089      2546     8344258       108      140794      8260      2593
38000000000000   000     50431   193238707     24195    25949154   1241640     57485
38000000000000   023      3949    13617647       335      475800     36024      4155
38000000000000   029       874     3267109       210      349593     17367       974
38000000000000   025      2875    10820927       287      676266     33277      3064
38000000000000   062       649     2991187         0           0         0       649
38000000000000   162       562     1956046       138       91203      4144       586
38000000000000   005      4939    18128391       126      313646     16120      5031
38000000000000   044      3364    12757871        34      125958      5458      3395
38000000000000   001        15       48048         0           0         0        15
38000000000000   079      5435    18837516       268      421387     10832      5496
38000000000000   032      2478     8935355       319      485477     25586      2623
38000000000000   040      4021    14171682      2759     4805834    122977      4719
38000000000000   022      2088     9336779       132      301717     14033      2168
38000000000000   061       472     1501184        11       13368       898       477
38000000000000   059      2524     8765160       417      614663     39866      2749
38000000000000   018      7138    34624232      7498    10160626    417966      9512
38000000000000   016      6345    23616762     11386     6831125    481251      9080
38000000000000   021       879     3323886        96       99855      5966       913
38000000000000   090       205      687344        11       29510      1828       215
38000000000000   089      1619     5851581       168      153126      8047      1664
39000000000000   000    142684   557187211     49492    65284276   3135592    161136
39000000000000   023      7246    27217379       440      725026     57851      7595
39000000000000   029      3285    10541899       890     2910138    115364      3978
39000000000000   025      3008    15121771        10       21363      1337      3016
39000000000000   062      4897    23924039         0           0         0      4897
39000000000000   162      1290     6307786        62      132457      5721      1324
39000000000000   005     17341    61775039       453      967788     29210     17517
39000000000000   044     13152    43262249       477     1070934     56780     13494
39000000000000   001        45      175326         0           0         0        45
39000000000000   087       171      696925         0           0         0       171
39000000000000   079     12260    42150193       295      837724     29194     12436
39000000000000   032      1808     7399969        36       78506      2431      1823
39000000000000   040     11828    36241189       893     1533304     55285     12156
39000000000000   022      3910    14293522       655     1503085     86229      4429
39000000000000   061       854     2962334       732     1667589     95217      1427
39000000000000   059      5537    22555451      1467     3274770    128292      6295
39000000000000   018     13962    94678326     10619    27133382    637938     17651
39000000000000   016     28720    97742009     31793    22252687   1777397     39172
39000000000000   021      4117    16432734       371      601847     20379      4234
39000000000000   090      2994     8970650         0           0         0      2994
39000000000000   089      6259    24738421       299      573676     36967      6482
40000000000000   000     18553    87189838      6263     6062017    337962     20594
40000000000000   023      1283     5760410        14       30432       900      1288
40000000000000   029       477     1757086       209      206614      5576       513
40000000000000   025      1207     5948817        21       45070      1475      1217
40000000000000   062       220     1377062         0           0         0       220
40000000000000   162        92      407165         4        7230       108        93
40000000000000   005      1697     9658176         5        9436       228      1698
40000000000000   044       812     3621535        16       21901       786       817
40000000000000   001       184      926172         2        5721       248       185
40000000000000   079      1607     7878734        48       96584      4524      1636
40000000000000   032      1239     5808569        54       42285      1166      1246
40000000000000   040      1060     4768212        10       25811       894      1065
40000000000000   022       473     2290472         8       20028       708       478
40000000000000   081       123      662521         1        1360       133       124
40000000000000   080       238      970465         0           0         0       238
40000000000000   061        66      227878         2        2905       248        68
40000000000000   059       484     2277890        28       36534      2531       498
40000000000000   094       719     3018824        34      105007      5913       753
40000000000000   012       427     2066713        73       96847      6602       470
40000000000000   112        87      261437        81       90018      8717       143
40000000000000   018      1713     8728168      2504     3553008    155214      2670
40000000000000   016      2102     7994948      3032     1432400    130388      2857
40000000000000   021       512     2518938        68      183589      8779       569
40000000000000   089      1731     8259646        49       49237      2824      1748
41000000000000   000     68192   225877252     22165    19898890   1384552     76468
41000000000000   023      3099    10019823        40       68306      2364      3113
41000000000000   029       563     2106834       489      491289     33363       764
41000000000000   025       719     3191090         9       18104       666       723
41000000000000   062      1322     4839664         0           0         0      1322
41000000000000   162       653     1962476         7       17730       380       655
41000000000000   005      7577    19921114         3        7476       180      7578
41000000000000   044      4713    13372914         5       10378       280      4715
41000000000000   087       594     2971996         0           0         0       594
41000000000000   079      4092    10858958        10       17910       506      4094
41000000000000   032      6362    19393844       158      373569      8784      6414
41000000000000   040      7524    16766033       221      494022     27319      7681
41000000000000   022      1147     3499912         0           0         0      1147
41000000000000   061       558     1493645         9        9302       711       562
41000000000000   059      1903     5821844       250      282678     23670      2046
41000000000000   091        10       47771         1        2500       108        11
41000000000000   092      1745     9181713        18       60568      1395      1753
41000000000000   018      8677    48459654      9756    11083599    608010     12324
41000000000000   016     13035    38585827     11174     6933691    676082     17070
41000000000000   021      2659     8846812         3        4138       116      2660
41000000000000   089      1240     4535328        12       23630       618      1242
42000000000000   000     12205    40794185      4638     3385820    299173     13905
42000000000000   023       421     1433312        12       17292      1428       429
42000000000000   029       331     1054510        55       33814      2566       346
42000000000000   025       543     1982800        91       83230      6328       579
42000000000000   062       199      768072         2        3220       160       200
42000000000000   162       103      276700         4        6492       478       106
42000000000000   005       849     2288458        36       49386      3888       871
42000000000000   044       978     3297854       106      107570      9408      1031
42000000000000   079      1041     2791556        39       52578      4366      1066
42000000000000   032       574     1839487       139      295882     15460       661
42000000000000   040       896     2358392       146      214062     14398       978
42000000000000   022       273      692854         6        8406       634       277
42000000000000   061       119      335770        33       32054      3434       139
42000000000000   059       774     2439247       311      179820     19525       884
42000000000000   018      1427     8364331      1074     1327037     89578      1936
42000000000000   016      2488     7058377      2494      897024    120262      3171
42000000000000   021       398     1200185        40       33395      3174       416
42000000000000   089       791     2612280        50       44558      4086       815
43000000000000   000     74222   247659710     25225    21787531   1503829     83117
43000000000000   023      3263    11896704        49       58672      4230      3288
43000000000000   029       860     3136655        30       35631      1980       872
43000000000000   025      2313    10340546         9        9911       746      2317
43000000000000   062      1086     4109994         0           0         0      1086
43000000000000   162       868     2491658        12        8992      1125       874
43000000000000   005      7324    20998708        30       55207      2615      7340
43000000000000   044      4441    12178328         4         200         8      4441
43000000000000   079      6451    16675884        27       14377      1236      6459
43000000000000   032      3751    12335835       152      126532      6059      3787
43000000000000   040      7556    22098837       206      580949     29370      7725
43000000000000   022      1514     4397430       161      211230     15996      1610
43000000000000   061      1098     2242026       198      137494     18654      1210
43000000000000   059      3185    10468722       620      682017     63354      3556
43000000000000   018      8056    45126362      8969     9795824    525073     11183
43000000000000   016     17676    53897188     14065     9635314    810250     22448
43000000000000   021      1990     6479756       633      403839     21353      2120
43000000000000   089      2790     8785077        60       31342      1780      2801
44000000000000   000    251294   914853966     76886    93298483   5353944    281722
44000000000000   023      9677    35299174       170      201822     11410      9742
44000000000000   029      2094     7871774       519      565130     33983      2289
44000000000000   025      5478    24333752       117      527973     16318      5571
44000000000000   062      2272     9586698         0           0         0      2272
44000000000000   162      1810     5302347        44       41555      3520      1830
44000000000000   005     47179   119226277       660      758170     56447     47499
44000000000000   044     15666    54074546       582      753779     29182     15831
44000000000000   079     22003    60423342       334      577382     33205     22192
44000000000000   032     12378    42404991       666     1463153     53057     12683
44000000000000   040     29273   101036790      1993     4542808    229482     30577
44000000000000   022      4742    15273107        58       90859      5770      4775
44000000000000   061       971     2578092       165      156547     17054      1068
44000000000000   059     10051    40204036      3074     4961453    256677     11510
44000000000000   012        13       46223         0           0         0        13
44000000000000   018     21462   165621444     24848    38559249   1612461     30625
44000000000000   016     55037   190696955     42978    38825384   2920553     71631
44000000000000   021      4534    16475005       392      818472     44891      4789
44000000000000   089      6654    24399413       286      454747     29934      6825
45000000000000   000     42903   155792089     19802    15743900   1296968     50277
45000000000000   023      1655     5816591       240      172539     19354      1765
45000000000000   029       184      920514        26       31950      1257       192
45000000000000   025      1481     5542260       204      369822     13948      1561
45000000000000   062       444     1613012         1         213         9       444
45000000000000   162       447     1520075        79       64509      5256       477
45000000000000   005      3169     9724509       240      175993     16198      3261
45000000000000   044      1675     6351388        31       39934      3286      1694
45000000000000   079      3112     9818112       307      384222     24430      3250
45000000000000   032      1929     6592830       272      423733     25153      2071
45000000000000   040      5499    16673721       364      347888     27092      5652
45000000000000   022       776     2548121        60      131093      8630       825
45000000000000   061       260      860345        83       59008      5869       293
45000000000000   059      1129     3982774       238      226043     19521      1240
45000000000000   018      4709    32476847      3651     3409203    173919      5699
45000000000000   016     13609    41451402     13065     9019723    883324     18631
45000000000000   021       942     3265306       479      527385     39075      1165
45000000000000   090       231      572930       272      143233     16187       323
45000000000000   089      1652     6061352       190      217409     14460      1734
46000000000000   000     13559    54960967      2636     3313834    179076     14615
46000000000000   023       599     2339780         8       19384      1004       605
46000000000000   029       674     2174441        40       66420      3637       696
46000000000000   025       594     2514251        60      131651      6498       630
46000000000000   062       323     1902382        13        7747       476       326
46000000000000   162       252     1129603        74       72030      6206       287
46000000000000   005      1207     4572204        10       25071      1641      1216
46000000000000   044      1030     4074066        13       44118      1886      1041
46000000000000   079      1222     4811458        68      177798      9022      1274
46000000000000   032       530     2305308       295      461303     29448       697
46000000000000   040       201      708929         7       23497       837       206
46000000000000   022       288     1104257         4       12936       463       291
46000000000000   061       113      457058         7       18688       879       118
46000000000000   059       585     2487001        59      240178      8509       635
46000000000000   018      1296     8010650       467      878324     30534      1480
46000000000000   016      2867     9175061      1358      868491     63269      3248
46000000000000   021       571     2332609        36       66672      3443       591
46000000000000   090        56      226045         0           0         0        56
46000000000000   089      1151     4635864       117      199526     11324      1218
47000000000000   000    104694   401593257     48202    51434882   3156412    122634
47000000000000   023      3920    14814494       635      846228     67452      4303
47000000000000   029       502     2251168       421      869486     47877       783
47000000000000   025      3620    15261976       345      449094     18044      3723
47000000000000   062      2135     9919128        41       65836      3734      2156
47000000000000   162       769     2460528       214      225496     16510       863
47000000000000   005     14017    40057454       458      687954     48372     14292
47000000000000   044      9206    33694984       837      658455     44087      9456
47000000000000   087       142      619186         6        8492       744       146
47000000000000   079      2286     8310472       217      415160     22930      2417
47000000000000   032      5000    18499405       642      837137     61719      5351
47000000000000   040     12295    38734851      1261     2269706    111742     12931
47000000000000   022      1218     4189246       313      511504     39126      1440
47000000000000   061       668     2056174       621      487770     46414       932
47000000000000   059      2982    10467138       463      502432     35656      3185
47000000000000   018     13409    86090129     14349    23247374    883223     18426
47000000000000   016     24704    81759077     24879    16538637   1487562     33156
47000000000000   021      2637    10765520       634      689656     44878      2890
47000000000000   090       780     2407332      1214     1201622    118386      1453
47000000000000   089      4404    19234995       652      922843     57956      4731
48000000000000   000     97888   411726558     53400    56833532   3352248    116943
48000000000000   023      2654    11016622       186      403811     16387      2748
48000000000000   029      1224     5086588       377      688345     39347      1447
48000000000000   025      1837     9827592       172      415337     15739      1927
48000000000000   062       983     5635654         0           0         0       983
48000000000000   162      1227     5165386         1        3055        89      1228
48000000000000   005      8676    31575800       555      921210     50389      8963
48000000000000   044      7008    32144358       372      738070     37092      7219
48000000000000   079      9048    31758546      1200     1397934     66042      9424
48000000000000   032      4717    17652301       987     1929497     89039      5224
48000000000000   040      8425    36127968      3134     9550820    232270      9744
48000000000000   022      2263     8920816       279      567606     28946      2428
48000000000000   081       141      647538        25       83924      3216       159
48000000000000   061       540     2117580       152      208506     12802       613
48000000000000   059      4601    18949126       639     1114696     74771      5026
48000000000000   018     11599    63682178     13166    21206606    750399     15863
48000000000000   016     25618   102495743     30322    15106790   1794535     35811
48000000000000   021      1771     7186002       912      938154     45743      2040
48000000000000   090       490     1624482       506      832330     60976       836
48000000000000   089      5066    20112278       415      726841     34466      5260
49000000000000   000     34190   105701678      9206     7683771    470930     37004
49000000000000   023      1703     4663002        42       41200      2618      1718
49000000000000   029       217      720210       266      798746     25806       376
49000000000000   025      1354     5011494        22       41398      2588      1370
49000000000000   062       648     2508814         0           0         0       648
49000000000000   162       348      761838        18       27734      2130       360
49000000000000   005      3199     7233627        15       16044      1474      3207
49000000000000   044      4997    13797304        26       40946      2267      5010
49000000000000   001         3       11560         0           0         0         3
49000000000000   087         2        7018         0           0         0         2
49000000000000   079      3345     8040912        13       13926      1384      3353
49000000000000   032       819     2380920        28       42000      1792       829
49000000000000   040      1647     3610726       134      146936     14194      1727
49000000000000   022       610     1774088        17       14718      1434       619
49000000000000   081        10       35529         0           0         0        10
49000000000000   061       403      815664       329      194176     31036       579
49000000000000   059      2202     7051657       218      220616     17260      2304
49000000000000   094         7       24186         0           0         0         7
49000000000000   018      3294    17461650      3592     4026898    146309      4174
49000000000000   016      5828    18363933      4148     1846409    204347      7058
49000000000000   021      1359     4584142       217      108593      8233      1407
49000000000000   090        51      137600         2        1850       168        52
49000000000000   089      2144     6705804       119      101581      7890      2191
50000000000000   000     54540   243506274     42861    40174867   2393368     68143
50000000000000   023      2332     9651068       471      870486     50297      2618
50000000000000   029       855     3669152       353      733170     30830      1031
50000000000000   025      1740    10390024       335      888079     33530      1930
50000000000000   062       578     2566726         7        9268       392       580
50000000000000   162       302     1194442        29       35209      2591       317
50000000000000   005      9011    34442744       964     2262066     98229      9569
50000000000000   044      1618     7222560       166      269811     15753      1708
50000000000000   079      1229     4565826       355      607774     35097      1429
50000000000000   032      1593     6867884       442      944242     41513      1828
50000000000000   040      2882    10751592      1162     2152285    102665      3467
50000000000000   022       800     3223250        17       28640      1877       811
50000000000000   061       188      653768        53       71216      4129       211
50000000000000   059      1851     7050545      1168     1476592     94248      2386
50000000000000   018      7942    49192509     10271    14399192    619093     11460
50000000000000   016     15534    65417505     25165    12036952   1103895     21806
50000000000000   021       898     3982652       367      628130     24766      1040
50000000000000   089      5187    22664027      1536     2761755    134463      5952
51000000000000   000     11736    40857790      3230     2258412    190142     12814
51000000000000   023       557     2097717         7       11311       607       560
51000000000000   029       142      613790       185      155612      9251       195
51000000000000   025       525     2204119        23       32502      1993       536
51000000000000   062       174      869427         0           0         0       174
51000000000000   162        90      322479         0           0         0        90
51000000000000   005       951     2818356         5        4982       433       953
51000000000000   044      1764     6206113        81      156746     10405      1823
51000000000000   079       692     2229321        48       47744      4179       716
51000000000000   032       636     2234036       108      159105      9872       691
51000000000000   040       744     1921719        54       70607      4680       771
51000000000000   022       327     1037211        12       14075      1040       333
51000000000000   061       101      306139         0           0         0       101
51000000000000   059       972     3226221        35       32537      2625       986
51000000000000   018       987     5029625       743      648188     41624      1224
51000000000000   016      1851     5476703      1870      856534     98319      2410
51000000000000   021       234      913949         4        3731       347       236
51000000000000   090        32      105232         0           0         0        32
51000000000000   089       957     3245633        55       64738      4767       983
