01000000000000   000     78750   298097163     27744    26771915   1720845     88617
01000000000000   023      2603     9506200        90      105989     10013      2659
01000000000000   029       540     2288314        96      127400      6467       577
01000000000000   025      3533    14783880        75      156464      3500      3553
01000000000000   062       794     3686732         0           0         0       794
01000000000000   162       766     2383364         0           0         0       766
01000000000000   005      4971    14177297        10       10400       640      4975
01000000000000   044      4529    13932014        96       68324      7680      4572
01000000000000   087       623     2460350         1        1500        60       623
01000000000000   079      4515    13136794        23       39380      2628      4530
01000000000000   032      5515    18537275       468      517026     57494      5840
01000000000000   040     10861    38287195      1732     4153758    151499     11717
01000000000000   022       914     3476142        59       70372      7938       959
01000000000000   061       496     1235395       242      183764     24922       637
01000000000000   059      2080     7687793       251      268016     26104      2227
01000000000000   018      9032    58175551      7997     8908192    457446     11679
01000000000000   016     20945    73643165     16052    11566297    912437     26185
01000000000000   021      3173    11058985       149      145606      7937      3218
01000000000000   090       737     1863406        12       18306      1256       744
01000000000000   089      2123     7777311       391      431121     42824      2362
02000000000000   000     23647   107946907      5550     6221186    350628     25653
02000000000000   023      1033     4862034        41       44883      2456      1045
02000000000000   029       744     3180929        40       55438      2771       760
02000000000000   025      1338     6577712        58      104257      4178      1362
02000000000000   062       263     1656419         0           0         0       263
02000000000000   162       127      427237        66       31810      2220       140
02000000000000   005      1767     7950419        46       62687      4211      1791
02000000000000   044      3049    14756936        35       41666      2766      3065
02000000000000   079      1729     6499851       129      159644     14289      1809
02000000000000   032       656     3058213        30       51542      2575       670
02000000000000   040       206      991409        31       54859      4080       229
02000000000000   022       382     1515729        10        9623       631       386
02000000000000   061        86      330916         2        2883       143        87
02000000000000   059      2337    10182469       131      217758     10127      2394
02000000000000   012      1937     8167825       623      621314     36332      2155
02000000000000   112       760     2127091       629      569333     38885       994
02000000000000   018      1100     7839845      1027     1222662     31288      1277
02000000000000   016      2918    12393449      2542     2867325    187858      3979
02000000000000   021       245     1072962        32       17218      1222       252
02000000000000   089      2970    14355462        78       86284      4596      2995
03000000000000   000     57580   230538948     27617    28817668   1883199     68224
03000000000000   023      3481    11848422        83      148863      7330      3522
03000000000000   029       689     2719407       134      223364      9588       745
03000000000000   025      2316     9858524       133      270553     11186      2379
03000000000000   062      1155     5612317         0           0         0      1155
03000000000000   162       811     3350596        83      127575      6325       847
03000000000000   005      8915    29451932        75      195047      6996      8954
03000000000000   044      2499     9289322       353      596972     41490      2733
03000000000000   079      5811    16705947       236      359653     22784      5939
03000000000000   032      2432     8484395       130      167219      7446      2474
03000000000000   040       685     2366551        64      118283      4111       708
03000000000000   022       402     1077080        70      108072      7096       442
03000000000000   061       369     1116458       114       94412      8736       418
03000000000000   059      2629    11722728       853      910406     62907      2985
03000000000000   092         9       60294         0           0         0         9
03000000000000   018      6446    41427700      8397    11619774    608584      9885
03000000000000   016     12660    53772775     16155    12853020   1013881     18388
03000000000000   021      3132    10457903       477      647540     43697      3380
03000000000000   089      3139    11216597       260      376915     21042      3261
04000000000000   000     54457   179746996     13224    11291915    871593     59386
04000000000000   023      1909     5571047        23       28707      2731      1924
04000000000000   029       661     2579320       185      285450     16224       753
04000000000000   025      1417     4273883       126      369805     11444      1482
04000000000000   062       580     2172228         0           0         0       580
04000000000000   162       613     1655587         0           0         0       613
04000000000000   005      5111    13161911         2        4220       248      5112
04000000000000   044      3529    11452216        24       14249      1893      3540
04000000000000   079      3698    10057118         0           0         0      3698
04000000000000   032      5170    16473783       119      256128     14738      5254
04000000000000   040      5633    17898149       164      281054     15019      5718
04000000000000   022       934     3050553         7       21401       762       938
04000000000000   061       672     1615155         2        1727       266       674
04000000000000   059      1799     5335433       381      275037     25844      1944
04000000000000   018      6332    33511343      4600     5927265    360959      8372
04000000000000   016     12545    38420881      7532     3761254    417843     14905
04000000000000   021      1470     4601778        22       20625       944      1476
04000000000000   089      2384     7916611        37       44993      2678      2403
05000000000000   000    334432  1901011259    145162   217761653   9332931    387168
05000000000000   023     20112    89725715      3466     5760570    359565     22142
05000000000000   029      3754    20402982       327      776190     25455      3904
05000000000000   025      4517    26401385       471     1119212     34136      4710
05000000000000   062      7550    50244320       456      689705     13575      7627
05000000000000   162      5451    20694344       788      857170     36125      5656
05000000000000   005     54344   336252292      2146     7114892    241892     55710
05000000000000   044     20058   134098600      1127     3872182    134103     20816
05000000000000   079      3576    15947813       240      761916     29888      3745
05000000000000   032     11027    60275651      1536     3718152    130176     11761
05000000000000   040     35337   207326559      8414    24451313    794878     39829
05000000000000   022     17417    75774163      1465     3373115    156214     18299
05000000000000   081       360     1978490        61      198209      6499       397
05000000000000   061      2311    11033022      1749     2757233    187335      3370
05000000000000   059     12209    65198644      2616     4597601    320775     14022
05000000000000   018     21985   174380369     32119    57593895   2049819     33566
05000000000000   016     84195   429510883     84441    90767302   4495086    109591
05000000000000   021      3905    18410823       618     1120183     51769      4197
05000000000000   089     26324   163355204      3122     8232813    265641     27826
06000000000000   000     52814   249406846     36547    52343928   2649884     67784
06000000000000   023      2025     9355537       134      296776     13361      2099
06000000000000   029       399     1621880       171      360205     20646       516
06000000000000   025      3356    15824830       841     2179151     93503      3884
06000000000000   062       798     4346290         0           0         0       798
06000000000000   162       373     1352678        21       42032      1738       383
06000000000000   005      6766    27365842        85      261095     11869      6833
06000000000000   044      3013    13328804       195      423955     19610      3124
06000000000000   079      1786     7961554       576     1195725     57901      2114
06000000000000   032      1086     5716103       158      455295     16590      1179
06000000000000   040      4582    17227211      1034     2427140    122482      5273
06000000000000   022       889     4038418        91      159620     12786       961
06000000000000   061       257     1152434        98      129521      7188       298
06000000000000   059      1354     6662255       323      500571     19096      1462
06000000000000   018      9020    63218736      9677    16216265    784475     13451
06000000000000   016     14714    59596479     22184    25748513   1378241     22502
06000000000000   021       884     3868173       870     1720768     80584      1339
06000000000000   089      1512     6769622        89      227296      9814      1568
07000000000000   000     53151   275697675     22043    32396223   1435683     61823
07000000000000   023      2756    13084642       178      491629     20701      2874
07000000000000   029      1229     5917093       237      809237     29580      1395
07000000000000   025      4720    21857870       305      531318      9792      4776
07000000000000   062      1498     8337827         1        2613       139      1499
07000000000000   162       577     2717786        45      105145      4784       603
07000000000000   005      7486    36946497       136      392064     12210      7556
07000000000000   044      3022    14831759         6       23269      1052      3028
07000000000000   001       160     1057065         0           0         0       160
07000000000000   079      2340    10527936       277      529784     21263      2460
07000000000000   032      1862     8833099       106      336072     11955      1929
07000000000000   040      7664    41926152      2798     8687286    312205      9427
07000000000000   022       643     3510496        46       87993      4889       671
07000000000000   081        55      351616         7       27662      1098        62
07000000000000   061       170      840966         3        7463       396       172
07000000000000   059       820     4039400        56      175465      7601       863
07000000000000   018      4384    30411370      8025    12099313    434423      7100
07000000000000   016      7959    39668367      8254     5761808    452594     10815
07000000000000   021      2439    13233231      1136     1533471     73925      2857
07000000000000   089      3367    17604503       427      794631     37076      3576
08000000000000   000     22810    93904626      8413    11619662    554053     26148
08000000000000   023       814     2736959        25       23792      1486       822
08000000000000   029       276     1156303       124      317186     12423       351
08000000000000   025      1676     7518532        54      105105      5019      1706
08000000000000   062       700     4698177         0           0         0       700
08000000000000   162       314     1149054        23       12487      1158       321
08000000000000   005      2816    11549863        63       89724      6868      2857
08000000000000   044      1561     5143046        12       22916      1134      1568
08000000000000   087       361     1030309         0           0         0       361
08000000000000   079      1578     5481063       110      194038     11516      1648
08000000000000   032      2099     7801304       184      325146     18341      2209
08000000000000   040      1858     6190479        93      129531      8669      1910
08000000000000   022       305     1031135        22       38656      2032       317
08000000000000   081       162      565542        16       23774      1933       174
08000000000000   061       273      754883        62       56750      4983       303
08000000000000   059       474     1754581       123      107594      7825       521
08000000000000   094       684     2808718        20       44494      2998       701
08000000000000   018      1524    10450083      3712     5988892    238653      2962
08000000000000   016      3436    13763043      3505     3880808    214691      4730
08000000000000   021       340     1839629        35       70170      3032       358
08000000000000   089      1559     6481923       230      188599     11292      1629
10000000000000   000    171342   639747269     45048    51564712   3080078    188772
10000000000000   023      6996    25279678       305      310529     23766      7130
10000000000000   029      2003     8492932       137      142663     10524      2062
10000000000000   025     20161    81602679      1122     1561858     92441     20685
10000000000000   062      2339     9665482        79       81309      4010      2362
10000000000000   162      2037     6880957       104       86960      7467      2079
10000000000000   005     28945    87929680       298      494962     24521     29084
10000000000000   044      7282    29195996       137      124066     10697      7343
10000000000000   079      9246    27745380       235      302589     19855      9358
10000000000000   032     23025    67867011      1591     2457197    154988     23900
10000000000000   040      3704    11133840        95      216307     10122      3761
10000000000000   022      2242     7368102        61       96054      5412      2273
10000000000000   061      1264     3075284       297      229047     20061      1377
10000000000000   059      9021    28938659      2470     2241861    151282      9876
10000000000000   094       579     2311741        54       74773      5252       609
10000000000000   018     15156   113160405     13039    17930147    905596     20276
10000000000000   016     27411    95831211     24005    24313845   1566996     36288
10000000000000   021      3244    10817855       462      344164     24424      3381
10000000000000   089      6687    22450377       557      556381     42664      6928
11000000000000   000    111802   401415182     41432    40259923   2587181    126420
11000000000000   023      4471    16402434        36       66532      1839      4481
11000000000000   029       689     2714473       598     1295397     64736      1055
11000000000000   025      3612    16926253        55       74864      2836      3629
11000000000000   062      1040     3841168         0           0         0      1040
11000000000000   162       991     3337590        10       11542       960       996
11000000000000   005     19491    50813826       573     1169056     57944     19819
11000000000000   044      5914    17656186        30       17640       776      5918
11000000000000   087       734     3606862         0           0         0       734
11000000000000   079      9126    25240356        92      110615      7592      9169
11000000000000   032      5139    16486239       225      310468     24424      5277
11000000000000   040      7038    18361154       153      442092     15391      7124
11000000000000   022      2083     6226161       143      196664     12435      2153
11000000000000   061      1242     3139730      1981     2593747    247788      2642
11000000000000   059      4043    12676865       886      865910     68724      4432
11000000000000   018     12596    75240894     15698    17790807    844381     17367
11000000000000   016     27260   105199735     19931    13963020   1170702     33876
11000000000000   021      2955    11738423       464     1178174     52279      3249
11000000000000   089      3378    11806833       557      173395     14374      3459
12000000000000   000     51289   204192548     19120    20656643   1047925     57210
12000000000000   023       731     2696940         1        3884       120       732
12000000000000   029       666     2588690       155      271911     13693       743
12000000000000   025      2385    10342714        72      152278      5006      2413
12000000000000   005      2357    10591240        10       41934       946      2362
12000000000000   044       842     3639538         6        4978       466       845
12000000000000   001       990     3565934         9       12734       686       994
12000000000000   087       208      806788         0           0         0       208
12000000000000   079       920     3402414        31       31338      3730       941
12000000000000   032      2499     9988570        81      190702      6912      2538
12000000000000   040      3984    15798360       588     1728794     57502      4309
12000000000000   022       238      953806         4       11252       360       240
12000000000000   061       141      480136       519       83888      6212       176
12000000000000   059      1049     4610496       289      250010     16922      1145
12000000000000   012     19140    74734192      6149     6197846    299128     20830
12000000000000   112      4576    12140146      4295     2868892    208482      5754
12000000000000   018      2717    16842386      1680     4500502    138776      3501
12000000000000   016      3897    15847174      4891     3985906    262982      5383
12000000000000   021       133      497032         2        4450       160       134
12000000000000   052       473     1520730       305      269144     22654       601
12000000000000   089      3343    13145262        33       46200      3188      3361
13000000000000   000     18407    73179071     10006    10002564    669337     22190
13000000000000   023      1228     4963342       167      181947     19372      1337
13000000000000   029       149      774162       218      473034     21889       272
13000000000000   025       450     3313446        21       66723      1603       459
13000000000000   062       275     1121905         0           0         0       275
13000000000000   162       199      659205        23       21868      2241       212
13000000000000   005      1862     6736162        38       81610      5287      1892
13000000000000   044      1491     5148318       138      216795     17989      1593
13000000000000   079      1527     5045693       166      272670     23156      1659
13000000000000   032      1056     4268231       172      323140     15755      1145
13000000000000   040       752     2213431       134       96384      8196       798
13000000000000   022       465     2150374       231      571617     39752       690
13000000000000   061       207      649169        71       67917      6460       243
13000000000000   059      1643     7001887       671     1077883     76541      2076
13000000000000   018      2120    10594281      1912     2395329    103189      2703
13000000000000   016      3643    12891968      5557     3704504    285787      5258
13000000000000   021       379     1779311       156      226721     22909       509
13000000000000   090       135      454598       138      128448     12215       204
13000000000000   089       826     3413588       193       95974      6996       865
14000000000000   000    105471   506505069     46550    49678771   3378479    125015
14000000000000   023      5197    24280370       316      543195     34170      5404
14000000000000   029      2441    12108978        43       76369      3091      2460
14000000000000   025      2570    19571461        56      148468      4072      2594
14000000000000   062      2281    14149576         0           0         0      2281
14000000000000   162      1671     7756990         1        1964       120      1672
14000000000000   005     12060    56180764         7       30050       662     12064
14000000000000   044      5915    33904474      1178     4715507     79181      6392
14000000000000   087        68      352352         0           0         0        68
14000000000000   079      9766    44481684        45      125232      4376      9792
14000000000000   032      2640    12788509        16       51331      1272      2648
14000000000000   040     10094    45835941       630     1845843     68836     10486
14000000000000   022      2016     9400400       187      570392     25746      2171
14000000000000   061       554     2168736        35       76186      3852       577
14000000000000   059      2739    12055018      1036     1461386    145211      3562
14000000000000   018     11613    70195889     15286    19545471    695209     15697
14000000000000   016     25144   100305031     27484    19984535   2289431     38306
14000000000000   021      2076    10049600        35       56732      2330      2089
14000000000000   089      6626    30919296       195      446110     20920      6752
15000000000000   000     76796   288119881     36778    28964862   2193245     89558
15000000000000   023      2869    10427824        37       40096      2784      2887
15000000000000   029       505     2108709       322      528402     33302       705
15000000000000   025      1311     8171816        48       61741      3545      1333
15000000000000   062      1114     4617040         0           0         0      1114
15000000000000   162       767     2182887         1        1674       100       768
15000000000000   005      7337    21220474         4        4271       432      7340
15000000000000   044      4352    13139297        20       23586      2159      4365
15000000000000   087        28      136509         1         487        24        28
15000000000000   079      4523    13082627       119       54723      4529      4550
15000000000000   032      1871     6885809        13       26369      1056      1877
15000000000000   040      2526     7422327        55       60548      4663      2554
15000000000000   022      1158     3478302       152      166294     15584      1252
15000000000000   061       130      423075        41       40503      3775       152
15000000000000   059      2400     7907186       699      717230     63363      2773
15000000000000   018     17345    92100602     11533    14160529    817266     22083
15000000000000   016     25542    84364909     23516    12955784   1231067     32700
15000000000000   021      1159     4085509       132       59698      5867      1195
15000000000000   089      1859     6364979        85       62927      3729      1882
16000000000000   000     41699   205435521     24045    33867438   2075341     53427
16000000000000   023      1147     4988744        58      114697      7762      1190
16000000000000   029       347     1693245       294      653262     37004       556
16000000000000   025      2258    10839120       156      342769     18335      2361
16000000000000   062       647     3415660         0           0         0       647
16000000000000   162       317     1395110         2         770        55       317
16000000000000   005      3085    13099252       193      498082     22649      3213
16000000000000   044      2423    10454123         0           0         0      2423
16000000000000   079      3008    12042452        63      151205      7363      3050
16000000000000   032       401     2003991        67       96942      4931       429
16000000000000   040      5945    32847044      2783     5796979    250177      7359
16000000000000   022       676     2857378         4        6408       566       679
16000000000000   061       110      554908        10       13490      1348       118
16000000000000   059      1688     7983213       388      445845     41837      1925
16000000000000   018      3648    31056296      6961    16448679    821655      8291
16000000000000   016     12306    53242191     12587     8507854    817349     16924
16000000000000   021      1070     4926453       115      171364      8570      1120
16000000000000   089      2623    12036341       364      619092     35740      2825
17000000000000   000     39439   148001655     16872    15012525   1001851     45098
17000000000000   023      1946     6448053        77       83911      4991      1974
17000000000000   029       516     1549691       211      569036     26420       665
17000000000000   025      2060     7802047       205      194226     13749      2138
17000000000000   062       635     2964652         0           0         0       635
17000000000000   162       508     1639779        12       16594      1041       514
17000000000000   005      3588    10499707        21       29316      1515      3596
17000000000000   044      3391    10791211       118      151346     10918      3452
17000000000000   079      2415     6961823        87      100420      8500      2464
17000000000000   032      1168     4362677        33       69673      2498      1182
17000000000000   040      3100     8848642       425      228002     10609      3162
17000000000000   022       104      324231         2         644        66       104
17000000000000   061       569     1485184        17        7820       735       573
17000000000000   059       804     2940917        99       78667      7229       846
17000000000000   018      4534    32111706      3630     5604805    247402      5931
17000000000000   016     10338    35992598     11559     7460100    645764     13987
17000000000000   021       657     2399711        74       97371      3556       677
17000000000000   089      3106    10879026       302      320594     16858      3198
18000000000000   000     72416   261314705     26249    21182754   1339035     80307
18000000000000   023      2750    10319683         6       10392       506      2753
18000000000000   029       981     4625096       404      784932     28907      1155
18000000000000   025      4833    16291189       699     1335989     86685      5355
18000000000000   062      1017     3744305         0           0         0      1017
18000000000000   162      1373     5159127         0           0         0      1373
18000000000000   005      4114    10960351       165      106033      2387      4128
18000000000000   044      4575    14800357         0           0         0      4575
18000000000000   079      6679    19998831         0           0         0      6679
18000000000000   032      2170     7488272       126      187533     12688      2242
18000000000000   040      4658    16797244       316      893723     42265      4897
18000000000000   022      1017     3136166         0           0         0      1017
18000000000000   061      1390     3188410       148      135558     17224      1494
18000000000000   059      3363    10911473      1033      815228    104426      3965
18000000000000   018      9390    58140051      6843    10971829    506683     12377
18000000000000   016     17518    52390681     16293     5701079    525948     20623
18000000000000   021      2681    10425975       146      161216      7507      2726
18000000000000   089      3907    12937494        70       79242      3809      3931
19000000000000   000     77597   284240410     21699    16688532   1232326     84593
19000000000000   023      2532     8731775       117      126237     10344      2591
19000000000000   029      1976     8035366       470      510910     31005      2168
19000000000000   025      1463     5477224        84       45259      3708      1484
19000000000000   062      1173     6161755         0           0         0      1173
19000000000000   162       549     1808741        15       11424       952       554
19000000000000   005      7089    23718733       182      183211     17714      7189
19000000000000   044      4906    11163270         7        7046       637      4910
19000000000000   087       260     1140362         1        2200       170       261
19000000000000   079      5164    16595032       131       76908      3135      5182
19000000000000   032      3701    14221633       112      118068      7709      3745
19000000000000   040     13272    44329562      1448     1187024    106519     13873
19000000000000   022       896     3046302        65       84351      7463       938
19000000000000   061       928     2642004       177      140870     17178      1026
19000000000000   059      4197    15369069       751      616382     57505      4521
19000000000000   012      1013     3306089        12       16370       531      1016
19000000000000   112       159      602671         3       14345       399       161
19000000000000   018      7255    45022888      4779     6873293    364872      9317
19000000000000   016     14925    49946762     12450     5746449    547621     18036
19000000000000   021      3330    12404997       640      722626     37795      3541
19000000000000   089      2809    10516175       255      205559     17069      2907
20000000000000   000     20714    79507770      8186     7513798    381259     22870
20000000000000   023      1372     4721552        86      167059     10001      1429
20000000000000   029       361     1614766       217      501583     25679       506
20000000000000   025       725     3246124        68      135789      6153       760
20000000000000   062       337     1878446        18       33091       984       343
20000000000000   162       190      629469         6        8852       443       193
20000000000000   005      1267     5114691        56      110337      6104      1302
20000000000000   044      2378     8735649        95      149062      9398      2431
20000000000000   087        71      226656        11       18738      1328        79
20000000000000   079      3124    10500094       103      216607     10696      3184
20000000000000   032      1227     4834344        60      155440      6788      1265
20000000000000   040       604     2354689        54      125112      5785       637
20000000000000   022       348     1220702        19       37194      2013       359
20000000000000   061       148      524355        31       42860      2646       163
20000000000000   059      1058     4191598       217      327687     14568      1140
20000000000000   012        23       98047        24       17406      1291        30
20000000000000   112         9       21673        25       25904      3015        26
20000000000000   018      1731     9138902       647      842085     32177      1913
20000000000000   016      3869    13100850      6334     4328093    228632      5161
20000000000000   021       258      964080        16       31939      1813       268
20000000000000   090         1        3615         0           0         0         1
20000000000000   089      1613     6387468        99      238960     11745      1680
21000000000000   000     83256   363909600     12219    27211619   1253281     90333
21000000000000   023      3478    14225244       126      275684     14815      3561
21000000000000   029      1422     7292810       282      530284     15908      1511
21000000000000   025      4607    23681524       469      971941     61157      4952
21000000000000   062      1549     8182292         0           0         0      1549
21000000000000   162       819     2916839        30       79277      4658       845
21000000000000   005     11892    47899381       319      719331     48910     12169
21000000000000   044      4702    19391338         0           0         0      4702
21000000000000   001       524     2405268         0           0         0       524
21000000000000   087       291     1492033         0           0         0       291
21000000000000   079      6737    24946740       112      258641     15983      6828
21000000000000   032      6381    26345282       788     1430697     85553      6865
21000000000000   040      4637    17255179       564      900897     52259      4931
21000000000000   022       828     3083407       168      364309     25583       973
21000000000000   061       317     1344959       134      213286     20039       430
21000000000000   059      1638     7143694       218      424005     25136      1780
21000000000000   094      2099     9905604       248      413626     28930      2262
21000000000000   018      7077    46579545      3485    13320705    408706      9386
21000000000000   016     14975    59239511      4358     5394696    346977     16935
21000000000000   021      2060     9418536       299      713207     34273      2253
21000000000000   089      7223    31160414       619     1201033     64394      7586
22000000000000   000     84603   402542297     31423    47766519   1946569     96109
22000000000000   023      3801    18544300       313     1015573     21280      3930
22000000000000   029      1710     5884087       288     1158424     26949      1864
22000000000000   025      9665    46973401       430     1431901     44240      9931
22000000000000   062      5699    30182870        99      208141      5936      5734
22000000000000   162       650     2661512         7       23592       620       654
22000000000000   005      5947    26823819        72      200491      3686      5968
22000000000000   044      3509    18081355       213      656761     25735      3656
22000000000000   001      1107     7138709       158      276104     11954      1175
22000000000000   087       159      901572         7       11641       735       163
22000000000000   079      6673    30439542       628     1739190     36740      6895
22000000000000   032      6913    30193474      1228     2833609    105605      7549
22000000000000   040      7098    27880755       840     2099111     79430      7553
22000000000000   022      1389     6272849        51      182846      6294      1427
22000000000000   080       853     4996076        37      161047      3725       874
22000000000000   061       515     1982367        48       65359      3299       534
22000000000000   059      1315     6682922       160      532040     19342      1431
22000000000000   091       464     2612763        21       72924      1988       475
22000000000000   012        59      275016         0           0         0        59
22000000000000   112        36      133359        10        4445       345        38
22000000000000   018      6033    36795424     10423    17105171    532199      9215
22000000000000   016     15234    67805922     15932    16580635    982088     21002
22000000000000   021      1033     5380906        75      249626      8210      1083
22000000000000   089      4741    23899297       383     1157888     26169      4899
23000000000000   000    118667   554353242     63987    73470298   4623451    144807
23000000000000   023      4050    19446631       751     2021737     94949      4587
23000000000000   029      1485     6389706        16       67137      1846      1495
23000000000000   025      1500     9952254        64      205687      7211      1541
23000000000000   062      1944     8362122         0           0         0      1944
23000000000000   162       775     2717316        40       64139      2011       786
23000000000000   005     16828    76756834       222      934753     33002     17014
23000000000000   044      2747    12998693       306      852087     40175      2974
23000000000000   079      9753    42822736       510     1894797     78384     10196
23000000000000   032      1913     9026450       279      521080     24469      2051
23000000000000   040     13171    46795684      5843    18151863    832245     17873
23000000000000   022       974     4184985        41       85409      4669      1000
23000000000000   061       210      861538       101      292921     11451       275
23000000000000   059      4005    18144976      1078     1508984     97075      4553
23000000000000   012       658     2092453       171      215216     14008       739
23000000000000   112       162      416194        81       80033      6172       197
23000000000000   018     17689   116071907     10148    16227666    714557     21743
23000000000000   016     34099   148684797     43770    28874074   2593196     48750
23000000000000   021      1163     5464420       283      992740     44109      1412
23000000000000   089      5541    23163546       283      479975     23922      5677
24000000000000   000     64793   311542001     29995    41381170   2384525     78266
24000000000000   023      2427    10964526        97      213992     15462      2515
24000000000000   029      1002     4272731       233      536909     32086      1185
24000000000000   025      3057    14915082       475     1613352     67822      3440
24000000000000   062       535     2805505         0           0         0       535
24000000000000   162       416     1424333        40       86324      4504       441
24000000000000   005      3990    16044643       152      422861     21668      4112
24000000000000   044      4306    19374112       202      388263     20960      4424
24000000000000   079      1742     7621657      1273     2893457    219065      2980
24000000000000   032      2168    10481019       262      651689     29155      2332
24000000000000   040      3689    16658862      1523     3895413    265005      5186
24000000000000   022      1037     4473059        94      242728     11404      1101
24000000000000   080       629     3543839        10       24476      1550       638
24000000000000   061       525     2288074       154      201389     12850       598
24000000000000   059      2649    11982288       711     1077184     72026      3055
24000000000000   094      2142     9685652       413      880572     48921      2418
24000000000000   018     10773    58846706     10316    14047300    598033     14151
24000000000000   016     17159    85192193     12648    12186527    863940     22039
24000000000000   021      3323    15985424      1188     1574696     76976      3760
24000000000000   089      3224    14982296       204      444038     23098      3356
25000000000000   000     50449   165622666     13905    11242695    951388     55824
25000000000000   023      1133     3823766        42       56291      4270      1156
25000000000000   029       454     1726325        73       89732      3580       474
25000000000000   025       661     3568541        40       53049      2930       677
25000000000000   062       686     2464229         0           0         0       686
25000000000000   162       549     1494019         0           0         0       549
25000000000000   005      3535    11475470        18       29727      2168      3547
25000000000000   044      3222     8651346        12       23508      1928      3233
25000000000000   087        42      176089         0           0         0        42
25000000000000   079      2449     5785958         0           0         0      2449
25000000000000   032      2805     8938791        79      194097      9220      2857
25000000000000   040     11922    33798426       403      750089     40508     12151
25000000000000   022       791     2465442       271      546297     38406      1008
25000000000000   061       357      758573       118       82254      9545       412
25000000000000   059      2900     8238394       831      658661     57462      3226
25000000000000   091        41      113170        14       18682      1729        51
25000000000000   018      5499    28573550      1539     2261198    134989      6261
25000000000000   016      9223    30384446     10384     6377263    636318     12819
25000000000000   021      1522     4594223        28       31782      4138      1546
25000000000000   090       121      308600         0           0         0       121
25000000000000   089      2537     8283308        53       70065      4197      2559
26000000000000   000     79579   255697106     26085    21846673   1757047     89532
26000000000000   023      3155    10332061       286      265661     24715      3296
26000000000000   029       790     2584103       308      707932     36786      1009
26000000000000   025      3378     9433606       202      231480     18126      3481
26000000000000   062      1289     5939780         0           0         0      1289
26000000000000   162      1002     3026866       114       74000      8404      1049
26000000000000   005     12303    30206078       314      283112     23224     12435
26000000000000   044      6368    22263232       338      530908     38046      6583
26000000000000   079      7694    18958342       513      465260     34332      7888
26000000000000   032      3049     8594842       249      363226     21874      3173
26000000000000   040     10926    30749502      1388     1814866    122974     11621
26000000000000   022       565     1609622         7        9632       617       568
26000000000000   061       566     1539106       181       86378     11322       630
26000000000000   059      2216     7005051       593      567767     58877      2549
26000000000000   018      7912    43348297      7197     7798179    484790     10652
26000000000000   016     13655    45220429     13012     6523436    736999     17830
26000000000000   021      1048     3235728      1173     1940612    121718      1736
26000000000000   089      3663    11650461       210      184224     14243      3743
27000000000000   000     17013    64606120      9324     7870357    532037     20017
27000000000000   023       957     3093223       124      129556     11138      1022
27000000000000   029       498     1686237       147      227818     16708       593
27000000000000   025       612     2453004       117      243338     10307       670
27000000000000   062       190      672057         0           0         0       190
27000000000000   162       223      794522        18       21939      1316       230
27000000000000   005      1161     3763187        59       73593      4975      1189
27000000000000   044      2114     8323743       121      178807     10629      2174
27000000000000   079      1508     4928118       185      322291     21680      1630
27000000000000   032       826     2770890        83      136466      8112       872
27000000000000   040       537     1701762       109      147911     10997       599
27000000000000   022       724     2672409        29       46826      2918       740
27000000000000   061        65      216751        33       15806      1373        73
27000000000000   059      1360     4905835       271      296103     22770      1489
27000000000000   018      1646    10492918      2527     2723077    123821      2344
27000000000000   016      3173    10913397      5322     3048510    268487      4689
27000000000000   021       312     1141733        93      133692      9199       364
27000000000000   090        21       63090         4        5037       410        23
27000000000000   089      1086     4013244        82      119587      7197      1126
28000000000000   000     27156    95653882     10839     9811845    939567     32465
28000000000000   023       761     2468666        14       15808      1226       767
28000000000000   029       275     1068143       100      103537      6996       315
28000000000000   025       721     3200176        73       61995      4828       748
28000000000000   062       500     2253083         0           0         0       500
28000000000000   162       259      763089        32       36077      3024       276
28000000000000   005      2824     8454736        94      112934      9332      2877
28000000000000   044      2155     6935397         9       18325      1041      2161
28000000000000   001        26       94648         0           0         0        26
28000000000000   079      2492     6865559       209      273498     18864      2599
28000000000000   032       660     2364429        71      137516      9130       712
28000000000000   040      3416    11041745       887     1544897    115457      4068
28000000000000   022       313     1071233         5        6883       399       315
28000000000000   061       238      682720       145      128764     15948       328
28000000000000   059      1583     5001217       774     1273042    104294      2173
28000000000000   018      2789    16146234      1103     1689612     94578      3324
28000000000000   016      5979    19118903      7116     4284918    545884      9064
28000000000000   021       535     2076313        62       31401      3047       552
28000000000000   089      1630     6047591       145       92638      5519      1660
29000000000000   000     25336   117986180     10283    10953053    560600     28506
29000000000000   023      1440     5375228        28       43536      1348      1447
29000000000000   029      1339     6245512        18       25988      1051      1345
29000000000000   025       639     3947285        28       66874      1308       647
29000000000000   062       425     2812041         0           0         0       425
29000000000000   162       371     1642000         0           0         0       371
29000000000000   005      3765    17222387        56      175267      3726      3786
29000000000000   044      1746     7626302         6        7173       571      1749
29000000000000   079      1588     6023776        15       27474       999      1594
29000000000000   032      1254     5524632        40       98027      2791      1269
29000000000000   040      1333     6072991       106      300663      9075      1384
29000000000000   022       406     1627128         1        1255        46       406
29000000000000   061       191      781491         9       17889       620       195
29000000000000   059       964     4352793       100      126057      3734       986
29000000000000   091        16       99415         1        1242        53        16
29000000000000   092        16       99415         1        1242        53        16
29000000000000   018      2234    15621290      4138     5809693    249813      3646
29000000000000   016      5337    22407167      5657     4137461    280620      6923
29000000000000   021       132      643016         2        3950        95       133
29000000000000   089      2140     9862311        77      109262      4697      2168
30000000000000   000     16090    65140358      9151     9842817    581853     19588
30000000000000   023       898     3469880        68       87270      6691       937
30000000000000   029       322     1168912        96      113210      8180       370
30000000000000   025       939     3563626         7       18427       815       944
30000000000000   062       289     1494922         0           0         0       289
30000000000000   162       150      539760        15       25984      1488       159
30000000000000   005      1320     5263309        66       99881      6303      1358
30000000000000   044      1687     6101509       264      310651     23455      1828
30000000000000   001        27      126238        18        8163       573        30
30000000000000   087         7       32329         6        5508       531        10
30000000000000   079      1472     4812491        85      118986      6703      1511
30000000000000   032       923     3608254        81       96271      6732       963
30000000000000   040       757     2522745        78      141862      1906       768
30000000000000   022       316      994445        38       50968      3113       335
30000000000000   061        79      246735       212      152418     16975       181
30000000000000   059       359     1443369       109      102494      7793       406
30000000000000   091        25      115558         2        3540       182        26
30000000000000   018      1477     9882435      2081     3807004    143889      2342
30000000000000   016      2612    10871305      5077     3968143    277546      4284
30000000000000   021       308     1131442        21       30579      1948       320
30000000000000   090       298      960274       442      311273     36208       516
30000000000000   089      1825     6790820       385      390185     30822      2011
31000000000000   000    143425   770878093     34548    40785190   2015746    155685
31000000000000   023      6229    27963098       617     1058934     74282      6649
31000000000000   029      1321     7071806        29       40253      2161      1333
31000000000000   025     14349    75026697       243      338651     20053     14462
31000000000000   062      2934    22776817         0           0         0      2934
31000000000000   162      1642     6571041        35       71371      2883      1658
31000000000000   005     10164    55441870        14       27006      1007     10170
31000000000000   044      6741    34003060       920     1197863     86490      7230
31000000000000   087       131      610702         6        8818       647       135
31000000000000   079      9168    42317287       267      491422     27509      9323
31000000000000   032      4252    22993643       414     1178900     18244      4361
31000000000000   040     17089    72821584      2544     4890440    253655     18529
31000000000000   022      1845     8184438        75      131695      7536      1888
31000000000000   081       600     3711793         1         206        27       600
31000000000000   061      1288     6096023      1631     2541067    152564      2203
31000000000000   059      2258    11924330       514      725140     27560      2421
31000000000000   091       124      570678         2        2205       115       125
31000000000000   094     10014    51319490       827     1413147     84161     10489
31000000000000   012     13155    90703321      2143     2570526     98524     13825
31000000000000   112      4555    15969109      2539     2417344    164789      5687
31000000000000   018      7423    72424380      6521    10427792    247470      8949
31000000000000   016     18132    88538270     14514    10360945    687173     22369
31000000000000   021      2992    15576761       468      650653     45380      3249
31000000000000   089      7019    38261895       224      240812     13516      7096
32000000000000   000     45276   161948679     14566    17161568   1233799     52255
32000000000000   023      1644     5968463         4        7269       469      1647
32000000000000   029       217     1052012       481     1475805     68208       602
32000000000000   025      2996    11334240       131      224043     12857      3070
32000000000000   062       541     2429978         0           0         0       541
32000000000000   162       149     1108689         0           0         0       149
32000000000000   005      3962    13409421        15       35674      1523      3971
32000000000000   044      2571     8291182         0           0         0      2571
32000000000000   001        10       40273         0           0         0        10
32000000000000   079      1936     5506552         3        2061       266      1938
32000000000000   032      2377     8920882        16       30463      1946      2389
32000000000000   040      9020    33199987      1596     4143129    245331     10407
32000000000000   022       261      816867         3        6783       355       264
32000000000000   061       833     2527390        40       73407      4074       856
32000000000000   059      1111     4464207        43       42504      2872      1128
32000000000000   018      3344    13446989      3792     4930075    223525      4606
32000000000000   016     10799    36631679      8379     6096544    665590     14559
32000000000000   021      1179     4275979        48       61419      4606      1207
32000000000000   089      2326     8523889        15       32392      2177      2340
33000000000000   000    236719  1161864825     48343    63716376   2814629    253354
33000000000000   023     12419    54570094       174      319959     12746     12493
33000000000000   029      4467    19030440       541      634789     42274      4706
33000000000000   025     19886   119711032       722     2290992     95368     20425
33000000000000   062      4676    40553685         0           0         0      4676
33000000000000   162      1649     6435022       155      265215     17276      1747
33000000000000   005     34095   160286516       464     1223631     48102     34368
33000000000000   044     12373    56992239      1004     1186683     74187     12792
33000000000000   001       150      602356         4        9429       292       152
33000000000000   087       746     3734539        18       39841      1731       755
33000000000000   079      6075    26697354       556     1265466     70170      6472
33000000000000   032      9475    48282544       398     1151492     44170      9728
33000000000000   040     42164   185097448      5512    13543721    560593     45376
33000000000000   022      7079    31763629       101      269972     13807      7158
33000000000000   061      1818     9703117      1234     2265133    136584      2589
33000000000000   059      3494    16902712        88      160287      7556      3537
33000000000000   092      1680    12264189        48      150869      5024      1708
33000000000000   094     15639    93549573       257      447864     31936     15820
33000000000000   018     16456    96830939     15536    17743133    593405     20019
33000000000000   016     24672    94793967     21038    19565824   1010766     30846
33000000000000   021      4539    20542046       191      382722     17998      4641
33000000000000   089     13167    63521384       302      799354     30644     13346
34000000000000   000    127386   474144534     39205    45970141   2760691    142985
34000000000000   023      4062    14509121        47      106545      4059      4084
34000000000000   029       781     3681041       419      769050     42936      1023
34000000000000   025      6583    27968986        50       83384      4660      6609
34000000000000   062      2474    11117132         0           0         0      2474
34000000000000   162      1317     4178379        12       26500      1070      1323
34000000000000   005     21070    63047793       628     1462621     65718     21441
34000000000000   044     11135    35685595        17       27177      1654     11144
34000000000000   087       302     1170108         2        1457       100       303
34000000000000   079      2090     8105634         6        6661       314      2092
34000000000000   032      4931    18778350       158      319343     16526      5025
34000000000000   040     15209    51001290      2943     9655646    393069     17430
34000000000000   022      2216     8346115       219      375405     24227      2353
34000000000000   081       311     1151773         7        9836      1200       318
34000000000000   061      1082     3313694       174      136236     13194      1157
34000000000000   059      4011    13518557       710      776166     45148      4266
34000000000000   018     13306    81667800     11515    15033647    657402     17021
34000000000000   016     28593    95860761     22051    16665382   1468793     36891
34000000000000   021      2937    11203084       168      373281     13037      3011
34000000000000   089      4976    19839321        79      141804      7584      5020
35000000000000   000     14597    49765898      9631     8723504    588818     17918
35000000000000   023       620     2035733        33       35516      1941       631
35000000000000   029       201      653702       241      804752     23496       333
35000000000000   025       521     2059477        45       30023      1772       531
35000000000000   062       136      555456         0           0         0       136
35000000000000   162        48      130997         9       13904       986        54
35000000000000   005       660     1839573        96      141934      7022       700
35000000000000   044      1092     3636480         3        3945       264      1093
35000000000000   079       421     1259175        75      113836      9003       472
35000000000000   032      1162     3616467       124      154359      9432      1215
35000000000000   040       946     2574429        52       79059      3016       963
35000000000000   022       378     1178363        35       38158      2925       395
35000000000000   061       128      321392        14       21884      1330       136
35000000000000   059      1086     4105761       609      607762    103194      1670
35000000000000   018      1976    10163708      2357     3852620    203190      3123
35000000000000   016      3662    10090344      5720     2605087    207374      4833
35000000000000   021       273      877506        43       49601      2461       285
35000000000000   089      1287     4667335       175      171064     11412      1348
36000000000000   000    119147   531297069     70532    66598438   4252461    143206
36000000000000   023      7898    37292566       445      884255     52986      8199
36000000000000   029       875     3892813       134      105157      9619       930
36000000000000   025      2494    12814765       532     1376619     44774      2748
36000000000000   062      1487     7984578         0           0         0      1487
36000000000000   162      1217     4689356        10       21657      1313      1224
36000000000000   005     16679    65654465        84      127545      8207     16725
36000000000000   044      6924    29845097       603      751097     52570      7221
36000000000000   079      2794    14390086       238      343903     32909      2980
36000000000000   032      3570    17895820       264      478818     27044      3723
36000000000000   040     14035    60058457      2982     5453705    253788     15469
36000000000000   022      2230     8759532       230      194192     11896      2297
36000000000000   061       468     1819443       299      395992     29871       637
36000000000000   059      2842    10508936       279      339107     22439      2968
36000000000000   018     15191   105675189     19469    25030283   1105233     21456
36000000000000   016     33447   116410937     44075    29849394   2538761     47800
36000000000000   021      2485    11530635       364      561219     25598      2629
36000000000000   089      4511    22074394       524      685495     35453      4713
37000000000000   000     62198   223552048     24015    19693718   1371570     69961
37000000000000   023      1718     6169491        36       49944      2144      1731
37000000000000   029       770     2844447       145      248746     17899       871
37000000000000   025      2733    11616582       117      144315      8521      2780
37000000000000   062       974     4996961         0           0         0       974
37000000000000   162       887     3021106        43       48202      4440       913
37000000000000   005      5663    18301452       212      251720     16873      5758
37000000000000   044      2961     9202384        14       15773      1917      2972
37000000000000   001        10       47196         0           0         0        10
37000000000000   079      6506    19016696       247      239919     23022      6636
37000000000000   032      5786    19653563       301      562683     28216      5945
37000000000000   040      2760     8172691        69       97021      6886      2797
37000000000000   022      1361     4512533        59       76299      5306      1391
37000000000000   081        75      263093         9        5635       613        78
37000000000000   061       856     2051707       217      145649     18272       958
37000000000000   059      1684     5511266       841      639840     46360      1946
37000000000000   092       539     2805622        13       24507      1513       548
37000000000000   018      6425    37325430      6213     7930342    316845      8221
37000000000000   016     16027    52314601     15301     8985000    858359     20890
37000000000000   021      1946     6722156        79       98263      6370      1983
37000000000000   089      2517     9003071        99      129860      8014      2559
38000000000000   000     52610   213315918     20776    25487569   1241034     59619
38000000000000   023      3986    14771078       362      580189     38376      4203
38000000000000   029      1082     4383394       207      361748     18504      1188
38000000000000   025      2934    11560336       268      689475     31239      3110
38000000000000   062       672     3216695         2        3652       190       673
38000000000000   162       583     2114214       141      125139      5236       612
38000000000000   005      4999    18775684       123      330284     16783      5094
38000000000000   044      3554    14976314       212      796432     33202      3742
38000000000000   001        16       56396         0           0         0        16
38000000000000   079      6541    22733989       317      548437     25680      6685
38000000000000   032      1377     5423907       178      356154     14392      1458
38000000000000   040      4767    18255968      2232     4392255    109579      5386
38000000000000   022      2029     9547174       113      306724     10803      2090
38000000000000   061       487     1623027        19       28119      1793       497
38000000000000   059      2482     9337928       419      587061     37698      2694
38000000000000   018      7018    37567494      3818     7821046    281150      8607
38000000000000   016      7712    29715899     12040     8255233    599794     11101
38000000000000   021       721     2817348        94       83367      5421       752
38000000000000   090       190      724925        15       21162      1274       197
38000000000000   089      1460     5714148       216      201092      9920      1514
39000000000000   000    141478   585472079     50070    70613971   3188491    160177
39000000000000   023      7237    28932686       437      746759     57552      7584
39000000000000   029      3211    10862830       891     2783045    110814      3876
39000000000000   025      3006    15749423         0           0         0      3006
39000000000000   062      5052    25691232         0           0         0      5052
39000000000000   162      1331     6773651        64      142528      5922      1367
39000000000000   005     17161    65677155       449      999920     29121     17336
39000000000000   044     12915    44655493       621     1483564     78336     13379
39000000000000   001        45      181084         0           0         0        45
39000000000000   087       172      727104         0           0         0       172
39000000000000   079     11872    43068356       288      850105     28657     12045
39000000000000   032      1771     7729455        36       81823      2438      1786
39000000000000   040     11524    37026253       882     1662187     54880     11850
39000000000000   022      3729    14547640       655     1567262     86503      4250
39000000000000   061       850     3093108       764     1798058     98919      1446
39000000000000   059      5506    23481999      1524     3560902    131120      6278
39000000000000   018     14001    98961506      9978    26755854    621209     17552
39000000000000   016     28399   104321147     32828    26995790   1827227     39127
39000000000000   021      4362    18194705       367      618577     20126      4477
39000000000000   090      3044     9644295         0           0         0      3044
39000000000000   089      6290    26152957       286      567597     35667      6505
40000000000000   000     18511    88756355      6407     6099042    318981     20435
40000000000000   023      1281     5977310        12       29076       987      1286
40000000000000   029       298     1262407       209      214614      5560       334
40000000000000   025      1219     6220616        16       43104      1324      1228
40000000000000   062       217     1416147         0           0         0       217
40000000000000   162        92      470402         2        4804       137        93
40000000000000   005      1736     8650472         5        9852       228      1737
40000000000000   044       767     3382182        16       32756      1426       775
40000000000000   001       183     1022452         3       11263       337       185
40000000000000   079      1586     7707071        52      114484      4085      1612
40000000000000   032      1190     5871030        64       58613      1677      1200
40000000000000   040      1108     4517539         0           0         0      1108
40000000000000   022       473     2380716         8       20816       708       478
40000000000000   081       123      688625         1        1413       133       124
40000000000000   080       236      994713         0           0         0       236
40000000000000   061        69      229043         0           0         0        69
40000000000000   059       488     2420642        29       39803      1760       498
40000000000000   094       727     3273159        46      160472      8092       773
40000000000000   012       427     2148141        73      100663      6602       470
40000000000000   112        87      271738        81       93565      8717       143
40000000000000   018      1780    10109270      2575     3281411    117511      2507
40000000000000   016      2228     9051822      3113     1701133    151052      3110
40000000000000   021       452     2009428        56      129536      6156       492
40000000000000   089      1744     8681430        46       51664      2489      1760
41000000000000   000     70344   237490570     17058    14673928    986557     76213
41000000000000   023      3305    10747150        41       72204      2272      3319
41000000000000   029       586     2277656       488      501500     33315       787
41000000000000   025       700     3255880         3        5624       160       701
41000000000000   062      1375     5087174         0           0         0      1375
41000000000000   162       677     2115028         4       12686       244       679
41000000000000   005      7808    21426506         3        7716       180      7809
41000000000000   044      4777    13821528         7       12902       390      4779
41000000000000   087       578     2852867         2        4723       128       579
41000000000000   079      4325    11593270         8       16092       396      4327
41000000000000   032      6183    19650156       157      410998      8972      6237
41000000000000   040      7359    16825331       220      530650     27313      7515
41000000000000   022      1139     3511594         0           0         0      1139
41000000000000   061       568     1566714         2        5880       278       570
41000000000000   059      1960     6229156       262      258280     25217      2111
41000000000000   091        10       49842         1        2597       108        11
41000000000000   092      1753     8386451        14       48818      1082      1759
41000000000000   018      8518    48320299      6477     7105822    362685     10683
41000000000000   016     14785    45640340      9352     5647422    522995     17892
41000000000000   021      2654     9276082         2        2150        76      2654
41000000000000   089      1284     4857546        15       27864       746      1287
42000000000000   000     12150    42990783      4598     3532980    309615     13897
42000000000000   023       423     1510982        16       19032      1366       431
42000000000000   029       324     1143914        21       26646      1960       335
42000000000000   025       547     2127834        96       97272      7258       588
42000000000000   062       189      787044         1         628        52       189
42000000000000   162       105      302178         6        5588       644       109
42000000000000   005       875     2354052        29       31930      2568       890
42000000000000   044       965     3073030        56       72614      5648       997
42000000000000   079      1059     2961090        34       46540      3716      1080
42000000000000   032       575     2001748       125      264248     13590       651
42000000000000   040       874     2433248       141      204948     13982       953
42000000000000   022       271      714876         5        4748       362       273
42000000000000   061       121      364350        27       20338      2148       133
42000000000000   059       761     2571795       296      165607     18014       862
42000000000000   018      1425     9058022      1150     1512555     98492      1981
42000000000000   016      2458     7704691      2505      964921    131692      3202
42000000000000   021       386     1225247        36       40899      3515       405
42000000000000   089       792     2656682        54       54466      4608       818
43000000000000   000     76594   269219507     25205    21526389   1406367     84875
43000000000000   023      3510    13497702        48       65615      5212      3542
43000000000000   029       876     3378050        33       35500      2177       889
43000000000000   025      2360    11420572         7        8586       530      2363
43000000000000   062      1121     4385938         0           0         0      1121
43000000000000   162       887     2806796        13       10186      1185       893
43000000000000   005      7133    19770464        44       81510      4460      7159
43000000000000   044      4381    12715982         5        1548       166      4382
43000000000000   079      8201    25354878        18       26198      1676      8212
43000000000000   032      3955    14949385       156      307976     15428      4044
43000000000000   040      7453    23094822       185      555331     27115      7607
43000000000000   022      1426     4242054       139      207746     15496      1519
43000000000000   061      1117     2494278       234      144142     18754      1230
43000000000000   059      3672    13527749       533      696804     62961      4040
43000000000000   018      8090    46085557      8931    10279318    530157     11233
43000000000000   016     17530    54943581     14134     8607741    695929     21607
43000000000000   021      1987     6742653       622      457670     23858      2131
43000000000000   089      2895     9809046       103       40518      1263      2903
44000000000000   000    259578  1004128892     74800    95352957   5465030    290451
44000000000000   023      9369    35342719       167      186224      9863      9423
44000000000000   029      2584     9460064       539      567568     35401      2784
44000000000000   025      5437    25691560       123      604718     16623      5530
44000000000000   062      2286    10010573         0           0         0      2286
44000000000000   162      1896     5735910        62       60698      4960      1924
44000000000000   005     44745   116355804       674      797566     58550     45075
44000000000000   044     15832    54110359       706     1031451     33822     16024
44000000000000   079     23096    65643247       303      537171     31149     23272
44000000000000   032     12258    43814193       667     1535000     53502     12563
44000000000000   040     32486   136331549      2740     7898187    267594     33998
44000000000000   022      3805    12817580        34       59096      3216      3823
44000000000000   061      1009     2770118       192      186227     18065      1111
44000000000000   059      9534    38935062      2040     4022624    164028     10460
44000000000000   012        15       43295         0           0         0        15
44000000000000   112         2       10328         4        4206       351         4
44000000000000   018     23846   183472630     23804    36660227   1795330     33989
44000000000000   016     60233   220912484     42056    39776535   2895647     76592
44000000000000   021      4614    17594107       403      878230     43464      4859
44000000000000   089      6531    25077310       286      547229     33465      6719
45000000000000   000     42112   166886417     23889    26304488   1571153     51001
45000000000000   023      2482    10104573       194      153257     12582      2554
45000000000000   029       352     1517790        37       53897      1536       363
45000000000000   025      1538     5930031       157      330273     10656      1598
45000000000000   062       464     1814229         0           0         0       464
45000000000000   162       321     1155952        67       56621      4293       345
45000000000000   005      3166    10215130       240      182777     16182      3257
45000000000000   044      1630     6082628        14       14843      1098      1636
45000000000000   079      2931     9325475       298      381404     23245      3062
45000000000000   032      1869     6842749       313      478636     27036      2022
45000000000000   040      6452    22574303      1341     1838063     88398      6951
45000000000000   022       707     2318607        54      113102      7165       747
45000000000000   061       270      905263        87       61370      5874       303
45000000000000   059      1151     4205811       212      258172     22629      1279
45000000000000   018      5913    38650906      7773    10695718    399970      8176
45000000000000   016     10249    35909844     12139    10816429    884944     15256
45000000000000   021       944     3495903       472      550483     38951      1164
45000000000000   090       250      611263       295      152817     16616       344
45000000000000   089      1423     5225960       196      166626      9978      1480
46000000000000   000     13682    57367661      2665     3496380    183628     14759
46000000000000   023       606     2522237        10       14828       742       611
46000000000000   029       682     2267187        45       73402      4320       707
46000000000000   025       598     2655871        61      133808      6436       635
46000000000000   062       317     1919974        20       15536      1078       323
46000000000000   162       292     1223025        54       45243      3751       313
46000000000000   005      1197     4639151         8       19840      1014      1203
46000000000000   044      1067     4649546         8       28505      1061      1073
46000000000000   079      1265     5045940        63      180073      9057      1316
46000000000000   032       558     2337763       334      563401     36602       764
46000000000000   040       212      718135         9       29960      1244       219
46000000000000   022       205      808269         5       13164       542       208
46000000000000   061       123      482712         5       14384       615       126
46000000000000   059       590     2570123        54      238808      7875       635
46000000000000   018      1296     8326271       467      912930     30534      1480
46000000000000   016      2867     9536559      1358      902709     63269      3248
46000000000000   021       582     2445808        38       78962      3700       604
46000000000000   090        55      221737         0           0         0        55
46000000000000   089      1170     4997353       126      230827     11788      1239
47000000000000   000    106550   431961023     48895    54597548   3183366    124536
47000000000000   023      3935    15338830       730      853638     65990      4308
47000000000000   029       512     2432664       257      564554     27416       668
47000000000000   025      3532    15501120       383      532926     19630      3643
47000000000000   062      2261    10535224        37       46330      2534      2275
47000000000000   162       776     2714196       198      276452     18722       882
47000000000000   005     14224    41844028       492      724860     48882     14500
47000000000000   044      8757    35764324       386      638674     37332      8968
47000000000000   087       150      723678         3        4970       420       152
47000000000000   079      2303     8867786       235      494918     25652      2449
47000000000000   032      5150    19846450       632      866942     62052      5500
47000000000000   040     14110    49392078      2355     3901127    165836     15046
47000000000000   022      1224     4379332       326      572830     40618      1454
47000000000000   061       696     2247370       741      689790     64354      1061
47000000000000   059      2633    11385718       543      634052     45421      2890
47000000000000   018     13835    92737904     13894    22479883    832217     18538
47000000000000   016     25087    86576929     24992    17923172   1474428     33417
47000000000000   021      2695    11626082       589      974069     50143      2977
47000000000000   090       808     2522894      1537     1563752    149882      1655
47000000000000   089      3862    17524416       565      854609     51837      4153
48000000000000   000    100571   443040735     52166    60690701   3431767    119970
48000000000000   023      2695    11437780       150      375484     16760      2790
48000000000000   029      1461     5856457       275      475781     20451      1576
48000000000000   025      1864     9199556       164      364366     15122      1949
48000000000000   062      1097     7380888         0           0         0      1097
48000000000000   162      1022     4931204        48       50089      2126      1034
48000000000000   005      8581    32381200       476      813175     48446      8854
48000000000000   044      7292    34119338       379      664044     34996      7490
48000000000000   079      9041    32985270      1200     1480918     66000      9414
48000000000000   032      4787    18685227       954     1948991     92611      5313
48000000000000   040      8532    38608366      3166    10042818    234870      9859
48000000000000   022      2822    11590816       314      673988     32644      3006
48000000000000   081       146      700182        28       97424      3592       166
48000000000000   061       580     2383556       157      227551     19761       691
48000000000000   059      4806    20674930       671     1364832     90669      5318
48000000000000   018     12065    68202104     13026    23488824    736008     16221
48000000000000   016     26113   111923391     29474    16237028   1892375     36804
48000000000000   021      1788     7518498       914     1056861     50573      2086
48000000000000   090       552     1761504       395      610382     42574       793
48000000000000   089      5327    22700468       375      718145     32189      5509
49000000000000   000     34562   110953139     10951     8991150    583714     38060
49000000000000   023      1840     5064802        26       31066      1998      1852
49000000000000   029       222      755360       261      617426     20434       354
49000000000000   025      1383     5380898        29       43276      3703      1404
49000000000000   062       654     2752046         0           0         0       654
49000000000000   162       347      809150        17       11062      1084       353
49000000000000   005      3298     7368121         6        6270       542      3301
49000000000000   044      4957    13959925        25       41672      3525      4978
49000000000000   001         3       10308         0           0         0         3
49000000000000   087         4       13598         0           0         0         4
49000000000000   079      3251     7750662        11       10104       864      3256
49000000000000   032       795     2342570        37       34926      2022       806
49000000000000   040      1501     3560748       178      219446     19936      1614
49000000000000   022       559     1607410        21       17852      1840       570
49000000000000   081         9       32240         4         600        12         9
49000000000000   061       395      820288       315      199966     29364       561
49000000000000   059      2180     7050550       367      276226     27184      2340
49000000000000   094         7       24354         0           0         0         7
49000000000000   018      3324    18696084      3762     4556259    155184      4260
49000000000000   016      6336    21246708      5560     2612258    296846      8124
49000000000000   021      1312     4574230       200      205917     12923      1389
49000000000000   090        54      140594         0           0         0        54
49000000000000   089      2131     6992493       132      106824      6253      2167
50000000000000   000     54850   253259087     43737    42357097   2454007     68714
50000000000000   023      2252     9378165       525      960767     58754      2583
50000000000000   029       845     3720266       368      784489     30750      1019
50000000000000   025      1863    11629616       275      753416     29262      2028
50000000000000   062       584     2756350         0           0         0       584
50000000000000   162       284     1107556        36       50427      3043       301
50000000000000   005      9232    36113892      1074     2872853    111762      9864
50000000000000   044      1405     6767928       179      328560     17158      1502
50000000000000   079      1194     4795282       366      646638     33829      1385
50000000000000   032      1413     6005800       423      892280     36518      1619
50000000000000   040      2819    11356735      1043     2255193     96038      3360
50000000000000   022       780     3214133        44       81552      5411       810
50000000000000   061       179      677623        50       58279      3423       198
50000000000000   059      2035     8025003       936     1359160     77292      2472
50000000000000   018      8012    50586066     10443    11923935    626303     11550
50000000000000   016     15746    68652775     26288    16268622   1186082     22447
50000000000000   021       953     4458078       375      556933     21549      1075
50000000000000   089      5254    24013819      1312     2563993    116833      5917
51000000000000   000     11810    42668933      3089     2332743    183633     12842
51000000000000   023       549     2162918         6       10372       522       551
51000000000000   029       142      649410       188      168744      9645       195
51000000000000   025       507     2226058        24       36413      2256       519
51000000000000   062       183      950425         0           0         0       183
51000000000000   162        96      367924         0           0         0        96
51000000000000   005      1018     3131080         4        6635       433      1020
51000000000000   044      1764     6065192        95      191656     12240      1833
51000000000000   079       708     2431031        54       72063      4882       736
51000000000000   032       671     2527871        75      135982      8460       719
51000000000000   040       745     2053657        52      106955      4476       771
51000000000000   022       327     1081431         6        7293       520       330
51000000000000   061        77      252778         6       10769       522        80
51000000000000   059       957     3271821        33       33245      3176       974
51000000000000   018       991     5295058       704      640040     39542      1214
51000000000000   016      1858     5765730      1772      815768     90090      2367
51000000000000   021       229      933529         7        6898       607       232
51000000000000   090        62      210474         0           0         0        62
51000000000000   089       926     3292546        63       89910      6262       960
