01000000000000   000     79593   317591532     28337    27608260   1719794     89456
01000000000000   023      2642    10521969        92       98971      9381      2694
01000000000000   029       563     2478646        96      136221      6983       602
01000000000000   025      3582    14521518        79      143581      3173      3601
01000000000000   062       686     3250636         0           0         0       686
01000000000000   162       668     2153989         0           0         0       668
01000000000000   005      5136    15292405        24       37448      2016      5147
01000000000000   044      4582    15089268       115       74734      9200      4634
01000000000000   087       657     2699803         1        1500        30       657
01000000000000   079      4420    15068776        41       72956      4670      4446
01000000000000   032      5767    20261691       526      564587     61163      6113
01000000000000   040     10951    40919007      1758     4347992    152452     11812
01000000000000   022       844     3268372        45       55618      5224       874
01000000000000   061       496     1290371       244      193300     25062       638
01000000000000   059      2147     8241929       355      359668     30826      2322
01000000000000   018      9429    64476259      8628     9835335    467347     12129
01000000000000   016     20888    76567051     15633    10881200    874732     25917
01000000000000   021      3213    11116759       170      235182     12790      3285
01000000000000   090       737     1899182        10       14938       918       742
01000000000000   089      2185     8473901       520      555029     53827      2489
02000000000000   000     23883   111279888      5265     6350075    347242     25885
02000000000000   023      1066     5101743        44       44431      2294      1079
02000000000000   029       738     3184765        52       63639      3035       755
02000000000000   025      1342     6668868        72      122624      5127      1371
02000000000000   062       253     1746778         3        4879       232       254
02000000000000   162       155      536736        50       16333      1128       161
02000000000000   005      1796     8290016        58       77801      4828      1824
02000000000000   044      3005    14930200        43       49323      2998      3022
02000000000000   079      1725     6714582       135      171338     15895      1814
02000000000000   032       661     3112982        22       32403      1738       671
02000000000000   040       208     1025455        25       48703      2973       225
02000000000000   022       381     1485333        14       14132       819       386
02000000000000   061        92      362007         1        1772        80        92
02000000000000   059      2332    10340211       138      207234      9794      2388
02000000000000   012      2021     8341947       487      607795     35389      2241
02000000000000   112       809     2375640       511      480470     35060      1028
02000000000000   018      1122     8204546      1031     1382654     33936      1314
02000000000000   016      2962    13073345      2465     2899443    185037      4007
02000000000000   021       241     1069645        37       21036      1686       251
02000000000000   089      2974    14715089        77      104065      5193      3002
03000000000000   000     63084   268568593     26367    28172571   1755146     73004
03000000000000   023      3818    14051810        58      146531      5869      3851
03000000000000   029       640     2710112       156      282789     11846       708
03000000000000   025      2276    10014999       105      270468      9608      2330
03000000000000   062      1267     6966293         0           0         0      1267
03000000000000   162       899     3954572        35       69586      2721       915
03000000000000   005     10463    39262810        32      118973      3339     10482
03000000000000   044      2951    11915788        59      128049      5267      2981
03000000000000   079      5650    18326640       138      368270     13430      5726
03000000000000   032      3271    11858771        57      145232      5735      3303
03000000000000   040       732     2997245        31       89680      2965       749
03000000000000   022      1751     5016231        70       99251      7521      1793
03000000000000   061       414     1279563        36       51473      4891       442
03000000000000   059      2532    12311551       853      925916     65113      2901
03000000000000   092         8       55794         0           0         0         8
03000000000000   018      6693    45636805      8721    12580763    610464     10142
03000000000000   016     12873    57532304     15468    11975358    960954     18302
03000000000000   021      3221    10475565       311      512407     27147      3375
03000000000000   089      3625    14201740       237      407825     18276      3729
04000000000000   000     56075   193972803     14263    12296167    890240     61103
04000000000000   023      1966     6083999        25       15161      1463      1973
04000000000000   029       684     2773166       138      175185      9886       739
04000000000000   025      1462     4654886       156      116600      3877      1484
04000000000000   062       593     2361176         0           0         0       593
04000000000000   162       628     1794026         0           0         0       628
04000000000000   005      5239    13780142         5        3361       182      5240
04000000000000   044      3566    12375804        39       36214      3976      3588
04000000000000   079      3987    10189601         0           0         0      3987
04000000000000   032      4880    15217280        89      124532      5701      4912
04000000000000   040      5794    18217401       166      303546     15664      5882
04000000000000   022      1079     3469551         6        7692       296      1081
04000000000000   061       699     1742243         4        1220       160       700
04000000000000   059      1826     5598179       349      261599     20918      1943
04000000000000   018      6298    40055449      4892     6883255    382126      8458
04000000000000   016     13381    42480324      8317     4309376    443098     15888
04000000000000   021      1525     4876656        46       34545      1464      1532
04000000000000   089      2468     8302920        31       23881      1429      2475
05000000000000   000    338725  2002723495    150343   233223801   9780752    393989
05000000000000   023     20330    93693759      3405     5657897    362137     22375
05000000000000   029      3818    21730747       340      796451     25509      3970
05000000000000   025      4613    28133653       478     1211190     34449      4806
05000000000000   062      7561    55833851       456      719086     13575      7638
05000000000000   162      5323    22138193       783      881881     35594      5525
05000000000000   005     59508   375313938      2011     6577379    203759     60659
05000000000000   044     20096   142066858      1143     4059481    133025     20847
05000000000000   079      3664    17205705       302      837512     31586      3842
05000000000000   032     11559    66937518      1531     3861088    124900     12264
05000000000000   040     36627   228752061      8259    25356437    749832     40864
05000000000000   022     16978    77653399      1260     3197577    135657     17744
05000000000000   081       384     2199028        47      146696      4503       409
05000000000000   061      2341    11520133      1789     2992544    191341      3423
05000000000000   059     12749    70318979      2436     4295556    284870     14358
05000000000000   018     23075   193112986     31881    60303674   2333834     36260
05000000000000   016     86418   467812628     91524   106431628   4897282    114087
05000000000000   021      3878    19116711       575     1009580     45598      4136
05000000000000   089     19803   109183348      2123     4888144    173301     20782
06000000000000   000     53769   263524912     35865    53832209   2766613     69400
06000000000000   023      2086     9988527       114      215860      9041      2138
06000000000000   029       429     1742192       169      436943     24069       565
06000000000000   025      3684    18039463       745     2078968     85358      4167
06000000000000   062       798     4531442         0           0         0       798
06000000000000   162       373     1410302        21       43823      1738       383
06000000000000   005      7090    29686155        84      281167     10780      7150
06000000000000   044      3057    13942480       175      425124     18861      3164
06000000000000   079      1868     8513855       553     1258835     59080      2202
06000000000000   032      1111     6172106       169      500145     17469      1209
06000000000000   040      4578    17987655      1094     2450455    118374      5247
06000000000000   022       879     4138057        60      138371      9000       930
06000000000000   061       265     1224290       109      105370      5609       297
06000000000000   059      1396     7125113       284      486416     17742      1497
06000000000000   018      8761    64332505     11004    22603848    986837     14335
06000000000000   016     14972    63422044     20356    21236832   1333709     22506
06000000000000   021       900     4142282       848     1371935     60664      1242
06000000000000   089      1522     7126444        80      198117      8282      1570
07000000000000   000     56556   309941254     22597    36739855   1584655     66183
07000000000000   023      2798    13733260       200      573080     22979      2927
07000000000000   029      1239     6179734       230      839605     29440      1406
07000000000000   025      4810    22844298       363      624095     11507      4875
07000000000000   062      1473     7740395         2        5610       288      1475
07000000000000   162       586     2729111        28       46073      2123       598
07000000000000   005      7649    40248928       136      405968     12203      7718
07000000000000   044      3105    17350476         9       34672      1502      3113
07000000000000   001       165     1048462         0           0         0       165
07000000000000   079      5356    28952680       536     1782967     70676      5756
07000000000000   032      1981     9981042       119      390933     12889      2054
07000000000000   040      7882    44573292      2929    10009929    345830      9864
07000000000000   022       621     3553800        33       49929      2660       636
07000000000000   081        52      357714         7       23526       715        56
07000000000000   061       188      912553        27       31474      1603       197
07000000000000   059      1030     5285363       182      356066     13850      1112
07000000000000   018      4334    32144856      7899    12505229    452442      7189
07000000000000   016      8084    43258190      8600     7185619    516244     11342
07000000000000   021      2417    13552991       944     1234015     57154      2741
07000000000000   089      2786    15494109       353      641065     30550      2959
08000000000000   000     23424    97842620      8570    12035914    552615     26756
08000000000000   023       815     2814904        17       21562      1335       824
08000000000000   029       316     1326231       153      362796     14316       403
08000000000000   025      1704     7736243        60      111217      5637      1738
08000000000000   062       708     4898725         0           0         0       708
08000000000000   162       309     1199702        26       34330      2052       321
08000000000000   005      2932    11393382        62       92374      6804      2974
08000000000000   044      1592     5475702         6       16824       762      1597
08000000000000   087       361     1074201         0           0         0       361
08000000000000   079      1752     6103719       130      218878     13709      1834
08000000000000   032      2149     8009154       196      349865     19344      2265
08000000000000   040      1801     6152635        85      110058      7415      1846
08000000000000   022       318     1074733        23       41083      2155       331
08000000000000   081       185      613457        15       15212      1140       192
08000000000000   061       221      718193       107      109100      9367       278
08000000000000   059       485     1862754       125      124341      6919       527
08000000000000   094       740     3134218         5        6724       392       742
08000000000000   018      1506    10821310      3719     6195931    236631      2932
08000000000000   016      3488    14644376      3587     3991348    211371      4762
08000000000000   021       357     2000923        25       57185      2670       373
08000000000000   089      1685     6788058       229      177086     10596      1748
10000000000000   000    171555   653343837     44572    54588343   3122165    189226
10000000000000   023      6823    25480455       282      277424     20777      6941
10000000000000   029      2349    10587855       165      216722     13352      2424
10000000000000   025     20401    83075618      1112     1914943     95332     20942
10000000000000   062      2191     9552674        57       65411      3082      2208
10000000000000   162      2179     7537439       115      115747      9715      2234
10000000000000   005     28911    88737005       288      546848     23541     29044
10000000000000   044      7387    30350836       126      104436      9091      7439
10000000000000   079      9321    28440635       226      285746     20158      9435
10000000000000   032     21977    65246296      1607     2676293    166616     22918
10000000000000   040      3813    11637478        73      157617      6772      3851
10000000000000   022      2210     7308256        69      101470      5833      2243
10000000000000   061      1264     3083472       251      219768     17798      1365
10000000000000   059      8853    28929685      2325     2467000    158181      9746
10000000000000   094       677     2843786        46       64962      6440       713
10000000000000   018     15102   116041855     13178    19085770    920899     20309
10000000000000   016     27887    99662483     23905    25380552   1583174     36857
10000000000000   021      3603    12302443       267      327046     21991      3727
10000000000000   089      6607    22525566       480      580588     39413      6830
11000000000000   000    114668   427054864     41673    42551019   2665575    129749
11000000000000   023      4263    16497657        45      108461      2814      4280
11000000000000   029      1001     3717276       252      133125      6494      1038
11000000000000   025      3667    17827753        53       68533      2000      3678
11000000000000   062      1065     4421942         0           0         0      1065
11000000000000   162      1015     3483565        18       22382      1720      1025
11000000000000   005     20144    53792583       534     1189012     53384     20446
11000000000000   044      5883    18295833        26        6490       412      5885
11000000000000   087      1022     5416640         0           0         0      1022
11000000000000   079      8773    24872885        92      121640      7140      8813
11000000000000   032      5355    17759400       271      345440     26360      5503
11000000000000   040      7616    20452971       249      709664     27564      7772
11000000000000   022      2159     6510530       139      198510     13608      2236
11000000000000   061      1243     3138448      1780     2381511    221056      2492
11000000000000   059      4226    13426484       840      860752     63272      4584
11000000000000   018     12865    81897023     14893    19321936    870982     17793
11000000000000   016     28009   110976368     21491    15861369   1308765     35416
11000000000000   021      3012    12508954       398     1028152     42914      3254
11000000000000   089      3350    12058552       592      194042     17090      3447
12000000000000   000     53683   218194841     21059    22398969   1095082     59868
12000000000000   023       751     2904924         4        8276       394       754
12000000000000   029       671     2682576       167      298765     11537       735
12000000000000   025      2657    11601434        66      137984      4683      2683
12000000000000   005      2416    10436448         8       31590       732      2420
12000000000000   044       855     3843356         9        6258       702       859
12000000000000   001       973     3654058        11       14910       838       978
12000000000000   087       212      875620         0           0         0       212
12000000000000   079       928     3566500        37       29544      3516       948
12000000000000   032      2319    10235784        74      219580      6624      2356
12000000000000   040      4052    17135934       583     1575336     50710      4339
12000000000000   022       247      991120         3        8796       278       249
12000000000000   061       146      530366       511       91048      5974       180
12000000000000   059      1126     5044220       281      263288     16576      1220
12000000000000   012     19905    77917868      6922     6826056    315986     21690
12000000000000   112      5162    13489330      5468     3810038    265562      6662
12000000000000   018      2755    18471966      1700     4998284    147828      3590
12000000000000   016      4120    17918116      4868     3737762    236534      5456
12000000000000   021       139      534732         3        6062       240       140
12000000000000   052       473     1585514       305      280610     22654       601
12000000000000   089      3776    14774975        39       54782      3714      3796
13000000000000   000     18964    77874381      9639    10034230    664880     22721
13000000000000   023      1215     5096591       169      189368     19266      1324
13000000000000   029       152      765340       196      459600     20322       267
13000000000000   025       472     3092561        26       75059      1627       481
13000000000000   062       275     1169698         0           0         0       275
13000000000000   162       199      687288        23       22800      2241       212
13000000000000   005      1960     7517805        41       92849      5770      1993
13000000000000   044      1494     5345482       139      221194     17635      1594
13000000000000   079      1673     5943403       177      303894     24496      1811
13000000000000   032      1144     4909642       186      372083     17030      1241
13000000000000   040       747     2273005       128      103524      8402       794
13000000000000   022       419     2001600       222      560500     37387       630
13000000000000   061       210      676618        72       70788      6458       246
13000000000000   059      1669     7044724       734      977905     72672      2080
13000000000000   018      2239    12112214      1983     2818351    122921      2933
13000000000000   016      3672    13233340      5256     3423056    276343      5234
13000000000000   021       433     1913319       101      161166     16323       525
13000000000000   090       153      509151       156      143864     13122       227
13000000000000   089       838     3582600        30       38229      2865       854
14000000000000   000    109118   536204731     53365    51871562   3368213    128605
14000000000000   023      5231    26399427       315      570433     33357      5432
14000000000000   029      2377    12682586        45       82701      2450      2391
14000000000000   025      2587    20620440        55      151542      3936      2610
14000000000000   062      2281    14752348         0           0         0      2281
14000000000000   162      1639     7951218         4        5830       272      1641
14000000000000   005     12058    58568542         7       31330       662     12062
14000000000000   044      6204    30496958      1443     4499708     72321      6640
14000000000000   087        79      401184         0           0         0        79
14000000000000   079      9988    48168004        57      171292      5066     10019
14000000000000   032      2562    13192644        10       27088       801      2567
14000000000000   040     10546    48813214       780     1693582     60154     10888
14000000000000   022      1966     9977830       162      473500     20934      2092
14000000000000   061       535     2283816        33       89977      4062       559
14000000000000   059      2915    13202670      1355     1691319    160325      3824
14000000000000   018     12610    78175188     18139    21195762    732389     16927
14000000000000   016     26812   108850074     30748    20753101   2249712     39733
14000000000000   021      2107     9930866         2        5026       230      2108
14000000000000   089      6621    31737722       210      429371     21542      6752
15000000000000   000     78091   318029605     37940    32284276   2294495     91166
15000000000000   023      2414    10198627        29       41943      2505      2429
15000000000000   029       493     2215998       207      392017     17607       599
15000000000000   025      1364     9030065        41       67301      3013      1382
15000000000000   062      1291     5501617         0           0         0      1291
15000000000000   162       806     2621916         1        1131       100       807
15000000000000   005      7476    25360343         4        3996       383      7478
15000000000000   044      4590    15831971        32       39006      3385      4610
15000000000000   087        26      134323         0           0         0        26
15000000000000   079      4904    16642803       112       51541      4677      4931
15000000000000   032      1901     7893406         9       23579       755      1906
15000000000000   040      2559     8490415        55       72397      5142      2590
15000000000000   022      1170     3952751       154      177948     16162      1267
15000000000000   061       132      447771        40       39557      3494       153
15000000000000   059      2276     8580141       588      553487     48031      2562
15000000000000   018     17485    98322387     11930    16172891    883950     22491
15000000000000   016     25896    90300763     24494    14496900   1293228     33262
15000000000000   021      1147     4435498       149       69318      6630      1187
15000000000000   089      2161     8068810        95       81264      5433      2195
16000000000000   000     42551   219777563     24956    35342651   2122980     54547
16000000000000   023      1166     5198149        67      166689      9004      1216
16000000000000   029       355     1823065       294      713320     38724       573
16000000000000   025      2267    11329985       161      356095     18221      2370
16000000000000   062       645     3884879         0           0         0       645
16000000000000   162       328     1485878        31       28459      1999       339
16000000000000   005      3312    14322789       215      560156     23766      3446
16000000000000   044      2410    10721822         0           0         0      2410
16000000000000   079      3094    12823949        83      169332      7731      3138
16000000000000   032       424     2198170        51       83368      3629       445
16000000000000   040      6600    35962647      3344     5983830    300332      8295
16000000000000   022       676     2979102         4        6680       566       679
16000000000000   061       121      601577        17       13844      1683       131
16000000000000   059      1599     8473654       227      291892     22016      1724
16000000000000   018      3626    32534226      7047    16927113    819802      8258
16000000000000   016     12106    57238998     12911     9155358    827284     16780
16000000000000   021      1090     5184405       131      227232     10739      1152
16000000000000   089      2732    13014268       373      659283     37484      2946
17000000000000   000     40185   156507926     16982    15954837   1027551     45989
17000000000000   023      1928     6684637        90       93273      5508      1959
17000000000000   029       524     1606046       210      575065     25820       671
17000000000000   025      2097     8163613       214      213655     13520      2173
17000000000000   062       396     1924415        19       33593      1897       407
17000000000000   162       718     2823275        44       49726      3155       736
17000000000000   005      3811    11374454        26       36126      1902      3822
17000000000000   044      3351    10973795       135      155958     11017      3413
17000000000000   079      2426     7513899        91      106406      9269      2478
17000000000000   032      1243     4758215        40       69351      2815      1259
17000000000000   040      3087     8982589       430      226190     10434      3146
17000000000000   022       100      318435         4        4778       283       102
17000000000000   061       623     1640237        11        3498       168       624
17000000000000   059       809     3067903        97       76772      6808       847
17000000000000   018      5005    35136238      3642     5496403    230895      6309
17000000000000   016     10427    38103707     11525     8280092    681245     14275
17000000000000   021       566     2185036        78       86231      2964       583
17000000000000   089      3074    11251432       326      447720     19851      3185
18000000000000   000     71950   279029531     24249    28682217   1573274     81190
18000000000000   023      2642    10101463         6       11776       540      2645
18000000000000   029       957     4710017       370      872082     31427      1146
18000000000000   025      4815    17045613       644     1345919     87879      5345
18000000000000   062       989     4000749         0           0         0       989
18000000000000   162      1300     5243959         0           0         0      1300
18000000000000   005      4108    11382575         0           0         0      4108
18000000000000   044      4590    16113916         0           0         0      4590
18000000000000   079      6496    20365139         0           0         0      6496
18000000000000   032      2113     7633988       132      179086     10740      2174
18000000000000   040      5047    19173468       360     1024933     54049      5352
18000000000000   022       986     3193900         0           0         0       986
18000000000000   061      1225     3172257       114      125125     15249      1317
18000000000000   059      3102    10540848       506      512918     51066      3403
18000000000000   018      9123    60153880      7324    12003078    513487     12158
18000000000000   016     18026    62463614     14630    12443443    801250     22705
18000000000000   021      2640    10618623       153      151935      7063      2683
18000000000000   089      3791    13115522        10       11922       524      3793
19000000000000   000     83984   336546420     22763    21057205   1392898     91854
19000000000000   023      2440     9240198       126      139335     10671      2501
19000000000000   029      2118     8793555       483      607187     36465      2322
19000000000000   025      1500     6119491        60       41917      2844      1516
19000000000000   062      1202     6793553         0           0         0      1202
19000000000000   162       538     1926256        22       15111      1203       545
19000000000000   005      7537    27703840       196      220036     22136      7662
19000000000000   044      4825    17908716         7       13492      1212      4832
19000000000000   087       271     1340194         2        4234       204       272
19000000000000   079      6000    20670810        35       38708      2307      6013
19000000000000   032      3987    17701124        64       94838      5132      4016
19000000000000   040     13946    50976536      1590     3020027    137300     14721
19000000000000   022       822     3025564        56       65340      5021       850
19000000000000   061       969     2551725       156      130367     12976      1042
19000000000000   059      4369    17249284       794      669135     58957      4702
19000000000000   012      1013     3446928        12       17068       531      1016
19000000000000   112       159      628344         3       14956       399       161
19000000000000   018      8049    51364766      5182     7501971    363971     10106
19000000000000   016     15829    55620704     12802     7152101    667813     19603
19000000000000   021      5564    22262643       936     1108503     47673      5836
19000000000000   089      2846    11222189       237      202879     16083      2936
20000000000000   000     20507    81348018      8409     7801837    453269     23075
20000000000000   023      1394     4894367        85      157962      9799      1450
20000000000000   029       339     1617882       220      567177     25959       485
20000000000000   025       729     3328357        68      123353      5741       761
20000000000000   062       343     1993337        22       40127      1145       349
20000000000000   162       186      642467         8        9514       456       189
20000000000000   005      1285     5374268        53      114707      5999      1319
20000000000000   044      2374     9102387        96      134926      7945      2419
20000000000000   087        74      273070        11       11136       970        79
20000000000000   079      3089    10616536        95      197214      8460      3137
20000000000000   032      1108     4475153        49      146438      6046      1142
20000000000000   040       565     2297287        64      123085      5982       598
20000000000000   022       320     1161196        18       41327      1979       332
20000000000000   061       153      544571        30       48464      2767       168
20000000000000   059      1070     4290704       244      313589     13608      1147
20000000000000   012        15       45848        35       18217      1393        23
20000000000000   112         7       18637        29       29595      3303        26
20000000000000   018      1726     9609072      2312     2978974    122906      2424
20000000000000   016      3855    13531341      4868     2501115    216847      5085
20000000000000   021       251      956435        15       27662      1667       261
20000000000000   090         1        3786         0           0         0         1
20000000000000   089      1623     6571317        87      217255     10297      1680
21000000000000   000     81044   364067309     13529    34699529   1435018     89153
21000000000000   023      3447    15343173       107      239418     12850      3520
21000000000000   029      1442     7564815       308      597563     16899      1537
21000000000000   025      4698    24987895       442     1014900     60544      5040
21000000000000   062      1550     8806973         0           0         0      1550
21000000000000   162       814     3104393        32       82308      4851       841
21000000000000   005     11944    50952201       410      966655     60294     12285
21000000000000   044      4752    20655161        68      115985      5670      4784
21000000000000   001       489     2358375        14       31924      1328       497
21000000000000   087       281     1511117         8       20426       642       285
21000000000000   079      6647    25570646       111      259432     16074      6738
21000000000000   032      6367    27071306       764     1489823     86903      6857
21000000000000   040      4548    17829925       577      883376     50169      4831
21000000000000   022       826     3110074       151      326496     19401       936
21000000000000   061       313     1374965       183      294595     20515       429
21000000000000   059      1909     9060971       317      679783     38101      2125
21000000000000   094       749     3800548        24       40897      2247       762
21000000000000   018      6860    46271770      4606    20380069    600160     10250
21000000000000   016     14797    56630229      4410     5292737    334386     16686
21000000000000   021      2083     9858499       323      709582     32873      2268
21000000000000   089      6528    28204273       674     1273560     71111      6932
22000000000000   000     86048   414972236     32154    47182744   1948606     97601
22000000000000   023      3982    19886771       297     1003838     20208      4105
22000000000000   029      1697     6160075       290     1154900     25633      1844
22000000000000   025      9831    48268696       486     1693808     51419     10141
22000000000000   062      5964    34875355       103      218856      5382      5997
22000000000000   162       668     2885603         5       16104       290       669
22000000000000   005      6082    28620256        58      175765      3077      6100
22000000000000   044      3461    18740427       192      618634     23404      3594
22000000000000   001      1013     6109409         0           0         0      1013
22000000000000   087       160      960318         0           0         0       160
22000000000000   079      6856    32472339       623     1864767     37767      7084
22000000000000   032      7178    28577484      1105     2950726    103914      7805
22000000000000   040      7264    29129789       965     2397434     90916      7784
22000000000000   022      1321     6155790        55      212878      7029      1363
22000000000000   080       863     5267684        38      174821      3880       885
22000000000000   061       594     2345456        68       71759      3368       613
22000000000000   059      1156     6284338       157      558717     19527      1275
22000000000000   091       522     3077648        21       76137      1670       531
22000000000000   012        60      290352         2        3650       160        61
22000000000000   112        34      142316        13        6110       454        37
22000000000000   018      5918    36425495     10634    16178941    548223      9214
22000000000000   016     15130    65050285     16626    16446240    971293     20844
22000000000000   021      1189     6269714        77      261090      8262      1239
22000000000000   089      5105    26976636       339     1097569     22730      5243
23000000000000   000    114825   544989043     63525    73962631   4557457    140585
23000000000000   023      3950    18225909       705     1949630     88803      4452
23000000000000   029      1447     5721558         0           0         0      1447
23000000000000   025      1457     9265690        35      149714      4056      1480
23000000000000   062      1735     8276914         0           0         0      1735
23000000000000   162       934     2791998        41       77986      2936       951
23000000000000   005     15880    71044582       175      772140     24057     16016
23000000000000   044      2731    12150826       298      687258     29652      2899
23000000000000   079      9314    37055538       377     1323198     52778      9612
23000000000000   032      1838     8307670       247      470942     19963      1951
23000000000000   040     13381    60096060      6203    20345566    935396     18666
23000000000000   022       974     4363265        41       89047      4669      1000
23000000000000   061       207      895118       101      305399     11451       272
23000000000000   059      3520    15317691      1023     1422847     85537      4003
23000000000000   012        42      136222        17       29876      2101        54
23000000000000   112         9       27967         3        4663       343        11
23000000000000   018     18065   125695670      8887    14411292    582544     21368
23000000000000   016     33174   137690418     44946    30971764   2671286     48264
23000000000000   021       376     2023268       122      445864     18817       482
23000000000000   089      5791    25902679       304      505445     23068      5922
24000000000000   000     65046   329797906     28925    45177513   2491568     79128
24000000000000   023      2508    11983148       117      269068     17954      2610
24000000000000   029       976     4673815       228      558384     30375      1148
24000000000000   025      3141    15935954       468     1627293     66225      3516
24000000000000   062       538     2909209         0           0         0       538
24000000000000   162       417     1512789        47       89111      4618       443
24000000000000   005      4002    16903013       158      451065     20840      4120
24000000000000   044      4266    20170879       215      367143     20530      4382
24000000000000   079      1793     8153813      1279     3001252    216941      3019
24000000000000   032      2272    11273960       256      637221     27641      2428
24000000000000   040      3838    17979659      1580     4252952    277507      5406
24000000000000   022      1072     4796684       113      264245     12666      1144
24000000000000   080       648     3589144         9       26670      1003       654
24000000000000   061       538     2403504       164      206578     11934       606
24000000000000   059      2683    12644274       639     1100308     70406      3081
24000000000000   094      2253    10360163       400      902008     50112      2536
24000000000000   018     10852    65820613     10478    15945362    646499     14504
24000000000000   016     16549    85937435     11381    13235870    913625     21711
24000000000000   021      3361    16594533      1187     1772960     80216      3815
24000000000000   089      3339    16155317       206      470023     22476      3467
25000000000000   000     51879   174555945     12354    11906647    928600     57337
25000000000000   023      1364     4844997        57       81709      5895      1397
25000000000000   029       462     1703929        66       78129      3032       479
25000000000000   025       695     3905132         9       11824       418       697
25000000000000   062       711     2531687         0           0         0       711
25000000000000   162       569     1541508         0           0         0       569
25000000000000   005      3603     9465816        21       35934      2603      3618
25000000000000   044      3302     9464268        13       23626      1816      3312
25000000000000   087        42      172552         0           0         0        42
25000000000000   079      2534     6405292         0           0         0      2534
25000000000000   032      2810     9515545        81      200336      8899      2860
25000000000000   040     11872    34096303       408      788935     41158     12105
25000000000000   022       776     2533382       232      477170     36023       980
25000000000000   061       347      803037        81       60371      7162       387
25000000000000   059      3020     9332932       772      795370     61718      3369
25000000000000   091        45      128873        13       16487      1169        51
25000000000000   018      5658    30404596      1495     2456777    122317      6371
25000000000000   016      9429    32867733      8975     6715961    626689     13161
25000000000000   021      1584     5077108        34       50764      3149      1602
25000000000000   090       122      329347         0           0         0       122
25000000000000   089      2934     9431908        97      113254      6552      2970
26000000000000   000     79565   261861210     26259    22469292   1723198     89349
26000000000000   023      3100    10573356       314      286646     26292      3249
26000000000000   029       762     2495216       226      546372     26613       953
26000000000000   025      3286     9683970       302      423582     32482      3470
26000000000000   062      1198     5100010         1         440        22      1198
26000000000000   162      1124     3391768       115      184000     17400      1222
26000000000000   005     12150    30405312       336      291474     23642     12284
26000000000000   044      6345    23252116       367      321422     21520      6467
26000000000000   079      7871    19858270       619      587732     43714      8117
26000000000000   032      2707     7443446       245      333798     18444      2810
26000000000000   040     10955    32003204      1322     1865236    119394     11630
26000000000000   022       471     1411304         9       11172       600       474
26000000000000   061       578     1624090       184      117790     12158       647
26000000000000   059      2459     7866847       600      522748     54861      2769
26000000000000   018      7931    44021693      7552     8394471    495884     10734
26000000000000   016     13551    46378238     12640     6413273    695498     17488
26000000000000   021      1049     3330402      1150     1925006    117930      1715
26000000000000   089      4028    13021968       277      244130     16744      4122
27000000000000   000     16834    64335996      8577     7936525    539270     19881
27000000000000   023       975     3410848        97      138900      9459      1029
27000000000000   029       353     1466570        86      100735      6220       389
27000000000000   025       629     2638606       128      276725     11249       693
27000000000000   062       218      601498         0           0         0       218
27000000000000   162       226      810263        12       20655      1138       233
27000000000000   005      1220     4115755        41       76463      4295      1244
27000000000000   044      2113     8750899       130      192764     10654      2173
27000000000000   079      1540     5262370       198      352466     23136      1670
27000000000000   032       829     2967309        89      175880      9128       880
27000000000000   040       529     1783547        94      175218     10067       586
27000000000000   022       721     2804958        28       48238      2845       737
27000000000000   061        71      243936        29       20619      1601        80
27000000000000   059      1381     5206195       253      300405     21281      1502
27000000000000   018      1374     7800415      1455     2181865     97974      1926
27000000000000   016      3221    10787878      5751     3588188    312407      4986
27000000000000   021       327     1258415        96      142272      9536       381
27000000000000   090        26       84522         4        5154       421        28
27000000000000   089      1081     4342012        86      139978      7859      1126
28000000000000   000     26967    99654393     10609    10244148    936017     32251
28000000000000   023       768     2581604        12       14981      1089       774
28000000000000   029       274     1126925        98       98213      6440       310
28000000000000   025       707     3238428        54       41667      3294       725
28000000000000   062       495     2167840         0           0         0       495
28000000000000   162       245      757043         2        2965       221       246
28000000000000   005      2836     8772313        88      116025      9453      2890
28000000000000   044      2100     7194526        11       21197      1134      2106
28000000000000   001        24       94051         0           0         0        24
28000000000000   079      2440     6907793       233      304721     19782      2552
28000000000000   032       684     2557326        66      133920      8652       732
28000000000000   040      3260    11324332       882     1628913    117662      3925
28000000000000   022       315     1098675         5        7094       372       317
28000000000000   061       241      716057       143      119783     15270       327
28000000000000   059      1594     5298866       769     1334539    105077      2188
28000000000000   018      2791    17087537      1095     1798586     91068      3306
28000000000000   016      5980    20201764      6867     4470185    546992      9070
28000000000000   021       575     2172417        17       20621      1080       581
28000000000000   089      1638     6356896       267      130738      8431      1683
29000000000000   000     25232   119912689     10209    11054519    566944     28437
29000000000000   023      1451     5595407        24       41344      1234      1459
29000000000000   029       968     4539961        65       76444      3302       987
29000000000000   025       656     4220520        26       58084      1057       662
29000000000000   062       425     2646981         0           0         0       425
29000000000000   162       396     1879229         0           0         0       396
29000000000000   005      3749    17535595        61      198890      3748      3771
29000000000000   044      1762     8075662         4        4911       403      1764
29000000000000   079      1576     6187128        14       26185       932      1581
29000000000000   032      1269     5870547        40      100903      2708      1285
29000000000000   040      1369     6923003       152      605060     20758      1486
29000000000000   022       437     1713069         2        2309        89       438
29000000000000   061       194      788844         8       15620       540       197
29000000000000   059       902     4110757        91       88811      4047       925
29000000000000   091        16      103684         0           0         0        16
29000000000000   092        16      103684         0           0         0        16
29000000000000   018      2285    15163545      4152     5788620    237871      3629
29000000000000   016      5446    23396327      5503     3945790    286561      7065
29000000000000   021       145      697420         2        4083        95       146
29000000000000   089      2170    10361326        65       97465      3599      2189
30000000000000   000     16316    71258895      9408    10419358    571686     19753
30000000000000   023       887     3812957        48       69549      4546       912
30000000000000   029       330     1374761       108      125341      9269       385
30000000000000   025       996     3986262         6       16133       667      1000
30000000000000   062       326     1865537         0           0         0       326
30000000000000   162       176      621845        21       28636      2318       190
30000000000000   005      1295     5900666        64      108845      6614      1335
30000000000000   044      1633     6590664       272      357322     23924      1777
30000000000000   001        48      220587        26       51329      3370        67
30000000000000   087         6       22229         5        5174       441         9
30000000000000   079      1568     5659478       126      204446     10324      1630
30000000000000   032       925     4004298        79       95630      6890       966
30000000000000   040       761     2763099        79      136283      1791       772
30000000000000   022       315     1087880        31       46166      2539       330
30000000000000   061        84      289573       259      183397     19525       201
30000000000000   059       364     1655287       118      108295      8124       413
30000000000000   091        27      123047         2        4915       182        28
30000000000000   018      1453    10089643      2166     4136913    136828      2276
30000000000000   016      2670    11539220      5160     3991526    266746      4277
30000000000000   021       306     1219916        14       21870      1328       314
30000000000000   090       305     1090309       457      323142     37437       531
30000000000000   089      1841     7341637       367      404446     28823      2014
31000000000000   000    143058   798286086     37116    45058140   2123780    156373
31000000000000   023      6122    28432931       575     1079995     73283      6595
31000000000000   029      1328     7364123        29       52907      2531      1345
31000000000000   025     14282    78504007       255      349193     20815     14416
31000000000000   062      2935    23436135         0           0         0      2935
31000000000000   162      1642     6761253        36       77229      3044      1662
31000000000000   005     10262    55492460        14       24164       934     10268
31000000000000   044      6544    34246702       926     1243284     86606      7034
31000000000000   087        97      523260         3        6178       465       100
31000000000000   079      8976    42936113       188      343359     17849      9091
31000000000000   032      4082    23395763       409     1196249     18053      4193
31000000000000   040     17286    74742203      2564     4867960    252359     18906
31000000000000   022      1778     8171642        70      132579      7295      1825
31000000000000   081       604     3818335         0           0         0       604
31000000000000   061      1270     6148348      1633     2667258    153628      2198
31000000000000   059      2255    12615038       528      836009     27044      2420
31000000000000   091       120      578405         2         922        44       120
31000000000000   094     10014    53505700       827     1473348     84161     10489
31000000000000   012     12977    93449547      1970     2770298    102494     13671
31000000000000   112      4524    16617952      2548     2559392    167635      5674
31000000000000   018      7638    76986683      7787    13291339    309812      9563
31000000000000   016     18560    95911590     16038    11244252    737038     23122
31000000000000   021      2833    15420540       466      588322     44065      3119
31000000000000   089      6929    39227356       248      253903     14625      7023
32000000000000   000     42860   161466629     13916    14016141    998397     48532
32000000000000   023      1484     6052175         8       11964       673      1488
32000000000000   029       231     1190803        12       34073      1551       240
32000000000000   025      3257    12277432       150      228534     13817      3336
32000000000000   062       575     2694828         0           0         0       575
32000000000000   162       159     1229527         0           0         0       159
32000000000000   005      4094    14737613        34       83195      3697      4115
32000000000000   044      2571     8644386         0           0         0      2571
32000000000000   001        10       41989         0           0         0        10
32000000000000   079      1882     6173586         1        1346       166      1883
32000000000000   032      2397     9791103        22       59615      3184      2416
32000000000000   040      6433    24688059       835     1798868     72858      6871
32000000000000   022       235      794308         4        6219       363       237
32000000000000   061       744     2611862        42       84048      4649       770
32000000000000   059      1133     4929933        47       45339      3880      1155
32000000000000   018      3405    14441930      3886     5239948    226370      4684
32000000000000   016     10803    38328788      8802     6321409    659527     14528
32000000000000   021      1190     4326809        56       70224      5724      1224
32000000000000   089      2257     8511498        17       31359      1938      2270
33000000000000   000    238844  1206532187     49773    65697269   2690935    254883
33000000000000   023     12445    56342410       173      363749     13924     12528
33000000000000   029      4455    19739926       563      685043     44124      4720
33000000000000   025     20304   124083464       708     2249296     88241     20835
33000000000000   062      4862    39502711         0           0         0      4862
33000000000000   162      1744     6945245       152      273818     17160      1842
33000000000000   005     33921   164859681       492     1341124     50141     34224
33000000000000   044     12291    58453966      1042     1237370     80484     12748
33000000000000   001       150      637701         4        9980       297       152
33000000000000   087       747     3832292        23       48517      2050       759
33000000000000   079      6170    27481208       509     1150343     61962      6540
33000000000000   032      9755    50588954       419     1200831     44017     10019
33000000000000   040     42756   194414230      5139    12689952    516558     45870
33000000000000   022      6949    32121465        83      234790     11333      7017
33000000000000   061      1864    10226930      1201     2334898    134925      2677
33000000000000   059      3483    16867127        88      141681      6064      3519
33000000000000   092      1653    12690057        62      201974      6972      1692
33000000000000   094     15972   103076711       270      502168     33077     16159
33000000000000   018     15527    93660708     16711    19416781    566404     18883
33000000000000   016     25812   103066271     21668    20494373    966667     31572
33000000000000   021      4680    21468609       179      377164     17359      4785
33000000000000   089     13304    66472521       287      743417     29176     13480
34000000000000   000    128682   505860243     41648    51269882   3044929    145881
34000000000000   023      4228    15403764        34       74898      3811      4249
34000000000000   029       735     3838880       420      781116     42036       973
34000000000000   025      6709    30235476        50       86936      4660      6735
34000000000000   062      2580    11928383         0           0         0      2580
34000000000000   162      1373     4560976        12       28049      1086      1379
34000000000000   005     21300    67534313       593     1485954     62720     21654
34000000000000   044     11135    37205801        17       28335      1654     11144
34000000000000   087       276     1113055         4        3082       199       277
34000000000000   079      2135     8698868         9       19881       714      2139
34000000000000   032      4928    20167181       135      284226     14942      5013
34000000000000   040     15245    54496587      3042    10901135    424294     17643
34000000000000   022      2103     8186869       203      366054     24608      2242
34000000000000   081       289     1115892         0           0         0       289
34000000000000   061      1047     3553385       189      141920     10588      1106
34000000000000   059      3956    14667354       478      636978     40303      4184
34000000000000   018     13846    89286968     12149    16495602    684860     17714
34000000000000   016     28689   100975041     23851    19159623   1692355     38249
34000000000000   021      3080    12395379       166      417189     16053      3170
34000000000000   089      5028    20496071       296      358904     20046      5141
35000000000000   000     14811    53904020      8296     7061198    562445     17983
35000000000000   023       620     2130836        52       55224      2834       635
35000000000000   029       198      685847       152       76353      2381       211
35000000000000   025       530     2190560        53       38304      2003       541
35000000000000   062       133      527117         0           0         0       133
35000000000000   162        50      137304         2        2244       180        51
35000000000000   005       696     2124739        73      134968      5042       724
35000000000000   044      1100     3855913         6        7367       428      1102
35000000000000   079       439     1344841        60       92147      6634       477
35000000000000   032      1216     4073652       123      157494      9254      1268
35000000000000   040       857     2317928        52       82427      3016       874
35000000000000   022       344     1145625        31       35790      2569       359
35000000000000   061       145      373295        13       15831      1190       151
35000000000000   059      1082     4328049       607      632146    103278      1666
35000000000000   018      1897    11453312      2131     2777326    175108      2886
35000000000000   016      3694    10693174      4731     2740837    235130      5022
35000000000000   021       279      922402        37       42044      1963       289
35000000000000   089      1531     5599426       173      170696     11435      1594
36000000000000   000    119491   553812460     69137    65742026   4106863    142727
36000000000000   023      7659    38036000       533      905564     53284      7959
36000000000000   029       903     4069293       118       85739      7780       947
36000000000000   025      2722    14240026       510     1594114     50169      3005
36000000000000   062      1482     8398696         0           0         0      1482
36000000000000   162      1212     4932566         6       16578       976      1218
36000000000000   005     16503    68604833        73      172338     10025     16559
36000000000000   044      6846    30848809       444      689046     42046      7084
36000000000000   079      2697    14775803       239      401777     36846      2906
36000000000000   032      3501    18462711       218      476696     25558      3645
36000000000000   040     13992    62684083      2753     5426476    251174     15411
36000000000000   022      2169     9001259       231      385306     22605      2297
36000000000000   061       473     1955150       202      320623     23240       604
36000000000000   059      2753    11051818       217      295946     18863      2859
36000000000000   018     15885   109581474     19867    24356346   1083887     22031
36000000000000   016     33741   122538752     43005    29408035   2421591     47433
36000000000000   021      2453    12064511       315      582717     26551      2604
36000000000000   089      4500    22566676       406      624725     32268      4683
37000000000000   000     63310   234176932     25880    23609030   1530303     71971
37000000000000   023      1685     6103477        22       23624      1348      1694
37000000000000   029       784     2915481       136      231324     16665       879
37000000000000   025      2792    11904731       135      162850      9338      2845
37000000000000   062      1035     5148774         1         940        94      1036
37000000000000   162       917     3195999        56       50314      4605       943
37000000000000   005      5637    18457877        87      180532     12013      5705
37000000000000   044      2978     9036293        11       16089      1721      2988
37000000000000   001        12       51613         0           0         0        12
37000000000000   079      6930    19883621       250      278207     23507      7062
37000000000000   032      5851    20480285       331      663610     32111      6032
37000000000000   040      2859     8440794        85      140490      9764      2914
37000000000000   022      1338     4483839        56       59450      4340      1362
37000000000000   081        77      487544        12       14068      1180        84
37000000000000   061       721     1877985       335      240375     29716       889
37000000000000   059      1691     5715392       818      653651     45151      1945
37000000000000   092       536     2746866         9       10800       604       540
37000000000000   018      6553    40446977      6316     8374628    324397      8388
37000000000000   016     16438    56242824     17049    12277745   1000223     22103
37000000000000   021      1952     7025320        76       87562      5321      1981
37000000000000   089      2524     9531240        95      142771      8205      2569
38000000000000   000     53373   238182997     20959    27050396   1242124     60387
38000000000000   023      4061    16258114       317      511246     31065      4236
38000000000000   029       922     4125480       228      462119     21199      1042
38000000000000   025      3066    13086516       271      698244     28800      3229
38000000000000   062       660     3637299         0           0         0       660
38000000000000   162       632     2122208       148      122092      5920       666
38000000000000   005      5403    20853882       115      297420     12854      5475
38000000000000   044      3240    14158187       190      739714     29578      3407
38000000000000   001        15       62904         1        3770       128        16
38000000000000   079      6777    25060613       337      623403     27240      6931
38000000000000   032      1418     5791884       189      404979     15886      1508
38000000000000   040      4258    21950603      2713     5447528    129607      4990
38000000000000   022      2023    10100063       131      355805     11735      2089
38000000000000   061       471     1699241        19       29945      1718       481
38000000000000   059      2493     9771244       416      581254     36268      2698
38000000000000   018      5169    35599040      2685     6294085    243049      6542
38000000000000   016     10304    43791384     12898    10165173    630923     13869
38000000000000   021       728     3042448        84       82833      5436       759
38000000000000   090       172      587771        10       13759       843       177
38000000000000   089      1561     6484116       207      217027      9875      1612
39000000000000   000    142098   595061414     51190    74262703   3316738    161528
39000000000000   023      7211    28495213       439      795718     59435      7570
39000000000000   029      2871    11423632       892     2887591    111273      3540
39000000000000   025      3055    15521605         0           0         0      3055
39000000000000   062      5062    26728143         0           0         0      5062
39000000000000   162      1333     7050122        64      148345      5911      1369
39000000000000   005     17348    68368532       452     1042305     29114     17523
39000000000000   044     12946    45306586       621     1570518     79539     13417
39000000000000   001        39      166101         0           0         0        39
39000000000000   087       172      756971         0           0         0       172
39000000000000   079     11809    42028071       280      896093     27619     11976
39000000000000   032      1791     7800890        36       82770      2365      1806
39000000000000   040     11444    36341053       893     1794166     63854     11821
39000000000000   022      3730    14247812       660     1659114     87832      4259
39000000000000   061      1001     3629893       907     2208720    116392      1702
39000000000000   059      5525    23747982      1526     3726992    179345      6570
39000000000000   018     14274   103968266     10116    27723224    605061     17725
39000000000000   016     28848   106262740     33720    28605390   1896133     39969
39000000000000   021      4354    17508071       301      526102     17002      4451
39000000000000   090      3054     9672849         0           0         0      3054
39000000000000   089      6231    26036882       283      595655     35863      6448
40000000000000   000     18414    89356514      6677     6245816    313088     20426
40000000000000   023       826     3849204        15       23271       910       832
40000000000000   029       536     2551337       391      212575      5779       573
40000000000000   025      1226     6237968        18       52401      1834      1239
40000000000000   062       215     1478458         0           0         0       215
40000000000000   162        90      455956         3        2568       204        91
40000000000000   005      1711     8610150         1        3753        77      1711
40000000000000   044       764     3586680        30       40711      2048       776
40000000000000   001       178     1016870         3        9662       299       180
40000000000000   079      1544     6884359        56      136754      6839      1588
40000000000000   032      1191     5812914        79       46604      2701      1209
40000000000000   040      1045     4689044         9       30447      1025      1052
40000000000000   022       444     1978678        18       40202      1658       455
40000000000000   081       119      686539         0           0         0       119
40000000000000   080       244     1070493         1        2818        80       245
40000000000000   061        69      229043         0           0         0        69
40000000000000   059       486     2359925        30       43100      1844       497
40000000000000   094       747     3457176        46      132401      7379       789
40000000000000   012       427     2239652        73      104951      6602       470
40000000000000   112        87      283314        81       97551      8717       143
40000000000000   018      1826    10151535      2619     3475295    119450      2597
40000000000000   016      2312     9367606      3133     1675663    140321      3217
40000000000000   021       535     2913121        23       40339      1809       546
40000000000000   089      1792     9446492        48       74750      3512      1813
41000000000000   000     71715   253139765     17801    16443366   1047247     77957
41000000000000   023      3385    11359536        38       73628      2478      3400
41000000000000   029       590     2340740       467      505786     31726       781
41000000000000   025       726     3466340         9       19672       464       729
41000000000000   062      1453     5401838         0           0         0      1453
41000000000000   162       603     1914144         2        6806       150       604
41000000000000   005      8057    22772690         1        1728        60      8057
41000000000000   044      4944    14675682         6       12386       330      4946
41000000000000   087       564     2818466         3        8212       396       566
41000000000000   079      4518    12436108         7       16954       366      4519
41000000000000   032      6208    20411146       143      382158      8160      6257
41000000000000   040      7224    17077652       216      520259     27063      7378
41000000000000   022      1162     3648556         0           0         0      1162
41000000000000   061       574     1630602        14       23182       792       579
41000000000000   059      2027     6675486       250      259048     22611      2163
41000000000000   091        10       56639         0           0         0        10
41000000000000   092      1822    10458743        17       47900      1990      1833
41000000000000   018      8514    50281506      6759     7835979    380089     10791
41000000000000   016     15243    50461861      9851     6698948    569704     18633
41000000000000   021      2772    10125068         4        7052       202      2774
41000000000000   089      1319     5126962        14       23668       666      1322
42000000000000   000     11834    42493867      6281     4972236    279251     13410
42000000000000   023       415     1491076        14       18772      1348       423
42000000000000   029       328     1108424        61       35212      2692       343
42000000000000   025       550     2076642        94       94632      6696       588
42000000000000   062       190      755792         0           0         0       190
42000000000000   162       109      294878         9       12372       772       113
42000000000000   005       880     2421862        37       46518      3604       900
42000000000000   044       963     2994412       119      123138      5648       995
42000000000000   079      1052     2825230        33       46902      3498      1071
42000000000000   032       574     1979786       128      278708     13706       651
42000000000000   040       870     2509870       137      199166     12784       943
42000000000000   022       267      659258         7        5848       478       270
42000000000000   061       131      357844        29       26136      2646       146
42000000000000   059       770     2586907       308      173609     17646       870
42000000000000   018      1531     9759408      1111     1623095     71980      1937
42000000000000   016      2047     6754824      4113     2211891    129460      2779
42000000000000   021       378     1208442        28       27505      2179       389
42000000000000   089       779     2709212        53       48732      4114       802
43000000000000   000     78064   296174529     25036    21418869   1364963     86099
43000000000000   023      3594    14474513        70       81460      6364      3633
43000000000000   029       847     3429856        29       36932      2090       859
43000000000000   025      2477    12409499         9       11326       675      2480
43000000000000   062      1148     5004376         0           0         0      1148
43000000000000   162      1065     2832383        39       55838      6453      1102
43000000000000   005      7344    21420274        36       56340      2936      7361
43000000000000   044      4297    14991402         0           0         0      4297
43000000000000   079      8190    26707196         7       15774       598      8194
43000000000000   032      5065    21181001       138      291462     13832      5143
43000000000000   040      6410    28201567       144      503542     23919      6546
43000000000000   022      1397     4452002       145      205678     14976      1487
43000000000000   061      1106     2629236       223      166384     19060      1221
43000000000000   059      3719    14211288       544      695708     59430      4067
43000000000000   018      8386    49186843      9151    10477553    537993     11582
43000000000000   016     17901    56909643     13827     8222715    648793     21693
43000000000000   021      2171     7628829       578      498716     23820      2314
43000000000000   089      2947    10504621        96       99441      4024      2972
44000000000000   000    257830  1045887624     78625   103794133   5698073    290022
44000000000000   023      9207    36798139       153      169808      8661      9255
44000000000000   029      2209     8345725       484      529020     29426      2375
44000000000000   025      5460    26558651        90      367090     10470      5519
44000000000000   062      2287    10494555         0           0         0      2287
44000000000000   162      1985     6430448        67       70108      5360      2015
44000000000000   005     44311   118539633       635      773192     55037     44622
44000000000000   044     15397    57665852       565     1058917     28162     15557
44000000000000   079     24180    71559459       308      563104     30818     24354
44000000000000   032     12977    48511328       635     1518850     51674     13268
44000000000000   040     27348   127984174      2578     7677515    293775     29008
44000000000000   022      4268    14913470        26       45033      2396      4282
44000000000000   061      1086     3063259       151      169392     17173      1183
44000000000000   059      9711    40727375      2171     4258901    170174     10672
44000000000000   018     23801   191041823     27564    44262910   1992772     35058
44000000000000   016     62575   238109159     42678    41121144   2947714     79231
44000000000000   021      4561    19219186       351      864400     37473      4773
44000000000000   089      6467    25925388       169      344749     16988      6563
45000000000000   000     42728   177404847     22904    25595574   1441125     50879
45000000000000   023      2488    10816545       174      147490     12997      2562
45000000000000   029       360     1728626        34       70936      2392       374
45000000000000   025      1593     6650760       143      582851      9779      1648
45000000000000   062       416     1754982         0           0         0       416
45000000000000   162       402     1487216        94      105336      7819       446
45000000000000   005      3165    10669131       237      179617     15217      3251
45000000000000   044      1657     6697463        15       16609      1043      1663
45000000000000   079      3088    10324402       314      411240     24201      3225
45000000000000   032      1713     6613333       211      297360     15971      1804
45000000000000   040      6462    23635649      1343     1923695     88911      6964
45000000000000   022       820     2829105        63      138005      8384       867
45000000000000   061       275      956087        88       64737      5942       309
45000000000000   059      1297     4754340       171      178223     14435      1379
45000000000000   018      5942    40643343      7420    10935548    407323      8245
45000000000000   016     10289    37832031     11712     9727545    766101     14623
45000000000000   021       958     3746506       474      591355     39963      1183
45000000000000   090       260      662110       306      165527     17263       358
45000000000000   089      1543     5603218       105       59500      3384      1562
46000000000000   000     14009    60701473      3222     3965536    190340     15103
46000000000000   023       612     2624068         8        6902       374       613
46000000000000   029       687     2405107        24       20796      1160       694
46000000000000   025       613     2796795        24       45356      2449       626
46000000000000   062       300     1888039        22       25565      1499       308
46000000000000   162       291     1253038        50       43188      3434       310
46000000000000   005      1185     4793797         5       13127       644      1189
46000000000000   044      1043     4666204         9        6100       339      1045
46000000000000   079      1351     5427193        34       28532      1259      1358
46000000000000   032       574     2307741       221      249199     20526       690
46000000000000   040       298     1227982        14       15086       529       301
46000000000000   022       213      835553         4        3607       108       214
46000000000000   061       121      506092         8        3620       266       123
46000000000000   059       604     2732777        33      158575      4253       629
46000000000000   018      1308     8685713      1152     2012698     66082      1689
46000000000000   016      2914    10563585      1506     1196968     80620      3380
46000000000000   021       587     2485494        29       56257      2589       603
46000000000000   090        55      234786         1         489        40        55
46000000000000   089      1253     5267509        78       79471      4169      1276
47000000000000   000    108243   450583509     50921    59555455   3432229    127645
47000000000000   023      3957    16224876       655      827508     62642      4310
47000000000000   029       503     2472180       454      784838     39050       731
47000000000000   025      3601    16791958       378      547192     18668      3707
47000000000000   062      2282    11048664        26       42254      2350      2295
47000000000000   162       777     2825994       213      314404     19740       889
47000000000000   005     14848    45809970       391      552638     34602     15043
47000000000000   044      8535    35906222       384      726300     38544      8753
47000000000000   087       150      798862         4        6204       514       153
47000000000000   079      2516    10014506       268      513740     25188      2660
47000000000000   032      5137    20413594       596      769360     52348      5432
47000000000000   040     14237    51224462      2405     4168128    170476     15201
47000000000000   022      1150     4257182       263      474507     32140      1331
47000000000000   061       696     2343974       703      656784     58884      1029
47000000000000   059      2544    11653542       704      934697     63856      2905
47000000000000   018     14662    96649788     14123    25563309    884391     19660
47000000000000   016     25243    89330587     26722    19585659   1702209     34862
47000000000000   021      2728    12002282       586      866966     47516      2996
47000000000000   090       838     2717230      1509     1421956    131238      1579
47000000000000   089      3839    18097636       537      799011     47873      4109
48000000000000   000    102788   470921499     51832    70752719   3495596    122541
48000000000000   023      2854    12942806       162      392796     16812      2949
48000000000000   029      1577     6677969       305      548961     22979      1707
48000000000000   025      1892     9927947       169      397798     13261      1967
48000000000000   062      1013     7215600         0           0         0      1013
48000000000000   162      1021     5215524        49       56428      2298      1034
48000000000000   005      9224    38571139       482      997132     48348      9497
48000000000000   044      7625    39939978       307      654076     31144      7801
48000000000000   079      9658    31644740      1313     1507314     65302     10027
48000000000000   032      4900    17835343       972     1612090     72994      5312
48000000000000   040      8457    40090390      3154    10502631    242056      9825
48000000000000   022      2292    10195570       229      514964     26138      2439
48000000000000   081       149      762920        18       57072      2018       160
48000000000000   061       589     2552330       157      232100     19724       700
48000000000000   059      4938    21732513       596     1140617     67775      5320
48000000000000   018     11993    71261016     13033    32576989    918667     17184
48000000000000   016     26921   120008770     29147    17112029   1805787     37122
48000000000000   021      1858     8231414       873     1021677     43454      2112
48000000000000   090       537     2152140       580      904330     73138       950
48000000000000   089      5290    23963390       286      523715     23701      5422
49000000000000   000     35076   117395094     10825     9419197    664380     39065
49000000000000   023      1889     5357074        38       49860      2780      1905
49000000000000   029       216      754142       331      632707     25537       380
49000000000000   025      1397     5768290        21       35694      2570      1412
49000000000000   062       631     2833230         0           0         0       631
49000000000000   162       353      811242        20       13794      1116       359
49000000000000   005      3376     7914888         5        6120       522      3379
49000000000000   044      5168    16110388        30       54712      3830      5190
49000000000000   001         3       11138         0           0         0         3
49000000000000   087         4       14178         0           0         0         4
49000000000000   079      3297     8180172        18       14328      1374      3305
49000000000000   032       760     2304766        32       21664       965       765
49000000000000   040      1584     3735762       106      115320      9708      1638
49000000000000   022       551     1622954        33       33858      2808       568
49000000000000   081         9       33614         4         626        12         9
49000000000000   061       390      806392       343      234106     33558       580
49000000000000   059      2156     7100844       351      279334     26332      2312
49000000000000   094         8       28416         0           0         0         8
49000000000000   018      3428    19751156      3885     4954292    245652      4908
49000000000000   016      6466    22660100      5350     2688751    292765      8230
49000000000000   021      1213     4546850       144      182136      9462      1269
49000000000000   090        57      155288         5        7728       644        61
49000000000000   089      2120     6894210       109       94167      4745      2149
50000000000000   000     55206   263901174     43112    44976444   2444372     69019
50000000000000   023      2014     8682666       598     1126808     46720      2278
50000000000000   029       809     3751335       394      987941     37394      1021
50000000000000   025      1957    12276203       304      851704     31036      2132
50000000000000   062       593     2847941         0           0         0       593
50000000000000   162       313     1278698        16       16278       978       319
50000000000000   005      9759    39489233      1208     3591587    131878     10503
50000000000000   044      1687     7841237        44      113284      4634      1713
50000000000000   079      1296     5162409       321      658095     35373      1496
50000000000000   032      1386     6642941       428     1053341     40733      1617
50000000000000   040      2834    11523835      1032     2379080    103671      3420
50000000000000   022       769     3359375        50      110162      6386       805
50000000000000   061       172      678381        56       74915      3715       193
50000000000000   059      2002     8401412      1060     1797593     91012      2516
50000000000000   018      8035    52221664     10642    12664484    638021     11640
50000000000000   016     16007    72921909     25152    15887855   1110993     22284
50000000000000   021       941     4391327       417      828498     30047      1111
50000000000000   089      4632    22430608      1390     2834819    131781      5378
51000000000000   000     12022    44803417      3088     2299521    176737     13016
51000000000000   023       600     2477362         5        7014       435       601
51000000000000   029       148      678266       184      173399      9510       201
51000000000000   025       519     2421892        39       59525      3424       538
51000000000000   062       190      902500         0           0         0       190
51000000000000   162        98      397646         0           0         0        98
51000000000000   005       971     3144735         5        6701       521       973
51000000000000   044      1783     6433551       102      197404     12092      1851
51000000000000   079       738     2642684        42       73459      3816       760
51000000000000   032       695     2643766        63       90697      5576       727
51000000000000   040       922     2269663        24       42961      2235       935
51000000000000   022       300     1034404         5        6436       435       302
51000000000000   061       100      342268         6       10898       522       103
51000000000000   059       927     3375176        30       38394      2911       942
51000000000000   018      1000     5570764       659      662408     39252      1222
51000000000000   016      1931     6343026      1875      863470     91462      2448
51000000000000   021       203      868803         4        4334       348       205
51000000000000   090        68      228234         0           0         0        68
51000000000000   089       829     3028677        45       62421      4198       852
