01000000000000   000     80052   325585598     27310    27649375   1641867     89467
01000000000000   023      2762    11899126        74       83196      6735      2800
01000000000000   029       561     2656576        94      125854      6223       596
01000000000000   025      2991    10841128        86      166750      6842      3030
01000000000000   062       858     3953632         0           0         0       858
01000000000000   162       835     2551722         0           0         0       835
01000000000000   005      5268    17282038        33       58800      5280      5298
01000000000000   044      4637    16134264       107       95958      8560      4685
01000000000000   087       669     2652324         7       14264       604       672
01000000000000   079      4225    15156470        44       75378      3710      4246
01000000000000   032      5809    22100652       500      577002     59393      6145
01000000000000   040     11108    42405318      1723     4289796    149845     11954
01000000000000   022       832     3593842        81      108858     10586       892
01000000000000   061       427     1142402       189      147788     17994       529
01000000000000   059      2220     8402076       166      213577     14859      2303
01000000000000   018      9262    64924638      8865    10308197    467562     11963
01000000000000   016     21696    78164677     14723    10662855    827034     26449
01000000000000   021      3032    11175403       136      201362     10077      3089
01000000000000   090       737     1977506         9       13206       760       741
01000000000000   089      2123     8571804       473      506534     45803      2382
02000000000000   000     24183   122809259      5189     6639635    345258     26183
02000000000000   023      1074     5593911        51       48222      2082      1086
02000000000000   029       767     3609684        48       83687      3751       789
02000000000000   025      1397     7626416        58      103560      3717      1419
02000000000000   062       259     1895272         0           0         0       259
02000000000000   162       190      724144        67       29228      1624       200
02000000000000   005      1873    10451332        59       84910      4991      1903
02000000000000   044      3022    17177030        44       56166      3460      3043
02000000000000   079      1772     7372698       144      186535     17747      1879
02000000000000   032       667     3415977        17       30169      1331       675
02000000000000   040       213     1065638        27       55790      3697       235
02000000000000   022       399     1707782         8        9001       444       402
02000000000000   061        89      388458         3        3720       251        91
02000000000000   059      2360    11466450       115      197685      9063      2413
02000000000000   012      2133     8834186       445      591788     32948      2334
02000000000000   112       695     2273519       524      533925     38380       928
02000000000000   018      1097     8661044      1034     1442811     33451      1286
02000000000000   016      2917    13394857      2434     3069901    182498      3948
02000000000000   021       257     1210650        49       21672      1891       268
02000000000000   089      3002    15940211        62       90865      3932      3025
03000000000000   000     60259   254003481     23448    24904651   1541424     68972
03000000000000   023      3370    12377414        47      104071      4147      3393
03000000000000   029       582     2465976       147      215910      9056       635
03000000000000   025      2046     8930333        70      188813      6679      2084
03000000000000   062      1246     7409437         0           0         0      1246
03000000000000   162       888     4071344        26       52740      2097       900
03000000000000   005     10480    39896606        50      188734      5074     10509
03000000000000   044      2775    10138455        50       95472      3890      2797
03000000000000   079      4843    13889343       109      267683     10062      4899
03000000000000   032      2983    11350789        64      148990      6124      3018
03000000000000   040       728     2951138        44      126176      4649       754
03000000000000   022      1690     4396789        63       70137      5956      1724
03000000000000   061       347     1108228         7        7880       363       349
03000000000000   059      1792     7348911       672      731752     49877      2074
03000000000000   092         8       60835         0           0         0         8
03000000000000   018      6803    45677173      6650     9137153    452486      9359
03000000000000   016     13404    58812243     14932    12834443    940274     18716
03000000000000   021      2885     9617047       292      431602     25912      3032
03000000000000   089      3389    13501420       225      303095     14778      3475
04000000000000   000     56405   206611677     15427    12687766    873742     61337
04000000000000   023      1970     6382862        31       21025      1867      1980
04000000000000   029       713     2999180       191      304329     18141       815
04000000000000   025      1478     4849838       155      209293      6499      1514
04000000000000   062       562     2357126         0           0         0       562
04000000000000   162       667     2035531        16       18325      1293       674
04000000000000   005      5153    14441296         5        3227       170      5154
04000000000000   044      3584    12826844        46       76159      4959      3612
04000000000000   079      3768    11211030        83      115422      7302      3809
04000000000000   032      4828    16157871       168      214864     11836      4894
04000000000000   040      5564    19525324       375      640869     36139      5768
04000000000000   022      1134     3749750        27       25942      1973      1145
04000000000000   061       723     1896368       258      142853     20440       838
04000000000000   059      1840     5906012       429      343913     29389      2007
04000000000000   018      6628    43102075      4985     5784243    291612      8277
04000000000000   016     13834    45300360      8456     4564896    428052     16254
04000000000000   021      1465     4984935        50       63790      3181      1482
04000000000000   089      2494     8885275       152      158616     10889      2552
05000000000000   000    352647  2014955327    148525   234876553  10351925    411142
05000000000000   023     21391    92665237      3134     5401484    363468     23444
05000000000000   029      3854    20946438       334      967173     32390      4050
05000000000000   025      6556    41187238       696     1093817     39239      6777
05000000000000   062      7795    61040261         0           0         0      7795
05000000000000   162      4265    16486975        65      113020      5968      4299
05000000000000   005     63337   382883710      1739     7525376    205133     64496
05000000000000   044     20955   136451605      1056     3548547    128386     21680
05000000000000   079      3679    15812331       343      738959     26687      3829
05000000000000   032     12722    69547243      1444     3541149    119969     13399
05000000000000   040     38922   247322799      7941    25990396    744825     43129
05000000000000   022     17278    74001149      1241     2493419    116053     17934
05000000000000   081       421     2191453        34      107837      3708       442
05000000000000   061      2432    10876681      1935     3012405    212227      3631
05000000000000   059     13187    66839325      2889     4746751    362601     15237
05000000000000   018     23228   200041617     30521    59029900   2197824     35646
05000000000000   016     87651   448172838     92449   110780501   5567763    119107
05000000000000   021      4098    19395400       575     1027730     50272      4383
05000000000000   089     20876   109093027      2129     4758089    175412     21864
06000000000000   000     53863   271086974     41814    73544412   3347254     72778
06000000000000   023      1945     9578967       102      229363      8684      1994
06000000000000   029       421     1768059       169      451005     23342       553
06000000000000   025      3881    19834615       656     1955550     76467      4313
06000000000000   062       868     5096394         0           0         0       868
06000000000000   162       386     1457309        24       47123      1765       396
06000000000000   005      7370    31662701        94      338523     11382      7434
06000000000000   044      3079    14658990       140      377356     15815      3168
06000000000000   079      1879     8938967       553     1355043     59515      2215
06000000000000   032      1165     6691647       143      466313     15293      1251
06000000000000   040      4436    17296788      1118     4139049    162193      5353
06000000000000   022      1048     5072556       109      288679     15000      1133
06000000000000   061       266     1279294       104      101486      5103       295
06000000000000   059      1386     7372624       194      374672     12919      1459
06000000000000   018      8494    63195805     12762    32974539   1317544     15939
06000000000000   016     14634    64037681     24708    28890831   1558155     23439
06000000000000   021       974     4794314       871     1380576     56922      1296
06000000000000   089      1631     8350263        67      174304      7155      1672
07000000000000   000     57117   332705871     24139    39044613   1575944     66498
07000000000000   023      2791    14206825       176      528225     19844      2903
07000000000000   029      1220     6229842       278      933721     31144      1396
07000000000000   025      4945    27861383       367      693644     11000      5006
07000000000000   062      1464     8146015         1        2907       142      1465
07000000000000   162       600     3218943        42       59397      2849       616
07000000000000   005      7860    47417630       146      445198     12562      7931
07000000000000   044      3110    18038782         3       15170       525      3113
07000000000000   001       145      948960         0           0         0       145
07000000000000   079      5827    32174212       656     2247217     84353      6304
07000000000000   032      4026    20255177       709     2022374     71399      4429
07000000000000   040      5806    36215639      2241     8175543    266384      7310
07000000000000   022       628     3347116        60      184318      9276       680
07000000000000   081        52      355575         6       21073       793        57
07000000000000   061       181      853927        28       33704      1621       190
07000000000000   059      1050     5441762       190      372590     14422      1136
07000000000000   018      4304    33365315      8821    14256093    479388      7217
07000000000000   016      7979    44613949      9098     7192607    488698     11009
07000000000000   021      2341    13935555       949     1104490     48212      2614
07000000000000   089      2788    16079264       368      756342     33332      2977
08000000000000   000     23602    99772095      8229    10794789    483248     26510
08000000000000   023       820     2847302        26       25930      1281       828
08000000000000   029       302     1291448        93      325020     10689       363
08000000000000   025      1678     7606314        63      124485      6053      1715
08000000000000   062       711     4844019         0           0         0       711
08000000000000   162       304     1164577        11       23659      1136       311
08000000000000   005      2920    11033691        51       70848      5519      2954
08000000000000   044      1617     6019483        12       26572      1251      1625
08000000000000   087       273     1024397         0           0         0       273
08000000000000   079      1725     5982141       116      187716     11829      1795
08000000000000   032      2055     7708124       179      319715     17100      2156
08000000000000   040      1775     6058604        93      108026      7541      1821
08000000000000   022       329     1100449        20       34410      1729       340
08000000000000   081       180      604032        19       27363      1727       190
08000000000000   061       302      764094        29       25308      1944       313
08000000000000   059       492     1873366       126      107539      6351       531
08000000000000   094       740     3317883         5        7118       392       742
08000000000000   018      1495    11125679      3883     6565817    248741      2993
08000000000000   016      3903    16802249      3280     2592764    148519      4798
08000000000000   021       359     1976200        29       52097      2079       372
08000000000000   089      1622     6628043       194      170402      9367      1679
10000000000000   000    169754   655000649     47204    54473816   2805101    185630
10000000000000   023      6623    21884409       258      236740     16345      6715
10000000000000   029      2319    10452161       146      186906     11850      2385
10000000000000   025     19408    77167390       824     1470917     72028     19815
10000000000000   062      2272     9824720        49       61372      1532      2281
10000000000000   162      2013     6748089        99      129349     10956      2075
10000000000000   005     29823    90993830       462      705851     24674     29962
10000000000000   044      7755    31406307        90       77878      6372      7791
10000000000000   079      9621    28826126       276      305464     22239      9747
10000000000000   032     20101    64992125      1271     2519498    141841     20902
10000000000000   040      3713    11237465        74      146286      6352      3749
10000000000000   022      2502     8109011        93      127710      7926      2547
10000000000000   061      1298     3140260       310      245633     21139      1417
10000000000000   059      8981    29531683      2357     2286819    149121      9823
10000000000000   094       663     2695235        51       77986      6511       700
10000000000000   018     15920   122590849     17273    24080132    854075     20750
10000000000000   016     26948   102181825     22764    21024544   1398434     34873
10000000000000   021      3075    10272662       309      246811     16966      3171
10000000000000   089      6719    22946502       498      543920     36740      6927
11000000000000   000    108043   423014909     42169    43060802   2573314    122582
11000000000000   023      3709    15448140       241      394274     33935      3899
11000000000000   029       955     3462939       247      416547     35216      1154
11000000000000   025      3541    16155702        82      191562      7261      3582
11000000000000   062      1102     4682670         1        1892       160      1103
11000000000000   162       952     3306256        37       49362      3818       974
11000000000000   005     17942    49340744       626      973480     46234     18203
11000000000000   044      5580    17752384        35       38642      1892      5591
11000000000000   087       997     4915827         0           0         0       997
11000000000000   079      8363    23565773        69      107062      5896      8396
11000000000000   032      4432    16600716       313      557060     40172      4659
11000000000000   040      6324    16742836      1149     2034326    116262      6979
11000000000000   022      2092     6269452       147      232426     16008      2182
11000000000000   061      1405     3980258       888     1126884     91379      1920
11000000000000   059      3892    13530415      1104     1119434     88516      4391
11000000000000   018     13191    86118192     14982    19290436    827265     17869
11000000000000   016     27755   117594473     21504    15676675   1198226     34523
11000000000000   021      2833    12174673       399      570515     40138      3061
11000000000000   089      2978    11373459       345      280225     20936      3099
12000000000000   000     54852   233045908     20630    20395570    919838     60041
12000000000000   023       745     3003070         4        8466       356       747
12000000000000   029       690     2820106       151      352844     13614       765
12000000000000   025      2520    11521642        49       88890      2888      2536
12000000000000   005      2448    10934198        12       50638       906      2453
12000000000000   044       883     4133954         6        5896       468       886
12000000000000   001       954     3654888        12       15690       916       959
12000000000000   087       210      883618         0           0         0       210
12000000000000   079       635     2532054        39       24654      2972       652
12000000000000   032      2353    10931032        69      222070      7932      2398
12000000000000   040      4120    19755426       582     1576558     47640      4387
12000000000000   022       263     1086848        27       60188      2184       275
12000000000000   061       145      535772       547       87870      6276       180
12000000000000   059      1150     5267604       289      284108     17130      1246
12000000000000   012     18018    80388960      9024     8082176    353422     20015
12000000000000   112      7727    17180436      3022     1272840     83806      8200
12000000000000   018      2621    18603318      1324     4113658    126574      3336
12000000000000   016      4627    20282332      5139     3864110    230994      5932
12000000000000   021       145      586366         3        6118       240       146
12000000000000   052       466     1681014       268      204786     17368       564
12000000000000   089      4132    17263270        63       74010      4152      4154
13000000000000   000     19483    81862498      9430    10320858    654288     23179
13000000000000   023      1182     5071428       158      261469     25253      1325
13000000000000   029       152      806179       190      446869     18666       257
13000000000000   025       479     3389500        26       77259      1729       489
13000000000000   062       270     1381516         0           0         0       270
13000000000000   162       218      837510        24       38056      2845       234
13000000000000   005      1995     7710207        42       94761      5562      2026
13000000000000   044      1553     5610081       155      259576     25649      1698
13000000000000   079      1758     6095099       161      270931     21250      1879
13000000000000   032      1119     4863130       165      352880     15321      1205
13000000000000   040       799     2536485       129      124759      9394       852
13000000000000   022       476     2363120       257      740781     40000       702
13000000000000   061       200      699516        66       77725      6700       238
13000000000000   059      1648     7203183       709     1004817     71153      2050
13000000000000   018      2289    12538821      1867     2729663    112554      2925
13000000000000   016      3885    14435060      5191     3463230    267404      5395
13000000000000   021       434     1998620        90      179416     14400       515
13000000000000   090       164      548191       170      154617     13322       239
13000000000000   089       862     3774852        30       44049      3086       880
14000000000000   000    108927   552982278     53208    81761339   4789335    136542
14000000000000   023      5081    23106129       316      570861     31542      5272
14000000000000   029      2382    13294744        45       80097      2986      2399
14000000000000   025      2570    21459434        61      183832      4382      2596
14000000000000   062      2254    14865374         0           0         0      2254
14000000000000   162      1532     7880436        12       35936       908      1537
14000000000000   005     12058    62000660         7       33166       662     12062
14000000000000   044      6059    32172617      1148     4378802    129080      6837
14000000000000   087        60      340050         0           0         0        60
14000000000000   079      9859    50010180        50      164328      4756      9888
14000000000000   032      2518    13570966         9       16730       540      2521
14000000000000   040     11154    54164462       786     1808735     62320     11509
14000000000000   022      1999     9897779       251      861082     37830      2227
14000000000000   061       484     2139806        29       83442      3666       506
14000000000000   059      2469    11395795      1352     3275240    216666      3695
14000000000000   018     12998    82638576     17999    33152467   1420688     21257
14000000000000   016     26778   109834746     30918    36603711   2850477     43112
14000000000000   021      2061    10649882         6       24474       664      2065
14000000000000   089      6611    33560642       219      488436     22168      6745
15000000000000   000     76790   320572514     40709    36585474   2744107     92484
15000000000000   023      2274     9882926        34       71712      3799      2296
15000000000000   029       532     2403086       336      618780     36381       752
15000000000000   025      1406     9463616        48       78041      3984      1430
15000000000000   062      1314     5971061         0           0         0      1314
15000000000000   162       798     2651638         1         904        80       798
15000000000000   005      7357    24135519         3        1529       150      7358
15000000000000   044      4232    14520634        40       36394      2380      4246
15000000000000   087        26      131135         1          38         4        26
15000000000000   079      4959    16473671       105       51022      4738      4988
15000000000000   032      1885     7828375        13       26978      1058      1891
15000000000000   040      2573     8071351        55       65725      4145      2597
15000000000000   022      1197     4071946       248      322730     28773      1370
15000000000000   061       131      471004        39       40014      3647       153
15000000000000   059      2227     9424506      1073      822599    155310      3158
15000000000000   018     17618   102337558     12622    17310326    918648     22820
15000000000000   016     25007    90174638     25851    16971213   1569562     33964
15000000000000   021      1084     4313282       143       80783      6563      1124
15000000000000   089      2170     8246568        97       86686      4885      2199
16000000000000   000     43190   232177914     25624    32614474   1607779     52288
16000000000000   023      1158     5347599        63      147023      7168      1198
16000000000000   029       363     1858895       296      693141     26056       522
16000000000000   025      2283    11893342       161      347609     17535      2382
16000000000000   062       668     4195475         0           0         0       668
16000000000000   162       363     1702418        28       33871      1985       374
16000000000000   005      3253    14345246       238      697981     28757      3415
16000000000000   044      2400    11105734         0           0         0      2400
16000000000000   079      3194    13710926        62      132561      6720      3232
16000000000000   032       443     2371683        59       92237      4180       467
16000000000000   040      6687    38266980      3327     6100028    297482      8368
16000000000000   022       723     3202907         3        7295       392       725
16000000000000   061       121      636828        17       14654      1683       131
16000000000000   059      1632     9154503       230      287939     20406      1748
16000000000000   018      3719    34656914      7185    17470953    644185      7358
16000000000000   016     12304    60423707     13477     5699278    506264     15164
16000000000000   021      1127     5642700       112      205800      9267      1180
16000000000000   089      2752    13662057       366      684104     35699      2956
17000000000000   000     39672   163146965     16109    15875198    971657     45163
17000000000000   023      1909     6628211        78       86940      4636      1935
17000000000000   029       512     1677692       203      590556     24806       652
17000000000000   025      2101     8796743       191      185677     11577      2166
17000000000000   062       374     1832462        20       33418      1875       385
17000000000000   162       749     3018005        34       43148      2471       763
17000000000000   005      3592    10913340        24       32487      2080      3604
17000000000000   044      3320    11185318       130      142733      9472      3374
17000000000000   079      2482     7690543        85      121686      9799      2537
17000000000000   032      1209     4810918        29       57496      2150      1221
17000000000000   040      3044     9396037       397      228466      9170      3096
17000000000000   022       103      332054         4        6230       365       105
17000000000000   061       610     1711267         9        2156       135       611
17000000000000   059       821     3232263       107       83514      6858       860
17000000000000   018      4771    37735282      3651     5613830    229738      6068
17000000000000   016     10324    39814843     10769     8216665    638947     13935
17000000000000   021       587     2370778        63       75771      2332       600
17000000000000   089      3164    12001209       315      354425     15246      3251
18000000000000   000     70863   279624594     26638    30632532   1748961     81117
18000000000000   023      2217     8608219         9       15368       714      2221
18000000000000   029       915     4463678       395      873378     31042      1101
18000000000000   025      4858    17305589       614     1281587     84116      5365
18000000000000   062      1064     4210745         0           0         0      1064
18000000000000   162      1293     5129450         0           0         0      1293
18000000000000   005      4088    11153367         0           0         0      4088
18000000000000   044      4214    14854662         0           0         0      4214
18000000000000   079      5976    18574733         0           0         0      5976
18000000000000   032      2193     7243556       176      294504     15199      2279
18000000000000   040      5307    20842022       380     1230189     56816      5628
18000000000000   022       952     3149675         0           0         0       952
18000000000000   061      1174     2923353       108      111708     12860      1251
18000000000000   059      3008    10146111       447      434433     43710      3268
18000000000000   018      9226    61781585      7499    12025940    493509     12138
18000000000000   016     18396    67273026     16833    14209448   1002847     24247
18000000000000   021      2502    10067533       156      132498      7288      2546
18000000000000   089      3480    11897290        21       23479       860      3486
19000000000000   000     84321   348328289     23267    22256915   1325813     91809
19000000000000   023      2474     9594173       131      170933     12044      2542
19000000000000   029      2312    10342610       552      800477     44219      2563
19000000000000   025      1641     7181698        64       47141      3559      1663
19000000000000   062      1204     7019498         0           0         0      1204
19000000000000   162       533     1966767        27       16727      1229       540
19000000000000   005      7696    29440492        73       79675      6542      7733
19000000000000   044      4816    18314915        54       61610      4167      4839
19000000000000   087       265     1368637         3        7171       250       266
19000000000000   079      5993    21276573        65      108298      4625      6018
19000000000000   032      3918    18072634       144      224774     11820      3984
19000000000000   040     13988    52270652      1944     3515167    156345     14872
19000000000000   022       794     3085047        49       62576      5241       824
19000000000000   061       983     2926209       180      177250     17570      1082
19000000000000   059      4354    18088506       780      734396     56711      4675
19000000000000   012      1599     6307066       102       86959      2672      1614
19000000000000   112       251     1149721        25       76199      2006       262
19000000000000   018      8236    55332532      5738     8699156    383956     10405
19000000000000   016     16798    57740754     12261     6210988    553014     19922
19000000000000   021      3554    14869367       853      957590     43203      3797
19000000000000   089      2912    11980438       222      219828     16640      3004
20000000000000   000     18395    76169994     10197    11097628    549291     21497
20000000000000   023       824     3236783       616      970462     39368      1046
20000000000000   029       294     1453714       251      623678     26389       444
20000000000000   025       702     3314843        59      106064      5001       730
20000000000000   062       315     1429834       215      457839     13661       392
20000000000000   162        14       60900         7       13043       427        16
20000000000000   005      1271     5484258        43      101083      4597      1297
20000000000000   044      2310     8997343        94      121713      7197      2351
20000000000000   087        87      264991         0           0         0        87
20000000000000   079      3046    11130130        95      216767      9426      3099
20000000000000   032       942     4054125       200      397698     13509      1018
20000000000000   040       549     2317550        61      154528      6061       584
20000000000000   022       207      862311       128      218443      8004       253
20000000000000   061        84      332265        90      124052      5290       114
20000000000000   059       882     3729105       380      646198     23604      1015
20000000000000   012        17       38220        24       12766      2216        30
20000000000000   112         5        5712        28       15015      1590        14
20000000000000   018      1715     9959651      2221     3045602    118043      2382
20000000000000   016      3756    13654703      5067     2588719    217575      4984
20000000000000   021       163      697975       106      179075      6658       200
20000000000000   090         1        4244         0           0         0         1
20000000000000   089      1211     5141337       512     1104883     40675      1440
21000000000000   000     81483   375307972     13306    36007252   1421677     89511
21000000000000   023      3454    15426601       115      293573     13933      3531
21000000000000   029      1447     7600121       312      584933     17350      1545
21000000000000   025      4792    25727795       447     1053243     61687      5140
21000000000000   062      1520     9026412         0           0         0      1520
21000000000000   162       810     3198982        29       83984      4490       835
21000000000000   005     12482    52448588       342      780086     50470     12769
21000000000000   044      4849    22246077         6        8300       301      4850
21000000000000   001       499     2540023         1        2285        95       500
21000000000000   087       287     1627507         1        1461        46       287
21000000000000   079      6627    25740616       121      290601     16955      6722
21000000000000   032      6383    27791873       786     1491916     86543      6872
21000000000000   040      4258    17233041       679     1128034     59170      4591
21000000000000   022       777     2824715       150      333114     19840       889
21000000000000   061       332     1429172       160      242887     16229       424
21000000000000   059      1944     9484075       307      682447     36624      2151
21000000000000   094       764     4093276         2        2927        69       764
21000000000000   018      6848    48851782      4432    21513308    598093     10226
21000000000000   016     14785    59759702      4412     5476089    335742     16681
21000000000000   021      2065     9841901       330      688487     31456      2243
21000000000000   089      6560    28415713       674     1349577     72584      6971
22000000000000   000     85395   420487836     31768    48149496   1935062     96865
22000000000000   023      3965    20005956       302     1020054     20213      4088
22000000000000   029      1659     6384815       283     1361887     27532      1816
22000000000000   025      9802    48668267       433     1426497     39057     10038
22000000000000   062      5525    32936108        93      212701      4709      5554
22000000000000   162       672     3240639        24       39170      2412       685
22000000000000   005      6189    30783635        55      170277      3387      6209
22000000000000   044      3538    19204751       151      513251     17691      3638
22000000000000   001      1012     6460558         0           0         0      1012
22000000000000   087       160     1016593         0           0         0       160
22000000000000   079      6897    32984283       589     1793925     35599      7111
22000000000000   032      7040    29172401       908     2870654     92411      7597
22000000000000   040      6690    27297357       909     2585321     86818      7189
22000000000000   022      1334     5970469        56      216060      3571      1356
22000000000000   080       857     5048041        38      184769      2657       872
22000000000000   061       613     2484548        77       87788      4492       639
22000000000000   059      1019     5633033       139      455258     14977      1109
22000000000000   091       514     2755961        17       84290      1353       521
22000000000000   012        60      307366         2        3864       160        61
22000000000000   112        34      150656        13        6468       454        37
22000000000000   018      6140    37685948     10498    16510351    564804      9534
22000000000000   016     15384    67947324     16693    17034535    980138     21152
22000000000000   021      1052     5843785       104      308426      5504      1086
22000000000000   089      5239    28505342       384     1263950     27123      5401
23000000000000   000    116999   587657024     66132    79253529   4586876    142924
23000000000000   023      3815    20372995       307      994620     42138      4053
23000000000000   029      1515     6586301        27       91449      3018      1532
23000000000000   025      1453     9464238        63      239318      7111      1493
23000000000000   062      1804     8586725         0           0         0      1804
23000000000000   162       868     2727648        69       96000      4051       891
23000000000000   005     15935    76367533       203      912042     28614     16097
23000000000000   044      2756    13850815       320      829066     38386      2973
23000000000000   079     10037    45531583       806     3027014    136167     10807
23000000000000   032      1735     8981765       207      499109     21269      1855
23000000000000   040     13701    64337674      6203    20800690    906075     18820
23000000000000   022       974     4650368        41       94104      4669      1000
23000000000000   061       207      946157       101      322746     11431       272
23000000000000   059      3561    17605454      1198     1569095     91131      4075
23000000000000   018     18263   133109754      8998    15865212    612292     21734
23000000000000   016     33954   144275955     47136    32832108   2632003     48823
23000000000000   021       391     2129086       129      521623     20572       507
23000000000000   089      6030    28132973       324      559333     27949      6188
24000000000000   000     66788   352770325     29494    45986277   2433063     80536
24000000000000   023      2620    13056567       122      286684     20004      2733
24000000000000   029       969     4741292       227      487959     24793      1110
24000000000000   025      3121    16642950       433     1629317     60984      3467
24000000000000   062       566     3142627         0           0         0       566
24000000000000   162       439     1634164        48       97208      4864       466
24000000000000   005      4112    17843315       142      386538     18018      4214
24000000000000   044      4494    21770990       248      410146     21879      4618
24000000000000   079      1738     8272370      1234     2997258    205795      2901
24000000000000   032      2297    11848949       238      650520     26876      2449
24000000000000   040      3677    18008517      1449     3992057    254497      5115
24000000000000   022      1126     5165889       129      303754     13796      1204
24000000000000   080       640     3795467        10       28600      1016       646
24000000000000   061       544     2548431       162      227304     13024       617
24000000000000   059      2732    13363679       577     1120133     68211      3117
24000000000000   094      2233    10438337       367      885726     49206      2511
24000000000000   018     10950    69668119     10289    16039566    636723     14547
24000000000000   016     17789    95545518     12446    13972953    896151     22851
24000000000000   021      3358    18418414      1152     1998924     94574      3893
24000000000000   089      3383    16864730       221      471630     22652      3511
25000000000000   000     52132   179867680     12970    13036883    998370     57773
25000000000000   023      1409     5098948        55       86426      6352      1445
25000000000000   029       480     1933657        87      103609      5990       514
25000000000000   025       731     4160448         8       10522       314       732
25000000000000   062       726     2738955         0           0         0       726
25000000000000   162       492     1161348         0           0         0       492
25000000000000   005      3666     9581498         5        9136       608      3669
25000000000000   044      3375     9847713        14       37352      2452      3389
25000000000000   087        40      175397         0           0         0        40
25000000000000   079      2695     7211456         0           0         0      2695
25000000000000   032      3016    10022530        76      199863      8351      3062
25000000000000   040     11814    34205084       404      818291     39655     12038
25000000000000   022       739     2456045       268      648274     46515      1002
25000000000000   061       390      932837       114       72698      8332       437
25000000000000   059      2891     8972875       713      632072     51275      3180
25000000000000   091        50      128996         9       11205       979        56
25000000000000   018      5762    32013355      1522     2282796    109052      6378
25000000000000   016      9313    34509512      9171     7342882    651845     12997
25000000000000   021      1602     5174659        31       49083      2874      1618
25000000000000   090       120      325996         0           0         0       120
25000000000000   089      2821     9216371       493      732674     63776      3183
26000000000000   000     79997   271796344     26073    24187994   1786079     90092
26000000000000   023      3129    11006821       242      306109     24423      3266
26000000000000   029       785     2661104       292      651028     32454       967
26000000000000   025      3161     9741367       283      416238     38856      3381
26000000000000   062      1167     5573324         0           0         0      1167
26000000000000   162      1098     3335080       187      370012     29920      1267
26000000000000   005     12681    32758592       273      232338     17996     12782
26000000000000   044      6166    21552778       357      297932     18844      6272
26000000000000   079      7893    20385130       473      433182     28342      8054
26000000000000   032      2742     7712528       266      360589     19103      2849
26000000000000   040     10956    32713838      1323     1906607    119394     11631
26000000000000   022       456     1504196        56       95552      4848       483
26000000000000   061       581     1683328       244      135963     13257       656
26000000000000   059      2598     8635028       541      514618     51359      2888
26000000000000   018      8020    46916514      7360     9107125    492549     10803
26000000000000   016     13469    48788400     12751     7106303    758236     17761
26000000000000   021      1075     3638502      1185     2012642    120328      1755
26000000000000   089      4020    13189814       240      241756     16170      4110
27000000000000   000     17149    67719854      9211     9370262    609048     20590
27000000000000   023       969     3561880        83      138849      8949      1021
27000000000000   029       545     2056649       147      242805     16923       641
27000000000000   025       640     2755338       127      304758     11229       704
27000000000000   062       225      660526         4        9560       434       227
27000000000000   162       249      882800        15       26453      1283       257
27000000000000   005      1209     4175695       121      259968     14754      1292
27000000000000   044      2070     8999376       216      304724     15567      2158
27000000000000   079      1578     5551690       238      412196     25495      1721
27000000000000   032       855     3307862       110      222967     10441       913
27000000000000   040       510     1765056       128      213481     12983       583
27000000000000   022       699     2856492        51       91629      4455       724
27000000000000   061        76      272982        28       21086      1125        82
27000000000000   059      1390     5517304       287      357891     23709      1525
27000000000000   018      1360     7885531      1425     2178618    105033      1953
27000000000000   016      3344    11480098      5962     4168837    333677      5230
27000000000000   021       317     1309915       141      202355     12675       388
27000000000000   090        27       98598         2        3279       255        28
27000000000000   089      1086     4582062       126      210806     10061      1143
28000000000000   000     27055   104651385     10608    10834880    934352     32333
28000000000000   023       747     2655749        17       27525      1469       756
28000000000000   029       279     1182976       103      103712      6677       317
28000000000000   025       716     3371433        43       22505      2087       728
28000000000000   062       492     2469990         0           0         0       492
28000000000000   162       273      914573         7       11956       956       278
28000000000000   005      2923     9050828        88      102748      7795      2967
28000000000000   044      2121     7785834        11       23807      1169      2128
28000000000000   001        26      108592         0           0         0        26
28000000000000   079      2454     7074560       245      342940     21571      2576
28000000000000   032       671     2708716        65      136971      8554       719
28000000000000   040      3268    11720283       830     1670076    113287      3908
28000000000000   022       254      936127         5        7757       451       256
28000000000000   061       236      743638       144      134284     15567       324
28000000000000   059      1581     5560474       763     1401307    104336      2170
28000000000000   018      2788    18052816      1114     1944373     92595      3311
28000000000000   016      6002    21427956      6906     4720625    545934      9086
28000000000000   021       545     2260150        30       41492      2527       560
28000000000000   089      1679     6626690       237      142802      9377      1731
29000000000000   000     25521   128022935     10437    11416102    707835     29517
29000000000000   023      1398     5830424        23       37647      1103      1404
29000000000000   029      1258     6538629        29       58715      2884      1275
29000000000000   025       684     4601004        20       45720       755       688
29000000000000   062       428     2761319         0           0         0       428
29000000000000   162       380     1863273         0           0         0       380
29000000000000   005      3661    17917905        51      154106      2874      3677
29000000000000   044      1775     8597436         6        9713       666      1779
29000000000000   079      1549     6393157        13       23532       822      1553
29000000000000   032      1287     6071444        36      104257      2430      1300
29000000000000   040      1313     6729916       139      551665     17307      1411
29000000000000   022       555     2391372         2        2402        89       556
29000000000000   061       190      787356         8       17004       571       193
29000000000000   059       906     4363531       121      163471      9286       958
29000000000000   091        18      113485         0           0         0        18
29000000000000   092        18      113485         0           0         0        18
29000000000000   018      2352    15290855      3906     3948532    180001      3369
29000000000000   016      5335    25488284      6005     6132998    483690      8067
29000000000000   021       134      716871         3        5440       139       135
29000000000000   089      2280    11453189        75      160900      5218      2308
30000000000000   000     16157    71945809      9420    10837413    571026     19591
30000000000000   023       886     3875137        48       61817      4004       908
30000000000000   029       331     1395862       109      126253      9410       386
30000000000000   025       987     3958012         7       18385       786       992
30000000000000   062       330     1865536         0           0         0       330
30000000000000   162       169      653132        25       29276      2238       182
30000000000000   005      1295     5900666        64      108845      6614      1335
30000000000000   044      1633     6590664       272      357322     23924      1777
30000000000000   001        24      104209         0           0         0        24
30000000000000   087         6       26688         0           0         0         6
30000000000000   079      1562     5634221       125      201214     10191      1623
30000000000000   032       925     4004298        79       95630      6890       966
30000000000000   040       761     2763099        79      136283      1691       771
30000000000000   022       315     1087880        31       46166      2539       330
30000000000000   061        83      280893       219      163422     17570       189
30000000000000   059       338     1645532        64       76727      5352       370
30000000000000   091        27      123047         2        4915       182        28
30000000000000   018      1457    10710971      2359     4564154    146059      2338
30000000000000   016      2625    11857203      5101     4102354    266611      4230
30000000000000   021       306     1219916        14       21870      1328       314
30000000000000   090       305     1090309       457      323142     37437       531
30000000000000   089      1792     7158534       365      399638     28200      1961
31000000000000   000    140260   797520531     39806    53080032   2273748    154106
31000000000000   023      5684    27395396       615     1130041     71683      6089
31000000000000   029      1239     7103033        25       41221      1941      1250
31000000000000   025     13886    78685338       183      305892     17368     13984
31000000000000   062      2866    23584298         0           0         0      2866
31000000000000   162      1603     6671156        40       10877       405      1605
31000000000000   005      9937    55028897        15       28707      1049      9943
31000000000000   044      6390    34999852       935     1304571     85245      6871
31000000000000   087        88      442355         0           0         0        88
31000000000000   079      8923    44892731       232      402975     20127      9036
31000000000000   032      4345    24685250       624     1826249     27082      4507
31000000000000   040     16869    74647463      2612     5147891    269486     18398
31000000000000   022      1706     7970763       225      562057     29216      1871
31000000000000   081       571     3766583         0           0         0       571
31000000000000   061      1247     6351029      1683     2870543    158234      2194
31000000000000   059      2045    11415501       458      672703     24585      2191
31000000000000   091       121      613417         1         295        16       121
31000000000000   094     10014    56641134       827     1559686     84161     10489
31000000000000   012     12564    86348931      2930     5301118    147733     13565
31000000000000   112      4433    18633329      2630     3014349    137487      5354
31000000000000   018      7661    78382939      7885    14930576    306764      9566
31000000000000   016     18794    95647449     17242    13122784    835109     23955
31000000000000   021      2683    15123511       514      636803     44943      2937
31000000000000   089      6591    38490176       130      210694     11114      6655
32000000000000   000     42785   168478054     13979    14819963   1034554     48680
32000000000000   023      1321     5634972        10       11748       921      1327
32000000000000   029       232     1222595         6        9943       459       235
32000000000000   025      3241    13575862       155      250650     13851      3322
32000000000000   062       575     2852746         0           0         0       575
32000000000000   162       159     1301577         0           0         0       159
32000000000000   005      4098    14883500        47      102827      6128      4133
32000000000000   044      2571     9150947         0           0         0      2571
32000000000000   001        10       44448         0           0         0        10
32000000000000   079      1896     6449670         2        1731       224      1897
32000000000000   032      2396    10269254        55      125797      5274      2426
32000000000000   040      6754    27198877       881     1916948    112123      7428
32000000000000   022       224      785587        13       17860      1419       233
32000000000000   061       739     2452085        30       58689      3565       759
32000000000000   059      1193     4965927        37       55138      4126      1216
32000000000000   018      3455    15599229      3692     5088310    209921      4641
32000000000000   016     10961    40384621      8980     7072432    669297     14744
32000000000000   021       995     3957823        55       83759      5894      1030
32000000000000   089      1965     7748334        16       24131      1352      1974
33000000000000   000    240775  1271750617     52649    69989992   2862266    257490
33000000000000   023     12546    60334083       173      379844     14475     12629
33000000000000   029      4114    19325883       557      678527     41951      4351
33000000000000   025     21805   134110422       688     2313685     85819     22290
33000000000000   062      4930    40200081         0           0         0      4930
33000000000000   162      1717     7050725       149      207580     16736      1811
33000000000000   005     33457   166210526       472     1392287     48808     33739
33000000000000   044     12254    60109315       997     1193068     76395     12686
33000000000000   001       182      700716         1        2834        71       182
33000000000000   087       752     4046223        16       41118      1501       761
33000000000000   079      5007    22876556       490     1099251     57382      5331
33000000000000   032      9862    54017984       428     1348496     46296     10124
33000000000000   040     43159   204959713      5405    14003482    511534     46056
33000000000000   022      7294    35907312        95      290470     12441      7364
33000000000000   061      1895    11040700       999     2052338    112033      2528
33000000000000   059      3464    17914160        86      153504      5966      3498
33000000000000   092      1658    12930413        52      161828      5019      1686
33000000000000   094     16275   108496430       230      474755     30961     16449
33000000000000   018     16187   105401909     19308    23371065    673806     20213
33000000000000   016     26546   114280245     22049    19744687   1078311     32949
33000000000000   021      4573    21960621       176      382262     16922      4669
33000000000000   089     13098    69876600       278      698911     25839     13244
34000000000000   000    129607   522595781     45017    57915049   3236794    147895
34000000000000   023      3178    13301311        48      126289      4715      3205
34000000000000   029       751     4054640       415      778285     40071       977
34000000000000   025      7224    31083822        42       87084      6707      7262
34000000000000   062      2316    10714516         0           0         0      2316
34000000000000   162      1005     3401032        13       30264      1107      1011
34000000000000   005     22085    69724233       544     1450360     57558     22410
34000000000000   044     10968    35105342        18       26734      1474     10976
34000000000000   087       263     1170692         2        2444       100       264
34000000000000   079      1642     6506615         9       44424       720      1646
34000000000000   032      5084    21167642       141      306757     15204      5169
34000000000000   040     17773    66194477      2708    11066197    394320     20001
34000000000000   022      2055     8129097       188      357302     22580      2183
34000000000000   081       356     1455145         0           0         0       356
34000000000000   061      1108     3599700       288      198824     20056      1221
34000000000000   059      4197    15659622       573      912034     41438      4431
34000000000000   018     14434    96968034     13869    19821379    770613     18788
34000000000000   016     29444   110350921     25812    22018293   1831367     39790
34000000000000   021      1540     7651573        75      248450      4646      1567
34000000000000   089      4184    16357367       272      439929     24118      4322
35000000000000   000     15297    60458284      8402     7274805    420267     17667
35000000000000   023       648     2248336        38       38101      2081       660
35000000000000   029       204      728892       234      879370     26045       350
35000000000000   025       531     2312656        44       22960      1668       541
35000000000000   062       137      722171         0           0         0       137
35000000000000   162        49      150196         3        4186       326        51
35000000000000   005       703     2183449        81      138607      6141       738
35000000000000   044      1108     4436914         8        8408       555      1111
35000000000000   079       432     1333094       113      153000     10886       493
35000000000000   032      1247     4169810       257      265795     19685      1358
35000000000000   040       855     2288405       154      200860      7672       898
35000000000000   022       340     1166602       113       94433      4058       363
35000000000000   061       151      385072        14       17651      1386       158
35000000000000   059       581     2251653        25       14330       883       586
35000000000000   018      2092    13365420      2257     2854190    137374      2867
35000000000000   016      4541    15549320      4867     2379674    189818      5614
35000000000000   021       288      939995        35       61303      1981       299
35000000000000   089      1390     6226299       159      141937      9708      1443
36000000000000   000    116726   572246137     71950    72640623   4633053    142945
36000000000000   023      7561    39111027       537      724120     38135      7779
36000000000000   029       910     4243864       109       77231      7504       953
36000000000000   025      2690    15624397       606     1423042     42065      2928
36000000000000   062      1434     8292827         0           0         0      1434
36000000000000   162      1173     4870390         5        8280       414      1175
36000000000000   005     16009    68405986        80      139834      6290     16045
36000000000000   044      6743    30288873       446      664831     38145      6958
36000000000000   079      2618    14716743       254      454808     28144      2777
36000000000000   032      3427    18719252       298      581958     24563      3566
36000000000000   040     14231    66465729      3074     6357038    231348     15538
36000000000000   022      2011     9048084       279      575906     30296      2183
36000000000000   061       465     1977425       189      317468     19601       576
36000000000000   059      2726    11262680       216      286748     16011      2817
36000000000000   018     15779   112461917     19566    24573171   1192299     22537
36000000000000   016     32139   131742164     45328    35261316   2905826     48573
36000000000000   021      2352    11805292       352      582484     23340      2484
36000000000000   089      4458    23209487       611      612388     29072      4622
37000000000000   000     63551   239872978     26691    24897342   1528226     72198
37000000000000   023      1666     6169681        32       39242      2127      1678
37000000000000   029       779     2962208       153      243791     16837       874
37000000000000   025      2905    12737663       138      179889     10055      2962
37000000000000   062      1018     5084972         7        9765       576      1021
37000000000000   162       947     3194805        73       58787      5244       976
37000000000000   005      5791    18661928        75      187472      9013      5842
37000000000000   044      3068    10131487         1        1343        89      3069
37000000000000   001        11       49515         0           0         0        11
37000000000000   079      7113    20302554        24       42404      2455      7127
37000000000000   032      5704    19999610       312      672355     30244      5874
37000000000000   040      2911     8719784        85      148728     10199      2968
37000000000000   022      1332     4471971        69      110669      6452      1368
37000000000000   081        79      329745        16       19091      1579        88
37000000000000   061       719     1907219       293      245703     26998       872
37000000000000   059      1727     6030615       883      722189     47748      1997
37000000000000   092       559     3070338         5        5314       214       561
37000000000000   018      6523    41659394      6832     9174400    356268      8540
37000000000000   016     16267    57880511     17527    12808698    988554     21865
37000000000000   021      1959     7217341        63       71380      4515      1984
37000000000000   089      2473     9291637       103      156122      9059      2521
38000000000000   000     55915   252977897     24859    29310087   1268792     63086
38000000000000   023      4104    17315494       234      419470     26640      4255
38000000000000   029      1119     4951186       206      403590     17271      1217
38000000000000   025      3121    13543430       264      701178     28802      3285
38000000000000   062       720     3835133         9       11845       626       724
38000000000000   162       610     2518593       175      168638      6963       650
38000000000000   005      5403    22433265       138      440691     18673      5509
38000000000000   044      3623    16258820       205      837852     31648      3802
38000000000000   001        19       71536         0           0         0        19
38000000000000   079      6305    25084582       302      594090     24365      6442
38000000000000   032      1309     5767906       151      367942     13528      1385
38000000000000   040      4369    17579159      3048     5614009    124640      5073
38000000000000   022      2135    10868150       117      369903     12037      2203
38000000000000   061       436     1659238        21       34625      2117       448
38000000000000   059      2352     9699675       324      445176     25727      2497
38000000000000   018     10050    60108877      3350     6080941    164323     10978
38000000000000   016      7729    30390192     16025    12465245    753710     11988
38000000000000   021       698     3086825        75      107561      6545       736
38000000000000   090       232      889554        17       20648      1140       238
38000000000000   089      1581     6916282       198      226683     10037      1637
39000000000000   000    144751   629380465     67199   111455039   4722032    172622
39000000000000   023      7251    30113200      1527     3164190    191334      8403
39000000000000   029      3053    12476405       588     2413509     65525      3431
39000000000000   025      3065    16002344        28      100615      4023      3089
39000000000000   062      5091    27593447         8       16175       609      5095
39000000000000   162      1341     7277066       375      979706     35964      1558
39000000000000   005     17965    73304293      1243     3952317    110653     18632
39000000000000   044     12621    46028243      3928     8287830    380396     14903
39000000000000   001        40      180124        42       87484      2500        55
39000000000000   087       178      786568        48        5402       472       181
39000000000000   079     11675    43014436      1743     3580452    115735     12371
39000000000000   032      1842     8228355       370      632097     16931      1944
39000000000000   040     11340    37402115      1719     2725805    100448     11939
39000000000000   022      3733    14648369      1913     4386864    202718      4954
39000000000000   061      1714     6820970      1983     4496770    174182      2764
39000000000000   059      5622    24789486      2927     5409820    239363      7030
39000000000000   018     14588   111257474     11630    31778420    668573     18419
39000000000000   016     30193   115682807     32833    31424086   2017300     42039
39000000000000   021      3969    16264287       855     1888327     60543      4329
39000000000000   090      3060     9934256      2241     4187281    238999      4500
39000000000000   089      6410    27576220      1198     1937889     95764      6986
40000000000000   000     17700    91758375      6783     6572216    306825     19669
40000000000000   023       831     3979984        12       22583       871       837
40000000000000   029       597     2795208       478      295379      7313       643
40000000000000   025      1164     6202784        14       31180      1187      1172
40000000000000   062       279     1779768       135      117926      3195       300
40000000000000   162        83      406296         2        4461       208        84
40000000000000   005      1620     9128333         1        4523        77      1620
40000000000000   044       674     3548315        35       52255      3655       695
40000000000000   001       174     1233444         2        6843       248       175
40000000000000   079      1228     6272080        40      121340      5708      1265
40000000000000   032      1102     5643424        80       49729      2615      1119
40000000000000   040      1045     4955381         3       10616       323      1047
40000000000000   022       359     1790418        65      243407      9485       420
40000000000000   081       119      726772         0           0         0       119
40000000000000   080       243     1087129         0           0         0       243
40000000000000   061        55      188188         0           0         0        55
40000000000000   059       407     2106707        29       44391      1778       418
40000000000000   094       726     3502608        45      126926      6940       765
40000000000000   012       339     2015320        42       70290      4178       366
40000000000000   112       169      603167        60       47481      4007       195
40000000000000   018      1825    10831313      2570     3488582    111940      2547
40000000000000   016      2234     9420805      3124     1762142    139824      3136
40000000000000   021       479     2670906        16       26123      1157       487
40000000000000   089      1948    10870025        30       46039      2116      1961
41000000000000   000     70655   252862046     19161    17108093   1114491     77261
41000000000000   023      3274    11184546        35       70868      2094      3286
41000000000000   029       583     2301658       468      508931     30085       765
41000000000000   025       763     3725462         7       11382       438       766
41000000000000   062      1323     4823788         0           0         0      1323
41000000000000   162       558     1791334         3       10672       198       559
41000000000000   005      7813    22251146         2        3870       120      7814
41000000000000   044      4950    15182484         6       13464       350      4952
41000000000000   087       554     2485704         7       25361       952       559
41000000000000   079      4583    12603194         7       10350       338      4584
41000000000000   032      5955    19855062       142      368853      8080      6000
41000000000000   040      7130    17130449       219      542522     26883      7282
41000000000000   022      1138     3578738         0           0         0      1138
41000000000000   061       531     1536448         3        7792       180       532
41000000000000   059      1987     6457180       280      270665     23963      2132
41000000000000   091        10       59957         0           0         0        10
41000000000000   092      1822    11071625        17       50707      1990      1833
41000000000000   018      8469    50544957      6900     7585694    373429     10690
41000000000000   016     15255    51257854     11050     7594648    644641     19077
41000000000000   021      2659     9905036         1        1170        34      2659
41000000000000   089      1298     5115424        14       31144       716      1300
42000000000000   000     12313    46155293      6093     4552044    308186     14053
42000000000000   023       429     1681886        10       14284      1004       434
42000000000000   029       329     1184390        67       77872      5440       359
42000000000000   025       570     2306000        92      106238      7072       610
42000000000000   062       191      820952         3        7938       272       193
42000000000000   162       103      293664         6        9444       792       108
42000000000000   005       866     2465692        29       42580      2974       883
42000000000000   044       956     3245658       106      126036      8498      1004
42000000000000   079      1068     3239428        33       51288      3726      1089
42000000000000   032       581     2189390       134      321342     15282       667
42000000000000   040       876     2648630       170      233604     16624       970
42000000000000   022       266      756758         8        8598       710       270
42000000000000   061       122      375926        33       27910      2666       137
42000000000000   059       824     3205258       305      349506     22957       953
42000000000000   018      1370     8842408      1289     1581319     64405      1734
42000000000000   016      2582     8663226      3713     1499962    149034      3425
42000000000000   021       373     1277011        44       40327      2908       389
42000000000000   089       807     2959016        51       53796      3822       828
43000000000000   000     76308   289493721     24069    21826006   1370346     84387
43000000000000   023      3436    13815382        66       98373      7769      3481
43000000000000   029       853     3447095         8        8957       750       857
43000000000000   025      2497    12687641         4        8261       371      2499
43000000000000   062      1213     4650542         0           0         0      1213
43000000000000   162       997     2374116         5        3636       166       998
43000000000000   005      7062    20135460        33       57610      3836      7086
43000000000000   044      4149    13455978         0           0         0      4149
43000000000000   079      8718    27584522        58      105528      8494      8769
43000000000000   032      4821    20451457        89      270201     12359      4891
43000000000000   040      5552    24884947       139      466849     20836      5670
43000000000000   022      1312     4210268       195      325120     24852      1462
43000000000000   061      1024     2498470       160      125888     14414      1111
43000000000000   059      3575    13731936       499      648955     56529      3905
43000000000000   018      8568    48958990      8977    10827435    524476     11686
43000000000000   016     17726    59447427     13329     8439517    673803     21672
43000000000000   021      2042     7255242       462      373962     18713      2156
43000000000000   089      2763     9904248        45       65714      2978      2782
44000000000000   000    265310  1116474608     82291   109059295   6158564    300112
44000000000000   023      9467    39055702       153      185986      9449      9521
44000000000000   029      2621    10525657       568      558155     38286      2838
44000000000000   025      5581    27683574       128      621988     18362      5685
44000000000000   062      2554    11390803         0           0         0      2554
44000000000000   162      1773     5708168        68       78141      5440      1804
44000000000000   005     43798   120849831       621      794378     52260     44093
44000000000000   044     14581    57860204       534      946385     26394     14730
44000000000000   079     24963    74610036       308      553393     30122     25133
44000000000000   032     11540    43543563       609     1530431     47951     11811
44000000000000   040     29017   136793591      2463     7784599    272055     30554
44000000000000   022      4381    15558800        35       66036      3300      4400
44000000000000   061      1163     3502735       159      185818     17130      1260
44000000000000   059      9972    43025657      2175     4329093    167851     10922
44000000000000   018     24751   210252090     28939    48471509   2201851     37194
44000000000000   016     66578   263009659     45020    41714513   3211224     84723
44000000000000   021      4680    20788875       285      845251     36676      4887
44000000000000   089      7890    32315663       226      393619     20213      8003
45000000000000   000     44398   190601137     20936    21733178   1276138     51606
45000000000000   023      2484    11064490       188      149219     12374      2553
45000000000000   029       347     1759747       164      177772     10112       404
45000000000000   025      1590     6983494       114      339751      7070      1629
45000000000000   062       422     1823320         0           0         0       422
45000000000000   162       353     1320534        98       83197      5902       386
45000000000000   005      3208    11437810       224      175158     14130      3288
45000000000000   044      1659     6935890        10       13262       965      1664
45000000000000   079      3059    10763525       262      320773     19107      3167
45000000000000   032      1756     6800564       221      322541     16527      1849
45000000000000   040      6522    23411955      1229     1688569     75787      6950
45000000000000   022       822     3005051        63      146587      8413       870
45000000000000   061       290      994102        65       67335      5842       323
45000000000000   059      1257     4728554       120      125349     10273      1315
45000000000000   018      6514    46742245      5249     7596472    297060      8192
45000000000000   016     11319    42021432     12009     9628598    729755     15443
45000000000000   021       971     4123357       492      654545     42028      1208
45000000000000   090       276      745786       324      186445     18367       380
45000000000000   089      1549     5939281       104       57605      2426      1563
46000000000000   000     13706    60162039      3330     4006361    154512     14598
46000000000000   023       602     2499870         6        9206       414       603
46000000000000   029       656     2353272        28       22948      1223       663
46000000000000   025       626     2807265        24       14292       839       631
46000000000000   062       314     1971886        14        7486       514       317
46000000000000   162       279     1231867        47       32958      2475       293
46000000000000   005      1102     4546312         8        5267       317      1104
46000000000000   044      1023     4165411         2        1293        66      1023
46000000000000   079      1356     5554864        39       30617      1528      1364
46000000000000   032       532     2219971       155      182006     14185       612
46000000000000   040       290     1213135        17       25209       706       294
46000000000000   022       218      845899         3        3241        93       219
46000000000000   061       120      507438         4        1618       117       121
46000000000000   059       572     2669663        33      168867      4267       597
46000000000000   018      1307     8673805      1387     2305330     45100      1570
46000000000000   016      2898    11023082      1468     1085599     77078      3344
46000000000000   021       562     2453140        28       49825      2434       577
46000000000000   090        56      241842         0           0         0        56
46000000000000   089      1193     5183317        67       60599      3156      1210
47000000000000   000    108466   460546429     53006    62891593   3025841    125570
47000000000000   023      3918    16256016       522      721256     50724      4205
47000000000000   029       522     2586032       256      551227     24514       663
47000000000000   025      3593    16888140       334      443522     16330      3685
47000000000000   062      2164    10746084        16       25378      1326      2171
47000000000000   162       778     2721698       214      296324     17200       876
47000000000000   005     14319    44154428       289      418050     24876     14460
47000000000000   044      8322    34497378       453      738962     39454      8545
47000000000000   087       137      655674         2        2013       137       138
47000000000000   079      2655    10479324       273      456722     23128      2786
47000000000000   032      5042    20014390       549      688682     44534      5294
47000000000000   040     14158    52169512      2523     4446650    175888     15154
47000000000000   022      1110     4233366       362      703838     42758      1352
47000000000000   061       701     2404188       570      465734     39632       926
47000000000000   059      2983    11436562       701      900830     60512      3325
47000000000000   018     14577   103964175     16504    29603929    865817     19469
47000000000000   016     26164    94385900     26788    19194568   1347898     33780
47000000000000   021      2705    11993670       608      942610     49804      2987
47000000000000   090       827     2697724      1539     1573884    158162      1721
47000000000000   089      3791    18262168       503      717414     43147      4033
48000000000000   000    103185   492448547     54370    79979042   3934986    125423
48000000000000   023      2884    13484580       120      318216     13118      2958
48000000000000   029      1566     6942137       305      589458     23007      1697
48000000000000   025      1856    10730335       171      438628     13774      1934
48000000000000   062      1108     6951208         0           0         0      1108
48000000000000   162      1177     5042280        48       78152      3486      1197
48000000000000   005      9614    40275393       656     1298590     61485      9962
48000000000000   044      7245    38358246       496     1273736     57084      7568
48000000000000   079      9643    32260538      1123     1542012     63389     10001
48000000000000   032      5005    20501974      1191     2572708    125714      5714
48000000000000   040      8735    44005443      3469    12114265    301827     10440
48000000000000   022      2359    10748540       333      849162     47932      2630
48000000000000   081       149      807628        18       60416      2018       160
48000000000000   061       617     2950951        22       35639      2413       631
48000000000000   059      4714    20708456      1035     2079847    120948      5396
48000000000000   018     12485    86791045     12118    27633576    648250     16145
48000000000000   016     26334   116671746     31616    26799029   2326333     39478
48000000000000   021      1850     8379254       811      918929     37795      2071
48000000000000   090       553     2221292       586      878604     66364       928
48000000000000   089      5291    24617501       252      498075     20049      5405
49000000000000   000     35514   123570053     11143    10231141    664623     39505
49000000000000   023      1950     5694355        39       60176      3298      1970
49000000000000   029       208      756158       334      868904     29409       397
49000000000000   025      1454     6173326        26       42459      3821      1476
49000000000000   062       636     2977638         0           0         0       636
49000000000000   162       357      877512        20       11956       958       362
49000000000000   005      3354     8702188        13       16268      1346      3362
49000000000000   044      5125    14748049        31       52536      3963      5149
49000000000000   001         3       11670         0           0         0         3
49000000000000   087         4       15775         0           0         0         4
49000000000000   079      3306     8583714        26       35606      2840      3322
49000000000000   032       746     2414182        55       73156      3288       765
49000000000000   040      1609     4039962        93      107818      6760      1647
49000000000000   022       575     1749168        52       58452      5548       608
49000000000000   081        11       39990         0           0         0        11
49000000000000   061       395      835766       330      234232     30948       570
49000000000000   059      2168     7542418       347      290040     26757      2326
49000000000000   094         9       31516         0           0         0         9
49000000000000   018      3514    21410974      3995     5216980    245661      4994
49000000000000   016      6470    24059560      5471     2826561    286942      8199
49000000000000   021      1281     5007458       161      210374      7306      1323
49000000000000   090        56      157794         0           0         0        56
49000000000000   089      2283     7740880       150      125623      5778      2316
50000000000000   000     56957   277833580     44173    44482624   2389204     70457
50000000000000   023      2256    10335535       458      770712     48739      2531
50000000000000   029       864     4037251       346      806745     28935      1028
50000000000000   025      2145    13195891       396     1171505     35349      2344
50000000000000   062       564     2993179         0           0         0       564
50000000000000   162       308     1302423        30       45409      2628       322
50000000000000   005     10292    41983089       929     2666334     85040     10772
50000000000000   044      1345     6863874       122      260749     11531      1410
50000000000000   079      1695     7397441       401      850554     48327      1967
50000000000000   032      1318     6422646       421     1101186     40948      1549
50000000000000   040      3166    12690118       982     1960944     74844      3590
50000000000000   022       835     3609896        48      104213      6137       870
50000000000000   061       168      695220        52       73839      3458       188
50000000000000   059      2032     8944791      1073     1786222     95960      2575
50000000000000   018      8285    55440399     11234    13117201    659137     12009
50000000000000   016     16336    75225864     25675    16338184   1099539     22548
50000000000000   021       865     4235790       528     1056244     39089      1086
50000000000000   089      4483    22460173      1478     2372583    109543      5104
51000000000000   000     12582    49345590      3328     2503995    185442     13628
51000000000000   023       639     2897679         5        7537       420       641
51000000000000   029       141      740646       183      180667      9333       193
51000000000000   025       539     2697644        41       68302      3621       559
51000000000000   062       201      838525         0           0         0       201
51000000000000   162       101      433834         0           0         0       101
51000000000000   005      1047     3626758         4        6161       434      1049
51000000000000   044      1820     7009342       124      204157     16208      1912
51000000000000   079       795     2887687        45       78188      3830       817
51000000000000   032       774     3143093        94      151486      8338       821
51000000000000   040       875     2387009        37       67392      3393       894
51000000000000   022       275     1003768        12       15294       997       281
51000000000000   061       110      398557         6       11535       522       113
51000000000000   059       949     3641641        27       36650      3266       968
51000000000000   018      1051     6117689       703      711691     39838      1276
51000000000000   016      2029     6628462      2000      910443     91099      2544
51000000000000   021       258     1123890         2        2346       173       259
51000000000000   090        78      251453         0           0         0        78
51000000000000   089       900     3517913        45       52146      3970       921
