01000000000000   000     80086   328241691     27571    28845680   1666665     89632
01000000000000   023      2490    11109820        57       54490      3914      2512
01000000000000   029       518     2409256       125      208400     10323       577
01000000000000   025      3496    14845154        71      158748      6740      3534
01000000000000   062       866     3834116         0           0         0       866
01000000000000   162       775     2442940         0           0         0       775
01000000000000   005      5454    17624142        49       92218      5880      5487
01000000000000   044      4597    13594902       114      125254      9120      4649
01000000000000   087       564     2497584         1        1651        40       564
01000000000000   079      4293    14994464        87      173334      8726      4342
01000000000000   032      5678    21580553       494      605763     63795      6038
01000000000000   040     11309    44914507      1442     3858016    134725     12070
01000000000000   022       922     3591024       159      228186     22632      1050
01000000000000   061       429     1191030       188      155660     17914       530
01000000000000   059      2158     8468317       125      147022     10891      2220
01000000000000   018      9255    65640150      9020    10763434    466719     11950
01000000000000   016     21549    77950582     15082    11641960    851594     26435
01000000000000   021      2934    11030692       140      129926      6416      2969
01000000000000   090       728     1940452         9       15330       876       733
01000000000000   089      2071     8582006       408      486288     46360      2331
02000000000000   000     24558   127123285      5385     7081828    368364     26689
02000000000000   023      1084     5843406        32       61126      2964      1102
02000000000000   029       792     4005912        49       91172      3890       815
02000000000000   025      1416     8055996        53      109486      4250      1441
02000000000000   062       295     2223662         0           0         0       295
02000000000000   162       373     1683184        34       20764      1350       381
02000000000000   005      1897     9066770        68      133784      7548      1942
02000000000000   044      3065    16772964        42       69238      4038      3089
02000000000000   079      1796     7680706       125      205292     16701      1897
02000000000000   032       730     3919678        21       36912      1778       741
02000000000000   040       226     1227344        29       83098      3498       247
02000000000000   022       433     1858788         9       11718       517       436
02000000000000   061       101      459440         2        5710       230       102
02000000000000   059      2334    11888449       123      246549      9162      2387
02000000000000   012      2034     8830118       466      632263     33161      2236
02000000000000   112       667     2603958       702      583206     39460       905
02000000000000   018      1209     9791107      1061     1505752     77827      1649
02000000000000   016      2938    14061670      2451     3168287    155711      3818
02000000000000   021       267     1332308        50       20969      1735       277
02000000000000   089      2901    15817825        68       96502      4544      2929
03000000000000   000     57260   249945573     25630    27593041   1689314     66807
03000000000000   023      2982    11672444        40       90086      3486      3000
03000000000000   029       697     2793314       109      200615      6312       733
03000000000000   025      1926     8923712        56      162874      5571      1958
03000000000000   062      1181     6640521         0           0         0      1181
03000000000000   162       848     3831119        33       85735      3319       867
03000000000000   005      9681    36135249        39      140769      3643      9702
03000000000000   044      2653    11032087        39       88378      3505      2673
03000000000000   079      4561    14399720       117      305264     11396      4625
03000000000000   032      2671    10516718        51      142176      5707      2703
03000000000000   040       657     2596608        16       67655      1718       667
03000000000000   022      1558     4441636        52       65880      5400      1589
03000000000000   061       339      985318         4        7202       487       342
03000000000000   059      1783     7265204       660      807734     49806      2063
03000000000000   092         8       60988         0           0         0         8
03000000000000   018      6760    47103523      8266    10746488    573501     10000
03000000000000   016     13056    59763023     15684    14019171    980879     18597
03000000000000   021      2897     9518115       264      384330     22260      3024
03000000000000   089      3002    12266274       200      278684     12324      3075
04000000000000   000     57389   217816575     15012    14900726   1079946     63484
04000000000000   023      1969     6949359        12        8171       565      1971
04000000000000   029       743     3136783       144      185213     10394       801
04000000000000   025      1558     5306092       162      234067      7126      1598
04000000000000   062       552     2371453         0           0         0       552
04000000000000   162       657     2085263         5        4596       400       659
04000000000000   005      5191    15741379         0           0         0      5191
04000000000000   044      3416    12431203         0           0         0      3416
04000000000000   079      4091    12795548        58       71524      5101      4120
04000000000000   032      4380    14456078       129      174750      9615      4434
04000000000000   040      6410    23234740       492      947776     62366      6762
04000000000000   022      1296     4449400         8       11987       516      1299
04000000000000   061       734     2025522       240      141179     18952       841
04000000000000   059      1873     6539991       430      353362     28298      2032
04000000000000   018      6552    43871721      4870     7480256    446089      9072
04000000000000   016     14006    47935067      8278     5106028    478822     16711
04000000000000   021      1448     5163361        26       24940      1305      1455
04000000000000   089      2513     9323615       158      156877     10397      2570
05000000000000   000    339430  1948329221    151361   299485128  12603879    410653
05000000000000   023     22253    94931749      2779     4570854    301938     23959
05000000000000   029      3755    20388727       325      912756     32300      3948
05000000000000   025      6380    40121634       822     1727543     52360      6677
05000000000000   062      8214    64653348       436      670528     11665      8280
05000000000000   162      3608    12949820        69      114490      6354      3644
05000000000000   005     60421   355250469      1953     6884480    228141     61710
05000000000000   044     20301   127043620       941     3506379    134578     21061
05000000000000   079      3881    14789210       427      684677     25345      4025
05000000000000   032     12457    65989809      1458     4158016    135933     13225
05000000000000   040     29099   192769877     16854    81338717   2221998     41653
05000000000000   022     17954    78047540      2022     4632323    241430     19318
05000000000000   081       630     3029679        36       93152      3472       650
05000000000000   061      2389    10192960      1788     2939665    212162      3587
05000000000000   059     13007    66485706      2986     4882353    376513     15134
05000000000000   018     23860   188703032     27681    49135702   1908693     34644
05000000000000   016     86820   489172109     87970   127210088   6477974    123420
05000000000000   021      4047    18754700       636     1075949     55490      4360
05000000000000   089     20354   105055232      2178     4947456    177533     21358
06000000000000   000     53739   270484395     43136    77174346   3065924     71064
06000000000000   023      1896     9177065        82      222751      7813      1941
06000000000000   029       444     1899991       172      449634     22261       571
06000000000000   025      3766    19379689       609     1794857     66226      4140
06000000000000   062      1050     6211679         0           0         0      1050
06000000000000   162       448     1720682        54      158550      1670       457
06000000000000   005      7297    31100508        77      239285      8455      7345
06000000000000   044      3020    14229855       120      323825     12842      3093
06000000000000   079      1982     9210747       488     1212763     50542      2268
06000000000000   032      1209     6844752       151      479038     14866      1293
06000000000000   040      4427    17111916      1052     4227420    143883      5241
06000000000000   022      1045     5009503       293      767142     37719      1258
06000000000000   061       258     1225566       100       95129      4526       284
06000000000000   059      1606     8377298       383      798849     19812      1718
06000000000000   018      8475    63621460     12017    31102477   1096378     14667
06000000000000   016     14171    62044329     26536    33727529   1517180     22742
06000000000000   021       984     4885188       940     1410651     55381      1297
06000000000000   089      1661     8434167        62      164446      6370      1699
07000000000000   000     53451   301012831     25112    40524475   1616176     63199
07000000000000   023      2539    13614359       163      449617     18361      2643
07000000000000   029      1127     5730580       256      890977     28979      1290
07000000000000   025      4763    22951834       281      674526     10026      4820
07000000000000   062      1209     7211746         1        2608       120      1210
07000000000000   162       648     3481821        50       48343      1718       658
07000000000000   005      7153    35851008       141      440709     11761      7220
07000000000000   044      2949    16741661         2        7973       261      2950
07000000000000   001       139      828691         0           0         0       139
07000000000000   079      5460    29880050       393     1617440     58220      5789
07000000000000   032      3906    21722053       765     2625028     65618      4284
07000000000000   040      5375    32047858      2146     8001133    243548      6756
07000000000000   022       656     3916504         7       24139      1187       663
07000000000000   081        49      322609         6       15668       713        53
07000000000000   061       164      785268        24       30343      1382       172
07000000000000   059       695     3597762        88      205134      7846       740
07000000000000   018      4099    32065569      9152    14876523    516355      7263
07000000000000   016      7820    43426659     10396     8853713    576663     11433
07000000000000   021      2151    12410162       906     1067809     43486      2397
07000000000000   089      2549    14426637       335      692792     29932      2719
08000000000000   000     22951    94392330      8243    10854264    509570     26022
08000000000000   023       771     2582970        25       28674      1465       780
08000000000000   029       377     1550095        93      295558     10109       438
08000000000000   025      1689     7429896        44       84254      4286      1715
08000000000000   062       692     4596085         0           0         0       692
08000000000000   162       299     1115099        11       24881      1258       307
08000000000000   005      2844    10490193        47       66544      5199      2876
08000000000000   044      1553     4901873         4        6987       447      1556
08000000000000   087       273     1082580         0           0         0       273
08000000000000   079      1503     5038844        76      132720      7950      1552
08000000000000   032      1951     7029607       141      270092     14142      2037
08000000000000   040      1664     5501133        90      124210      8023      1712
08000000000000   022       335     1068016        21       35052      1784       346
08000000000000   081       162      562387        17       24146      1877       173
08000000000000   061       307      738961        27       19632      1472       316
08000000000000   059       467     1764989        58       80877      5569       500
08000000000000   094       819     3462335         3        7931       434       821
08000000000000   018      1455    10954715      3295     5986492    206646      2699
08000000000000   016      3951    16797746      4065     3486052    228801      5330
08000000000000   021       327     1785339        25       36615      1720       338
08000000000000   089      1512     5939467       201      143547      8388      1561
10000000000000   000    170261   657428592     43649    48417327   2508476    184465
10000000000000   023      6416    21175210       176      233407     14693      6499
10000000000000   029      2270    10154999       188      257766     16456      2362
10000000000000   025     19532    77427689       902     1403110     77100     19970
10000000000000   062      2196     9305017       411      659161     18057      2298
10000000000000   162      2030     6957549       120      108010      7816      2074
10000000000000   005     30592    93145808       363      528034     21179     30712
10000000000000   044      7616    31016495        77       66440      5657      7648
10000000000000   079      9897    29615921       342      339300     25757     10043
10000000000000   032     20009    64538875      1003     1695035     96022     20552
10000000000000   040      3813    11531197        86      148032      6817      3852
10000000000000   022      2488     8271371        10       19456      1014      2494
10000000000000   061      1261     3065683       296      242302     18468      1365
10000000000000   059      8906    29061688      2498     2426008    152530      9767
10000000000000   094       636     2693468        50       82081      6196       671
10000000000000   018     15853   123104706     16072    20885020    776168     20243
10000000000000   016     27025   103455517     20272    18563395   1212760     33902
10000000000000   021      3002     9950904       290      240832     16040      3092
10000000000000   089      6719    22956495       493      519938     35746      6921
11000000000000   000    109674   416167424     44393    44277691   2562593    124159
11000000000000   023      3350    13674018       175      207462     11622      3416
11000000000000   029       964     3739644       250      234384     20530      1080
11000000000000   025      3578    15423675       107      268583      9459      3631
11000000000000   062      1086     4464548         1        1408       176      1087
11000000000000   162       935     3209804        34       48798      3310       954
11000000000000   005     18995    47019486       577      865138     42456     19234
11000000000000   044      5580    16781086        45       24398       754      5585
11000000000000   001        41      174332         9       10018       578        44
11000000000000   087       936     5523326         0           0         0       936
11000000000000   079      8473    25242584       116      157303      4884      8500
11000000000000   032      4134    14659496       421      946906     68054      4519
11000000000000   040      6903    16460188      1048     1771990     83482      7376
11000000000000   022      2235     6482972       208      262992     19318      2344
11000000000000   061      1244     3399034       633      442860     49322      1523
11000000000000   059      3619    11372487      1308     1453412    104838      4211
11000000000000   018     13787    86798759     15561    19492159    822179     18434
11000000000000   016     28201   119369953     22774    16626794   1236476     35189
11000000000000   021      2750    11461840       768     1101177     61453      3097
11000000000000   089      2863    10910192       358      361909     23702      2999
12000000000000   000     53439   210691614     20195    18515592    828576     58121
12000000000000   023       703     2434072         3        6748       276       705
12000000000000   029       710     2617690       174      371526     10831       771
12000000000000   025      2439    10132030        47       89302      2650      2454
12000000000000   005      2372     9475188        12       38582       886      2377
12000000000000   044       849     3476430        11       10500       858       854
12000000000000   001       940     3539678        11       14986       836       945
12000000000000   087       203      783130         0           0         0       203
12000000000000   079       475     1778610        32       22224      2440       489
12000000000000   032      2051     8818956        54      169672      4728      2078
12000000000000   040      4073    18252306       573     1327842     39575      4297
12000000000000   022       317     1201288        28       56736      2236       330
12000000000000   061       141      474644       508       97192      6076       175
12000000000000   059      1002     4417460       279      288708     16342      1094
12000000000000   012     17762    69880690      8915     8081270    334390     19651
12000000000000   112      7337    15285854      2793     1167436     72734      7748
12000000000000   018      3545    23770588      1342     2863532     97494      4096
12000000000000   016      4361    18572356      5134     3704230    218578      5596
12000000000000   021       119      465158         2        4516       160       120
12000000000000   052       488     1475844       210      127948     11938       555
12000000000000   089      3552    13839642        67       72642      5548      3583
13000000000000   000     18313    78377334     10220    10539244    632841     21940
13000000000000   023      1157     5185541       187      334742     22387      1291
13000000000000   029       124      706994       198      496950     17565       229
13000000000000   025       487     3650354        14       34878      1262       495
13000000000000   062       256     1147009         0           0         0       256
13000000000000   162       171      513524        20       24890      1946       182
13000000000000   005      1927     7871376        23       38590      2270      1940
13000000000000   044      1542     4985638       121      194124     16822      1637
13000000000000   079      1576     5149460       146      193712     13441      1655
13000000000000   032      1022     4200809       122      212930      8625      1071
13000000000000   040       649     1997347       128      147395     12007       717
13000000000000   022       568     2796912       238      391659     16348       666
13000000000000   061       176      670540        78       87554      5994       212
13000000000000   059      1491     6995486       766     1089794     57030      1830
13000000000000   018      2182    12456650      2192     3117715    125449      2891
13000000000000   016      3706    13950050      5629     3706271    306371      5437
13000000000000   021       351     1750824       144      246009     10890       417
13000000000000   090       166      608774       145      145414     10354       228
13000000000000   089       762     3740046        69       76617      4080       786
14000000000000   000    105848   563580096     52739    83154278   4416061    131352
14000000000000   023      4940    23014037       307      556271     33080      5141
14000000000000   029      2136    12830826        45       85747      3424      2156
14000000000000   025      2603    22084557        72      209556      5171      2634
14000000000000   062      2198    16334054         0           0         0      2198
14000000000000   162      1475     8079548        14       49264      1134      1481
14000000000000   005     11126    60983718         4       21138       366     11128
14000000000000   044      5974    33219039      1246     4753887    140148      6818
14000000000000   087        60      363456         0           0         0        60
14000000000000   079      9293    48640482        34       91444      3084      9311
14000000000000   032      2467    14019262         8       23194       603      2471
14000000000000   040     10791    53727474       782     1776117     58971     11127
14000000000000   022      2088    11423746       364     1459962     35796      2304
14000000000000   061       454     2107904        27       84084      3844       477
14000000000000   059      2432    11440731      1466     2902572    188962      3501
14000000000000   018     13107    87472657     17915    34198868   1456225     21552
14000000000000   016     26394   114335115     30159    36187306   2454623     40502
14000000000000   021      2044    10188590        14       50940      1438      2052
14000000000000   089      6266    33314900       282      703928     29192      6439
15000000000000   000     76219   306638453     40353    32495003   2337104     89549
15000000000000   023      2130     8721362        23       26959      1452      2137
15000000000000   029       547     2439663       256      553277     21452       677
15000000000000   025      1389     9194519        50       33907      1719      1399
15000000000000   062      1282     5877794         0           0         0      1282
15000000000000   162       673     2158118         5        4390       338       675
15000000000000   005      6795    20641784         4        2244       164      6796
15000000000000   044      3985    12801098        86       56525      3710      4007
15000000000000   087        28      157765         0           0         0        28
15000000000000   079      4693    15334867        37       20932      1731      4704
15000000000000   032      1769     6875945        11       10863       411      1771
15000000000000   040      2445     7672826        34       20362      1192      2451
15000000000000   022      1201     3723899       268      134705     12066      1274
15000000000000   061       122      405133        55       44406      5345       154
15000000000000   059      2003     7691872       511      484632     51958      2309
15000000000000   018     18393   100524718     12853    17585708    882308     23389
15000000000000   016     25573    90730200     25928    13399307   1344777     33256
15000000000000   021      1069     4015613       129       66234      5252      1101
15000000000000   089      2122     7671277       103       50552      3229      2139
16000000000000   000     41986   223605894     24645    31574559   1653060     51328
16000000000000   023      1124     5111703        50      110692      5954      1158
16000000000000   029       350     1865275       277      579765     20675       467
16000000000000   025      2059    10133385       142      311613     22860      2188
16000000000000   062       653     4514089         0           0         0       653
16000000000000   162       340     1778455        26       24340      1452       348
16000000000000   005      3165    13857277       101      226139      8599      3214
16000000000000   044      2405    10676003         0           0         0      2405
16000000000000   079      3028    13051920        56      123091      6213      3063
16000000000000   032       449     2341588        42       65182      3031       466
16000000000000   040      6321    36430174      3157     5496872    279428      7901
16000000000000   022       723     3384832         3        7709       392       725
16000000000000   061        78      336017         0           0         0        78
16000000000000   059      1547     7830136       197      219101     17674      1647
16000000000000   018      3705    33851239      6901    16663673    610472      7154
16000000000000   016     12079    59396593     13357     7145648    644478     15720
16000000000000   021      1134     5570253       112      224348     10110      1191
16000000000000   089      2826    13476955       224      376386     21722      2950
17000000000000   000     38820   162197139     15907    15588523    886179     43824
17000000000000   023      1896     7003745       211      341049     13760      1972
17000000000000   029       503     1654418       198      584781     23993       639
17000000000000   025      2045     8710112       101      131880      6631      2082
17000000000000   062       360     1757263        21       38566      2110       372
17000000000000   162       720     2924277        41       55979      3102       738
17000000000000   005      3397    10328487        20       22904      1431      3406
17000000000000   044      3161    11401298       139      177211     11364      3225
17000000000000   079      2211     7032819        55       61817      5336      2240
17000000000000   032      1175     4749961        38       62846      2282      1188
17000000000000   040      3001     9441147       401      260508     12208      3071
17000000000000   022        96      329651         1         199        33        96
17000000000000   061       621     1705258         9        1951       102       622
17000000000000   059       768     3056168       108       91290      7114       808
17000000000000   018      4660    36280809      5155     8129653    357847      6682
17000000000000   016     10468    41405207      9089     5226222    424551     12867
17000000000000   021       635     2562678        60       77446      2263       648
17000000000000   089      3103    11853841       260      324221     12052      3168
18000000000000   000     70296   276941347     27831    32739848   1771384     80714
18000000000000   023      2283     8845212         6       14010       428      2286
18000000000000   029       647     3242956       186      649878     28739       820
18000000000000   025      4740    17239036       588     1308252     82149      5235
18000000000000   062      1034     4087589         0           0         0      1034
18000000000000   162      1237     4904918         0           0         0      1237
18000000000000   005      4138    11222037         0           0         0      4138
18000000000000   044      4534    14905641         1         900        70      4534
18000000000000   079      5745    18076564         0           0         0      5745
18000000000000   032      2846    10894782        93      225813     11358      2910
18000000000000   040      4802    19894990       676     1113956     35218      5001
18000000000000   022       980     3067857         0           0         0       980
18000000000000   061      1102     2861970       104      112765     12169      1175
18000000000000   059      2932     9178616        84      126363      6825      2970
18000000000000   018      9154    64157075      7907    13280821    520510     12233
18000000000000   016     18739    64340837     17968    15722729   1064197     24975
18000000000000   021      1938     7999884       206      166306      9038      1993
18000000000000   089      3445    12021383        12       18055       683      3448
19000000000000   000     80953   346664346     23372    21415249   1374083     88720
19000000000000   023      2362     9678685       126      158887     11321      2425
19000000000000   029      2201    10176930       690      665300     38246      2425
19000000000000   025      1637     7196311        36       30997      2264      1650
19000000000000   062      1032     5684443         0           0         0      1032
19000000000000   162       655     3376757        45       90271      4364       679
19000000000000   005      6965    27054358        59       85285      7280      7006
19000000000000   044      4763    18857596        51       64194      4158      4786
19000000000000   087       255     1261098         3       12822       334       257
19000000000000   079      5821    21288363        87      109113      6198      5855
19000000000000   032      3810    17078044       110      208136     10882      3873
19000000000000   040     13834    54268817      1899     2498163    147333     14667
19000000000000   022       750     2932080        56       84165      5781       783
19000000000000   061       889     2492173       193      214216     20849      1006
19000000000000   059      4088    17239677       841      847667     63601      4445
19000000000000   012      1371     5541932       304      155365     10904      1433
19000000000000   112       215     1010244        74      136139      8185       261
19000000000000   018      8243    56880422      5717     8508457    395297     10478
19000000000000   016     15993    58500988     12097     6414247    583085     19286
19000000000000   021      3271    14192686       796      955311     43238      3514
19000000000000   089      2798    11952742       188      176514     10763      2859
20000000000000   000     17731    72039664     10346    12642901    601424     21130
20000000000000   023       869     3459199       566      927534     38046      1083
20000000000000   029       280     1373043       252      717284     25938       428
20000000000000   025       613     2829290       140      277756      9748       668
20000000000000   062       320     1726690         0           0         0       320
20000000000000   162       266      976600         2        4773       230       267
20000000000000   005       888     3745404       365     1267322     51065      1176
20000000000000   044      2158     7750602        86      108758      5943      2191
20000000000000   087        63      230581        22       37011      2641        78
20000000000000   079      2979    10088027        79      178694      7930      3024
20000000000000   032       958     3811001       192      381142     12938      1032
20000000000000   040       348     1589023       204      446581     20032       461
20000000000000   022       275     1039523       176      284984     11137       338
20000000000000   061       100      368897        69      102787      3955       123
20000000000000   059       841     3632818       353      639758     22038       966
20000000000000   012        14       32207        15       13410      1904        25
20000000000000   112         4        4765        34       18726      2128        16
20000000000000   018      1718    10040273      2381     3190957    124191      2419
20000000000000   016      3653    13468667      4837     2813131    216817      4879
20000000000000   021       154      668486        99      156957      6160       189
20000000000000   090         1        4443         0           0         0         1
20000000000000   089      1229     5200125       474     1075336     38583      1446
21000000000000   000     80260   373226119     13670    37729374   1426996     88318
21000000000000   023      3445    15077856       115      274778     13130      3519
21000000000000   029      1446     7498415       311      593696     18084      1549
21000000000000   025      4783    25883131       438     1044798     61021      5127
21000000000000   062      1516     8560619         0           0         0      1516
21000000000000   162       834     3531454        42      102100      5422       864
21000000000000   005     12347    50531076       318      696109     44116     12597
21000000000000   044      4710    20525580         2        5141        97      4710
21000000000000   001       488     2328382         1        1408        20       488
21000000000000   087       281     1504493         1         906        29       281
21000000000000   079      6474    25423365       121      313330     18206      6578
21000000000000   032      5882    25443040       767     1591184     92430      6404
21000000000000   040      3991    16555470       621     1093831     57044      4313
21000000000000   022       954     4169876       169      417078     26240      1102
21000000000000   061       342     1434659       141      207804     12416       412
21000000000000   059      1877     9385930       314      727308     37725      2090
21000000000000   094       744     3761232         1        1809        42       744
21000000000000   018      6909    51943152      4475    22876489    604523     10324
21000000000000   016     14937    63004556      4825     5564171    325977     16778
21000000000000   021      1861     8572551       285      724631     33128      2048
21000000000000   089      6439    28091282       723     1492803     77346      6874
22000000000000   000     84163   418537743     32241    48086147   1872842     95354
22000000000000   023      3773    18979220       319     1071267     21295      3901
22000000000000   029      1608     6288382       278     1268487     25630      1755
22000000000000   025      9061    45946422       486     1524569     40824      9307
22000000000000   062      5550    31210841        79      195150      6440      5588
22000000000000   162       676     2688739         6       16321       372       678
22000000000000   005      6162    30615079        49      149624      2894      6179
22000000000000   044      3460    17786974       124      458980     15819      3550
22000000000000   001      1002     6766901         0           0         0      1002
22000000000000   087       160     1074334         0           0         0       160
22000000000000   079      6809    33092888       520     1608017     32371      7004
22000000000000   032      6713    27626936       885     2600571     85877      7231
22000000000000   040      6101    25368372       823     2373867     77920      6545
22000000000000   022      1569     7202479        44      187725      3077      1588
22000000000000   080       823     5215249        36      190890      2746       839
22000000000000   061       557     2683287        75       94249      4650       584
22000000000000   059      1178     6410592       152      392414     13336      1259
22000000000000   091       479     2875122        15       86272      1418       488
22000000000000   012        62      322870         8       10654       420        65
22000000000000   112        31      142030        16        8582       506        34
22000000000000   018      6264    39401213     11721    20335562    675085     10320
22000000000000   016     15915    72223817     16150    13977501    831694     20886
22000000000000   021      1053     5777910        98      306297      5260      1085
22000000000000   089      5157    28838086       357     1229148     25208      5306
23000000000000   000    119258   621119387     67632    83632045   4661430    145606
23000000000000   023      3863    20414247       313     1032043     42838      4105
23000000000000   029      1655     7769873        10       29372       654      1659
23000000000000   025      1405     9719994        44      140527      4778      1432
23000000000000   062      1744     8796658         0           0         0      1744
23000000000000   162       845     2770126        47       70000      3050       862
23000000000000   005     15000    81706838       176      773055     23507     15133
23000000000000   044      2713    13182539       309      773760     35858      2916
23000000000000   079      9994    45116427       827     3288899    141703     10795
23000000000000   032      1732     9050489       190      436596     17366      1830
23000000000000   040     13716    65116961      6131    21693305    892014     18756
23000000000000   022      1039     5083174        44      102862      5103      1068
23000000000000   061       219     1030031       108      352785     12496       290
23000000000000   059      3431    16397727      1075     1620772     93497      3959
23000000000000   018     18376   140793743     10072    16597385    667207     22157
23000000000000   016     37206   163349131     47640    35199260   2643919     52142
23000000000000   021       442     2349927       135      500652     20003       555
23000000000000   089      5878    28471502       511     1020772     57437      6203
24000000000000   000     66665   355864431     31772    48293400   2347935     79941
24000000000000   023      2776    13812893       101      250689     15238      2864
24000000000000   029       939     4320483       179      407094     20097      1054
24000000000000   025      3005    16113697       445     1628007     62752      3359
24000000000000   062       549     3101659         0           0         0       549
24000000000000   162       426     1612864        44       96829      4508       451
24000000000000   005      4103    17732956       132      371567     17949      4204
24000000000000   044      4664    21960385       184      387846     17440      4763
24000000000000   079      1682     7985123      1323     3106632    221911      2936
24000000000000   032      2349    12022660       254      710732     28297      2509
24000000000000   040      3552    17521977      1362     3777757    236110      4886
24000000000000   022      1252     5524566       116      295906     13140      1327
24000000000000   080       639     3710272        13       32991      1065       645
24000000000000   061       528     2448624       156      200640     11338       593
24000000000000   059      2696    13181269       615     1177348     70711      3096
24000000000000   094      2272    10035698       362      827826     37628      2485
24000000000000   018     11203    72152928     11108    17845362    634939     14791
24000000000000   016     17295    96163806     13942    14473141    839079     22039
24000000000000   021      3415    19743655      1250     2291749     96755      3962
24000000000000   089      3320    16718916       186      411284     18978      3428
25000000000000   000     51483   182080950     12743    13873696    950735     56858
25000000000000   023      1309     4737010        43       69416      4703      1336
25000000000000   029       479     1832482        83       90029      4787       507
25000000000000   025       720     4202302         7       10263       245       721
25000000000000   062       710     2737712         0           0         0       710
25000000000000   162       485     1155566         0           0         0       485
25000000000000   005      3328     8873760        16       33546      2177      3340
25000000000000   044      3402     9793718        15       38566      2469      3416
25000000000000   087        44      206105         0           0         0        44
25000000000000   079      2991     9669218         0           0         0      2991
25000000000000   032      3053    10255363        72      215128      8665      3101
25000000000000   040     11433    33837603       410      869949     40322     11661
25000000000000   022       764     2491084       393      945069     66259      1138
25000000000000   061       351      852979        73       57122      6544       389
25000000000000   059      2879     8786712       671      634354     47961      3150
25000000000000   091        45      121435         7        9608       818        50
25000000000000   018      5772    32559481      1456     2370845    108350      6385
25000000000000   016      9126    35043293      8930     7701720    583362     12422
25000000000000   021      1586     5038265        30       47829      2725      1602
25000000000000   090       109      290788         0           0         0       109
25000000000000   089      2897     9596074       537      780252     71348      3301
26000000000000   000     79202   278652161     25061    23806653   1700374     88818
26000000000000   023      3018    10637012       160      214752     17473      3115
26000000000000   029       748     2575030       293      676236     31752       930
26000000000000   025      3853    14410256       375      344924     29858      4021
26000000000000   062      1222     6066590         0           0         0      1222
26000000000000   162      1146     3566080       132      140348     11880      1213
26000000000000   005     12414    32346516       164      141394     10844     12475
26000000000000   044      6016    21226998       348      293428     18100      6118
26000000000000   079      7481    19378596       376      343956     21810      7604
26000000000000   032      2991     8985819       178      301354     19025      3099
26000000000000   040     10491    32076109      1148     1755811    101968     11067
26000000000000   022       560     1635479        96      133082     10328       618
26000000000000   061       479     1417042       186       86594      8520       527
26000000000000   059      2208     7425795       511      518099     51655      2500
26000000000000   018      8047    49296097      7357     9315378    478307     10750
26000000000000   016     13455    50541609     12460     7324025    754226     17725
26000000000000   021      1083     3664528      1038     1934372    116840      1743
26000000000000   089      3990    13402605       239      282900     17788      4091
27000000000000   000     17112    68714247      9107     9259408    577573     20375
27000000000000   023       946     3509676        69      112413      7186       987
27000000000000   029       369     1715069        99      117199      7267       409
27000000000000   025       640     2819532        76      145039      7380       682
27000000000000   062       231      465755         0           0         0       231
27000000000000   162       249      863053        16       26869      1548       258
27000000000000   005      1323     5306894        29       62191      2546      1337
27000000000000   044      2031     8797499       161      229503     12753      2103
27000000000000   079      1537     5395567       238      303359     18945      1644
27000000000000   032       855     3338972       153      286907     14050       935
27000000000000   040       508     1751810       210      265016     18097       610
27000000000000   022       746     2999124        43      106403      5821       779
27000000000000   061        81      288227        32       32238      2026        92
27000000000000   059      1349     5358168       308      488011     29686      1517
27000000000000   018      1341     7941366      1886     2972242    132259      2089
27000000000000   016      3456    12080957      5523     3672918    293305      5112
27000000000000   021       316     1305708       139      204828     12289       385
27000000000000   090        26       95616         2        2865       224        27
27000000000000   089      1108     4681254       123      231407     12191      1178
28000000000000   000     27084   108674826     10633    11904360    969448     32560
28000000000000   023       737     2636767        12       23230      1270       744
28000000000000   029       280     1264416       103      100945      6180       315
28000000000000   025       730     3525616        64       63726      4215       753
28000000000000   062       476     2462207         0           0         0       476
28000000000000   162       290      954993        17       22501      2074       301
28000000000000   005      2862     9243145       112      113568      7700      2906
28000000000000   044      2137     7917605         8       18841       801      2142
28000000000000   001        26      111293         0           0         0        26
28000000000000   079      2381     7049019       261      379426     23768      2516
28000000000000   032       639     2792437        19       32865      2095       650
28000000000000   040      3288    12341643       792     1823883    117081      3949
28000000000000   022       283     1064091         5        5734       395       285
28000000000000   061       208      696227       161      128773     13541       285
28000000000000   059      1519     5646316       751     1574713    110738      2143
28000000000000   018      2771    18927687      1130     2219677    102923      3353
28000000000000   016      5987    22573078      6994     5210122    565239      9180
28000000000000   021       624     2346130        33       41556      2430       638
28000000000000   089      1846     7122156       171      144800      8998      1898
29000000000000   000     25344   123949243      9761    11826961    531415     28345
29000000000000   023      1405     5542012        20       33416       963      1411
29000000000000   029       892     4565119       116      166903      7286       933
29000000000000   025       731     4723914        17       33955       574       734
29000000000000   062       449     2633150         0           0         0       449
29000000000000   162       392     1751197         0           0         0       392
29000000000000   005      3657    16630009        50      134635      2214      3670
29000000000000   044      1805     8127195         3        4749       361      1807
29000000000000   079      1677     6184140        14       21680       774      1682
29000000000000   032      1485     6604603        36       90097      2776      1501
29000000000000   040      1406     6684841        79      238120      4889      1434
29000000000000   022       717     2695510         2        1703        84       717
29000000000000   061       130      504476        55       79787      4000       153
29000000000000   059       926     4333742       119      181864      9404       979
29000000000000   091        18      108563         0           0         0        18
29000000000000   092        18      108563         0           0         0        18
29000000000000   018      2087    17543423      3268     3658044    118915      2758
29000000000000   016      5249    24279550      5918     7074837    375498      7370
29000000000000   021       133      665175         2        3905        89       134
29000000000000   089      2167    10264061        62      103266      3588      2185
30000000000000   000     15712    72018984     10399    12207424    619612     19470
30000000000000   023       777     3525606        38       49364      3280       797
30000000000000   029       333     1478416       105      134597      8946       386
30000000000000   025       956     4064835         7       13800       769       961
30000000000000   062       329     1913078         0           0         0       329
30000000000000   162       164      637692        18       29592      1982       176
30000000000000   005      1152     4887325        43       74393      4262      1178
30000000000000   044      1674     6522575       271      342738     35209      1886
30000000000000   001        27      108468        20       37676      2524        41
30000000000000   087         8       41074         7        6589       534        11
30000000000000   079      1454     5630952        99      179425      7745      1500
30000000000000   032       865     3983733        58       82328      5338       896
30000000000000   040       717     2871153        73      133117      1944       729
30000000000000   022       355     1380646        93      158381      7618       401
30000000000000   061        77      295255       237      167006     18828       190
30000000000000   059       356     1674959        79       73006      5335       388
30000000000000   091        26      137338         3        7718       263        28
30000000000000   018      1471    10794324      2685     5307126    152423      2403
30000000000000   016      2634    12101083      5702     4571487    295701      4430
30000000000000   021       312     1331378        22       35523      2057       324
30000000000000   090       300     1181643       482      416794     39675       539
30000000000000   089      1725     7457451       357      386764     25179      1877
31000000000000   000    137558   793355353     39435    51147705   2290284    152003
31000000000000   023      5512    26155147       454      784201     49078      5829
31000000000000   029       948     5460016        19       28515      1756       959
31000000000000   025     13513    77740952       175      277982     13533     13601
31000000000000   062      2992    24091597         0           0         0      2992
31000000000000   162      1341     5986005        21       79237      1900      1353
31000000000000   005      9475    54804915        14       32043      1078      9482
31000000000000   044      6075    34433343       550      661687     35633      6277
31000000000000   087        80      463769         2        5784       350        82
31000000000000   079      8880    43805963       208      385606     17439      8992
31000000000000   032      4269    23975780       688     2007679     31924      4475
31000000000000   040     16643    72549784      2474     4832312    285708     18486
31000000000000   022      1704     7782597       301      766799     40501      1965
31000000000000   081       559     3634436         1         979       124       560
31000000000000   061      1441     6774622      2336     1303075     99424      2008
31000000000000   059      1887    10672691       310      458889     21842      2022
31000000000000   091       120      603218         0           0         0       120
31000000000000   094     10014    59858350       827     1648277     84161     10489
31000000000000   012     11506    84238619      1781     2640415    137514     12438
31000000000000   112      5015    19527479      2691     3400871    202748      6382
31000000000000   018      7549    80302921      8376    16809793    364290      9835
31000000000000   016     18789    98258541     17450    13973543    838073     24003
31000000000000   021      2612    14507693       500      606612     46743      2914
31000000000000   089      6634    37726915       257      443406     16465      6739
32000000000000   000     42398   168649318     14132    15495628   1012603     48160
32000000000000   023      1221     5138970         5        6315       443      1224
32000000000000   029       196      997762        16       37934      1454       204
32000000000000   025      3173    13552417       141      225374     12679      3245
32000000000000   062       575     3014782         0           0         0       575
32000000000000   162       159     1375507         0           0         0       159
32000000000000   005      4009    13688894        34       80047      4246      4033
32000000000000   044      2276     8281706         0           0         0      2276
32000000000000   001         5       21562         0           0         0         5
32000000000000   079      1820     6245612         6        7353       480      1823
32000000000000   032      2531    10073399        74      220588     11863      2598
32000000000000   040      6821    27715864       976     2332649    125201      7567
32000000000000   022       681     2371061         5       11010       589       684
32000000000000   061       713     2384345        23       45662      2790       729
32000000000000   059      1081     4616809        33       58015      3103      1099
32000000000000   018      3452    15923960      3844     5360605    205052      4610
32000000000000   016     10846    41773973      8917     7049117    640245     14463
32000000000000   021      1015     4103019        50       47686      3783      1037
32000000000000   089      1824     7369676         8       13273       675      1829
33000000000000   000    233660  1281447971     54048    78668491   2997045    251150
33000000000000   023     12622    62113691       153      337770     11634     12689
33000000000000   029      4479    19286824       535      669184     39934      4706
33000000000000   025     21177   134418918       714     2523779     85144     21661
33000000000000   062      4790    41640994         0           0         0      4790
33000000000000   162      1590     6982212       151      213725     19344      1699
33000000000000   005     31585   165504328       451     1360366     45113     31840
33000000000000   044     11716    58032751       959     1050427     72961     12130
33000000000000   001       185      760956         0           0         0       185
33000000000000   087       699     4005983        24       48292      1995       711
33000000000000   079      4598    22075672       427     1058326     52213      4892
33000000000000   032      9314    52694208       409     1394297     43276      9563
33000000000000   040     41026   201364312      4896    15274021    513706     43935
33000000000000   022      8541    43525416        84      268216     11046      8603
33000000000000   061      1860     8845313       981     1627527     86616      2349
33000000000000   059      3320    17458061        73      126295      4724      3346
33000000000000   092      1675    13116271        51      148351      5134      1704
33000000000000   094     16040   110123717       262      480779     31023     16214
33000000000000   018     14882   107467180     20173    27543129    752597     19339
33000000000000   016     26772   118172396     23044    22474926   1161610     33658
33000000000000   021      4283    21566151       155      344360     14185      4363
33000000000000   089     12506    72292617       506     1724721     44790     12773
34000000000000   000    132097   513334278     41925    43607856   2533459    146409
34000000000000   023      3741    15788905        21       43098      1520      3750
34000000000000   029       748     4049500       417      817382     39562       972
34000000000000   025      7037    31739468       189      387475      7669      7080
34000000000000   062      2468    14437060         8       17162      1000      2474
34000000000000   162       988     3831201        14       32641      1370       996
34000000000000   005     21169    64806799        49       79362       946     21175
34000000000000   044     10900    36303776        50       44248      1938     10911
34000000000000   087       250     1025717         0           0         0       250
34000000000000   079      1197     4243592        36       68639      2500      1211
34000000000000   032      2634    10296396       161      332693     15544      2722
34000000000000   040     18937    73998351      1741     4407185     94281     19469
34000000000000   022      2480     9307586        22       44363      1158      2487
34000000000000   081       382     1683361         0           0         0       382
34000000000000   061      1850     5313879       272      299054     30166      2020
34000000000000   059      4413    15946420       272      347410     34171      4605
34000000000000   018     14441    90049400     13502    16141659    547318     17533
34000000000000   016     31874   103512763     24838    19971460   1719744     41589
34000000000000   021      2249     8994070        61      124138      1466      2258
34000000000000   089      4339    18006034       272      449887     33106      4525
35000000000000   000     15537    63754669      9121     7230277    461268     18139
35000000000000   023       640     2349450        38       42342      2441       654
35000000000000   029       204      777346       152      118773      3787       225
35000000000000   025       555     2568574        53       29621      1464       563
35000000000000   062       138      712760         3        2720       187       139
35000000000000   162        51      153163         0           0         0        51
35000000000000   005       724     2453248        74      149192      5715       756
35000000000000   044      1009     4107279         8       10716       525      1012
35000000000000   079       505     1550054        58       66380      4604       531
35000000000000   032      1248     4378363       273      270046     21271      1368
35000000000000   040       877     2472979       146      198756      7751       921
35000000000000   022       353     1274813       123      123515      6687       391
35000000000000   061       168      466749        17       21397      1443       177
35000000000000   059       609     2423963       597      360621     32598       793
35000000000000   018      2093    13879154      2540     3268096    133584      2846
35000000000000   016      4712    17394966      4857     2374050    228584      6003
35000000000000   021       269      959935        32       59560      2719       284
35000000000000   089      1382     5831873       150      134492      7908      1425
36000000000000   000    115342   576137366     72336    75764331   4343104    139907
36000000000000   023      7057    36283083       387      677793     37078      7266
36000000000000   029       904     4245735       122       87719      7273       946
36000000000000   025      2698    15816028       577     1373337     39444      2921
36000000000000   062      1404     7936211         0           0         0      1404
36000000000000   162      1149     4660948        10       27513      1457      1157
36000000000000   005     15426    66531316        71      159780      7786     15470
36000000000000   044      6734    30422117       304      538046     30341      6905
36000000000000   079      2493    14206981       302      557602     43952      2741
36000000000000   032      3355    18265921       223      492584     21464      3476
36000000000000   040     13948    66176202      2912     5750353    214445     15159
36000000000000   022      1912     8684457       360      964160     49169      2190
36000000000000   061       426     1815531       835      410341     27894       584
36000000000000   059      2654    11198066       303      303197     21244      2775
36000000000000   018     15858   117146111     19979    27173685   1057722     21852
36000000000000   016     32331   136676245     45115    36240624   2737318     47805
36000000000000   021      2222    11056543       291      497144     20324      2336
36000000000000   089      4771    25015871       545      510453     26193      4920
37000000000000   000     61922   239274416     26828    26199155   1516141     70501
37000000000000   023      1585     5979196        27       31435      1655      1594
37000000000000   029       743     2816571       120      191928     13343       820
37000000000000   025      2862    12637581       121      168055      8875      2911
37000000000000   062      1029     5159215         3        1508        48      1029
37000000000000   162       916     3146215        67       74350      5554       947
37000000000000   005      5328    16913818        49      107663      4069      5351
37000000000000   044      3002    10114302         0           0         0      3002
37000000000000   001        11       51124         1        1520       152        12
37000000000000   079      6865    20390453        30       53626      3075      6882
37000000000000   032      5552    20094690       345      699809     32159      5734
37000000000000   040      2558     7879210        77      137420      9387      2612
37000000000000   022      1397     4829118       103      161844     10364      1455
37000000000000   081        92      355518        16       16060      1271        99
37000000000000   061       653     1696727       250      237537     23514       785
37000000000000   059      1715     5982771       821      694851     42272      1954
37000000000000   092       542     2947552         7       16144       838       546
37000000000000   018      6451    42303909      7075     9799471    361651      8498
37000000000000   016     16261    59687376     17569    13608726    985533     21841
37000000000000   021      1949     7282686        62       62590      4093      1973
37000000000000   089      2411     9006384        85      134618      8288      2456
38000000000000   000     58139   258833632     24918    30799111   1276363     65348
38000000000000   023      4024    16334483       258      438159     28749      4187
38000000000000   029       920     4204195       214      448956     18939      1026
38000000000000   025      3046    13536209       225      653628     26463      3195
38000000000000   062       736     4163968         0           0         0       736
38000000000000   162       631     2575756       143      154557      6636       668
38000000000000   005      5398    22108391       140      433166     18618      5503
38000000000000   044      3688    15901999       245     1001064     35752      3890
38000000000000   001        16       62261         0           0         0        16
38000000000000   079      8013    27177758       380      643380     26573      8164
38000000000000   032      1467     5809917       156      313843     12273      1537
38000000000000   040      4749    18731102      3067     5936670    125102      5455
38000000000000   022      2311    10919983       116      324369     12077      2379
38000000000000   061       427     1663220        21       24708      2122       439
38000000000000   059      2406     9499558       305      501940     29908      2574
38000000000000   018     10050    63523062      3350     6426338    164323     10978
38000000000000   016      7729    32116355     16025    13173271    753710     11988
38000000000000   021       693     2873205        66       75575      4047       716
38000000000000   090       224      882202        15       18914      1070       230
38000000000000   089      1611     6750008       192      230573     10001      1667
39000000000000   000    142420   650015551     66553   109998726   4376534    168268
39000000000000   023      6828    29093819      1426     2944754    145027      7701
39000000000000   029      3155    12884287       590     2403212     64479      3541
39000000000000   025      3065    22002437         9       30511      1220      3072
39000000000000   062      5069    28471796         7       11783       443      5072
39000000000000   162      1335     7511670       374     1002752     36810      1557
39000000000000   005     18283    76461739      1267     4055477     96913     18867
39000000000000   044     12499    46748685      3892     8418763    382384     14793
39000000000000   001        40      181183        42       89625      2415        55
39000000000000   087       184      822769        47        3122       272       186
39000000000000   079     11271    42483259      1779     3543977    114994     11964
39000000000000   032      1759     8231693       276      483644     13082      1839
39000000000000   040     11108    37378759      1818     3284744     99049     11694
39000000000000   022      3766    15092882      1459     3444247    117329      4473
39000000000000   061      1567     6406288      1894     4402712    171244      2599
39000000000000   059      5276    23773935      2840     5267285    233850      6651
39000000000000   018     14949   117933530     11994    32598052    657841     18714
39000000000000   016     29102   120466489     33011    31224398   1893525     40246
39000000000000   021      3907    16193919       559     1188333     37218      4130
39000000000000   090      3112    10498923      2294     4461000    254621      4646
39000000000000   089      6145    27377489       975     1140335     53818      6468
40000000000000   000     16875    89407912      6547     6551529    283227     18694
40000000000000   023       839     4151053        10       21999       732       844
40000000000000   029       540     2719519       387      230150      5414       574
40000000000000   025      1141     6362698        18       45630      1570      1152
40000000000000   062       238     1720342         0           0         0       238
40000000000000   162        75      390124         2        1725        42        75
40000000000000   005      1585     8850797         1        4636        77      1585
40000000000000   044       723     3453313        47       71913      4235       747
40000000000000   001       175     1047189         2        4598       248       176
40000000000000   079      1194     6081882        29       91962      4111      1221
40000000000000   032       922     4943127        81       55837      2756       940
40000000000000   040       737     4030600         0           0         0       737
40000000000000   022       430     2113252         7       28286      1025       437
40000000000000   081       100      562483         5        3322       221       101
40000000000000   080       246     1124573         0           0         0       246
40000000000000   061        54      193335         0           0         0        54
40000000000000   059       410     2211784        32       57081      2185       424
40000000000000   094       742     3498170        42      103785      6706       780
40000000000000   012       329     1830612        41       70680      4038       355
40000000000000   112       166      543244        59       47340      4722       196
40000000000000   018      1817    11384167      2615     3733392    105033      2495
40000000000000   016      2232    10066005      3106     1849030    135181      3104
40000000000000   021       489     2562960        18       42795      1497       499
40000000000000   089      1691     9566683        45       87368      3434      1714
41000000000000   000     70024   266804945     19729    19530800   1184928     77083
41000000000000   023      3485    11468858       103      231704     11676      3555
41000000000000   029       629     2394096       511      603796     36266       845
41000000000000   025       752     3707296        30       43640      2480       768
41000000000000   062      1309     4856816         1        3798        52      1309
41000000000000   162       627     2021898         1        2828        60       627
41000000000000   005      7436    21044060        14       25326      1392      7444
41000000000000   044      4852    14989192         8       15110       460      4855
41000000000000   001        12       54380         0           0         0        12
41000000000000   087       494     2651250         3        4567       232       495
41000000000000   079      4322    11972852         3        6316       206      4323
41000000000000   032      5562    18726132       121      356247     10631      5626
41000000000000   040      6854    20219699       154      549513     20139      6970
41000000000000   022      1504     4486880       168      320478     22192      1637
41000000000000   061       510     1388752        33       19058      2224       524
41000000000000   059      2005     6252999       243      282652     23075      2144
41000000000000   091        10       60526         0           0         0        10
41000000000000   092      1837    10618402        21       47171      2236      1850
41000000000000   018      8378    53908770      7468     8582187    394856     10728
41000000000000   016     14851    59637263     10574     7951916    630657     18606
41000000000000   021      2970    10733512       219      396062     21192      3098
41000000000000   089      1625     5611312        54       88431      4902      1657
42000000000000   000     12574    49511378      6197     4868113    307724     14310
42000000000000   023       438     1940013        11       18890      1362       445
42000000000000   029       321     1309979        70       81566      5761       353
42000000000000   025       581     2607724        95      132278      8709       630
42000000000000   062       189      771182         3        8042       250       191
42000000000000   162       108      310010         8       12568       890       113
42000000000000   005       867     2752153        25       41448      3022       884
42000000000000   044       952     3657477        92      133932      8829      1002
42000000000000   079      1053     3514001        39       71795      5090      1082
42000000000000   032       589     2450870       132      363152     17308       688
42000000000000   040       883     2882978       150      220105     15330       970
42000000000000   022       289      891288        12       16156      1306       296
42000000000000   061       128      430433        24       20608      2117       140
42000000000000   059       931     3801040       324      397680     24572      1070
42000000000000   018      1456     9212210      1055     1475992     63924      1817
42000000000000   016      2607     8353120      4082     1775574    142053      3408
42000000000000   021       370     1359803        19       28482      2258       382
42000000000000   089       812     3267097        56       69845      4943       839
43000000000000   000     74226   283670389     25758    23869657   1463027     82871
43000000000000   023      3366    13632344        46       72340      5894      3401
43000000000000   029       838     3317242         9        7715       631       841
43000000000000   025      2471    12609737         7       14185       523      2473
43000000000000   062       977     4616566         0           0         0       977
43000000000000   162       654     2334090        11       36638      1444       663
43000000000000   005      6959    19907068        49       81676      5194      6988
43000000000000   044      4204    13192512         0           0         0      4204
43000000000000   079      8054    25100876         3        5472       398      8057
43000000000000   032      4634    19853511        90      296695     12798      4707
43000000000000   040      5123    23956474       162      498014     20799      5242
43000000000000   022      1332     4278530       307      577072     44692      1601
43000000000000   061       983     2416862       210      179100     19866      1103
43000000000000   059      3485    13302500       548      923289     73402      3911
43000000000000   018      8505    48341944      9831    12202911    564037     11859
43000000000000   016     17809    59558064     13995     8481533    688841     21863
43000000000000   021      2074     7389630       449      442573     22322      2210
43000000000000   089      2758     9862439        41       50444      2186      2771
44000000000000   000    284371  1217076969     80267   111176484   5936002    317912
44000000000000   023      7061    30825870       121      191784      8103      7109
44000000000000   029      2122     9235278       467      503278     29102      2286
44000000000000   025      5624    28131705       134      683893     18583      5729
44000000000000   062      3503    16773382         0           0         0      3503
44000000000000   162      3006     9492907        93       95560      7670      3050
44000000000000   005     44486   126761930       637      846650     52915     44785
44000000000000   044     14096    55802345       555     1093331     28139     14255
44000000000000   079     22896    70516812       252      466502     24012     23032
44000000000000   032     26290    90149368       510     1394543     41839     26527
44000000000000   040     30072   147697505      2246     7324509    237156     31411
44000000000000   022      4765    16581778        46       80055      4084      4788
44000000000000   061      1179     3647919       154      177237     16934      1275
44000000000000   059     10173    45152022      2042     4495949    157001     11059
44000000000000   018     25427   224935177     27158    49734047   2168638     37677
44000000000000   016     71121   287216295     45252    42629366   3077814     88513
44000000000000   021      4760    21235623       311      899097     37159      4970
44000000000000   089      7790    32921053       289      560683     26853      7943
45000000000000   000     43494   191777272     21799    23627283   1379989     51291
45000000000000   023      2384    10657048       197      146061     11548      2449
45000000000000   029       333     1661745        28       50715      1630       343
45000000000000   025      1558     6876806       110      260692      6998      1597
45000000000000   062       412     1879600         0           0         0       412
45000000000000   162       330     1325222        73       82173      5302       359
45000000000000   005      3008    10657348       216      170843     13370      3084
45000000000000   044      1606     6829958         9       11052      1001      1612
45000000000000   079      2796     9832039       215      296058     17335      2894
45000000000000   032      1703     6676587       218      319033     15909      1793
45000000000000   040      6516    24517648      1236     1779508     75256      6941
45000000000000   022       835     2917547        42      119979      6713       873
45000000000000   061       284      936019        63       63779      5391       314
45000000000000   059      1265     4821319       255      184725     11179      1328
45000000000000   018      6409    48312245      5540     8110448    312910      8178
45000000000000   016     11389    43268197     12781    11160536    836593     16116
45000000000000   021       918     4102826       466      648933     39770      1143
45000000000000   090       263      723360       309      180837     17380       361
45000000000000   089      1485     5781758        41       41911      1704      1494
46000000000000   000     13364    62072453      3280     4173247    181408     14408
46000000000000   023       575     2505079         5        7586       316       576
46000000000000   029       620     2215547        29       14791       870       624
46000000000000   025       657     2805527        34       17976      1100       663
46000000000000   062       363     2749241        16       10437       717       367
46000000000000   162       323     1717493        54       45952      3452       343
46000000000000   005      1049     4477999         6        3224       199      1050
46000000000000   044      1013     4231023         2        1313        66      1013
46000000000000   079      1297     5502285        37       37733      1526      1305
46000000000000   032       462     2034314       135      161828     12281       531
46000000000000   040       295     1261960        15       23851       576       298
46000000000000   022       219      883386         3        3385        97       220
46000000000000   061       109      477438         2         580        42       109
46000000000000   059       532     2568584        35      178674      4375       558
46000000000000   018      1311     9651576      1184     2341300     74094      1738
46000000000000   016      2930    11686040      1626     1178919     74381      3361
46000000000000   021       509     2281558        29       65765      3153       528
46000000000000   090        50      249602         1         877        55        50
46000000000000   089      1050     4773801        67       79056      4108      1074
47000000000000   000    105968   464599744     51859    65998988   3314765    124709
47000000000000   023      3922    16569398       576      863602     62130      4274
47000000000000   029       513     2517974       514      931365     47071       792
47000000000000   025      3552    16746486       363      472112     16276      3643
47000000000000   062      2168    10466886        11       19544      1062      2174
47000000000000   162       721     2664150       134      123477      7144       762
47000000000000   005     13782    42640042       280      449648     28168     13941
47000000000000   044      7559    31722054       133      192246      9030      7610
47000000000000   087       127      664428         2        4014       290       129
47000000000000   079      2666    10239372       281      507702     27928      2824
47000000000000   032      5106    20037292       913     1493318     87454      5601
47000000000000   040     13789    52391638      2427     4589960    171042     14757
47000000000000   022      1301     4870946       506     1120645     70048      1696
47000000000000   061       691     2422072       570      523502     42274       930
47000000000000   059      1990     9006688       361      541939     36709      2199
47000000000000   018     14496   107512824     15300    28097871    778995     18895
47000000000000   016     26461   101840713     26651    21974113   1633894     35691
47000000000000   021      2603    11589323       626     1075328     54345      2910
47000000000000   090       857     2799498      1454     1865728    172550      1832
47000000000000   089      3664    17897960       757     1152874     68355      4049
48000000000000   000    100548   493993663     54599    83902236   3932657    122772
48000000000000   023      2975    14609214       104      260896     10550      3034
48000000000000   029      1375     6429627       222      586868     20857      1492
48000000000000   025      1915    10655218       147      445630     14254      1995
48000000000000   062      1076     6944486         0           0         0      1076
48000000000000   162      1057     4600570        44       94988      4308      1081
48000000000000   005      9280    40220610       521     1196870     53989      9585
48000000000000   044      5825    30985326       133      397246     17780      5926
48000000000000   079      8999    36550614      1125     2138321     80620      9454
48000000000000   032      4807    22056750      1200     3259998    164138      5735
48000000000000   040      8779    48125139      3547    13416727    334229     10668
48000000000000   022      2917    12875232       305      820346     45134      3172
48000000000000   081       149      785002        18       58724      1962       160
48000000000000   061       655     2958246        26       41876      2008       666
48000000000000   059      4603    20145421       886     1452347     81562      5063
48000000000000   018     12652    86924822     12959    28692840    642304     16280
48000000000000   016     26047   114692210     31721    28467688   2326022     39190
48000000000000   021      1807     8491381       821     1072065     40084      2041
48000000000000   090       557     2260894       598     1024272     73368       972
48000000000000   089      5073    23682901       222      474534     19488      5182
49000000000000   000     35915   127637477     11698    10108834    577484     39375
49000000000000   023      1911     5669648        45       62580      3334      1931
49000000000000   029       212      764352       311      765878     25175       371
49000000000000   025      1472     6291864        34       46736      3400      1492
49000000000000   062       614     3087870         0           0         0       614
49000000000000   162       396      978158        19       11498       920       401
49000000000000   005      3335     8893482         7        8268       790      3339
49000000000000   044      5079    15189604        26       50112      3950      5101
49000000000000   001         3       11870         0           0         0         3
49000000000000   087         4       14380         0           0         0         4
49000000000000   079      3317     8553975        20       31670      1550      3325
49000000000000   032       754     2404902        62       89848      4074       777
49000000000000   040      1791     4678164       102      128782      8778      1840
49000000000000   022       644     1954014        81      129996     10236       706
49000000000000   081        11       39858         0           0         0        11
49000000000000   061       383      815530       323      227678     30162       553
49000000000000   059      1877     6343240       190      130482     13848      1958
49000000000000   094         9       30368         0           0         0         9
49000000000000   018      3697    22838309      4239     5096141    163113      4680
49000000000000   016      6864    26251454      5962     3042951    297183      8655
49000000000000   021      1268     4980048       146      189872      6266      1305
49000000000000   090        53      153266         1        1626       134        54
49000000000000   089      2221     7693121       130       94716      4571      2246
50000000000000   000     56385   276365755     49236    50276851   2839735     72428
50000000000000   023      2222    10461244       392      684176     42318      2460
50000000000000   029       829     3839061       337      760794     28549       992
50000000000000   025      1987    12412898       294      844146     30777      2160
50000000000000   062       583     3026308         3        3321       155       584
50000000000000   162       301     1244695        24       34857      1897       312
50000000000000   005      9819    40667421       696     2275826     62356     10172
50000000000000   044      1378     6981648        49      122828      5269      1408
50000000000000   079      1661     7013068       388      874347     48991      1937
50000000000000   032      1322     6372116       444     1216659     45865      1581
50000000000000   040      2993    12080100       652     1732373     63042      3349
50000000000000   022       939     3783704        34       74408      4295       964
50000000000000   061       110      452249        62      121684      6429       146
50000000000000   059      1836     7937302       897     1470702     78293      2277
50000000000000   018      8494    56188646     11575    13611607    684251     12360
50000000000000   016     16728    78667164     32234    24059022   1629135     25932
50000000000000   021       841     4064869       324      878259     33755      1032
50000000000000   089      4342    21173262       831     1511842     74358      4762
51000000000000   000     12410    52619843      3313     2929236    207574     13577
51000000000000   023       570     2718303         7       13253       560       572
51000000000000   029       133      705057        92       74400      2682       146
51000000000000   025       528     2747581        48      153715      5490       559
51000000000000   062       198      856256         0           0         0       198
51000000000000   162       102      510475         0           0         0       102
51000000000000   005      1351     4788508         4        6466       420      1353
51000000000000   044      1792     7439588        79      139619     10806      1853
51000000000000   079       763     3068172        32       58940      3552       783
51000000000000   032       751     3164577        86      149713      7955       796
51000000000000   040       717     2381524        37       82310      3170       735
51000000000000   022       118      406174        11       12730       880       123
51000000000000   061       153      596870        51       61096      2695       168
51000000000000   059       993     4187370        33       50732      2939      1009
51000000000000   018      1034     6660277       726      907544     49538      1314
51000000000000   016      1995     7216352      2064     1160991    113267      2635
51000000000000   021       239     1178299         6        7938       480       241
51000000000000   090        40      144670         0           0         0        40
51000000000000   089       933     3849790        37       49789      3140       950
