01000000000000   000     80409   335458306     28418    28641636   1634457     89768
01000000000000   023      2601    11243034        50       63882      4643      2627
01000000000000   029       510     2593402       115      174630      9602       564
01000000000000   025      3299    14982720        88      164812      7278      3340
01000000000000   062       831     3724426         0           0         0       831
01000000000000   162       773     2427068         0           0         0       773
01000000000000   005      5416    17460781        58      118300      7080      5456
01000000000000   044      4672    15995536        99       60812      7920      4717
01000000000000   087       570     2437340         1        1650        60       570
01000000000000   079      4315    14877704        95       76680      8974      4366
01000000000000   032      5830    22008313       442      543479     56665      6150
01000000000000   040     11571    46777748      1449     2859323    109168     12187
01000000000000   022       905     3421928        88      132430     12750       977
01000000000000   061       380     1013502       243      234694     28308       540
01000000000000   059      2037     7761786       141      171625     13424      2113
01000000000000   018      9352    67479665      9877    11490665    473447     12085
01000000000000   016     21540    80095277     15012    11725690    834162     26326
01000000000000   021      2991    10902983       160      244204      9713      3044
01000000000000   090       740     1925854        10       16426       938       745
01000000000000   089      2076     8329239       490      562334     50325      2357
02000000000000   000     24633   130839514      5603     7529911    363302     26747
02000000000000   023      1078     6007614        35       44796      1900      1090
02000000000000   029       807     4182994        53      112906      4458       834
02000000000000   025      1434     8403348        47       99116      3530      1455
02000000000000   062       301     2439858         0           0         0       301
02000000000000   162       363     1597422        38       24570      1572       372
02000000000000   005      1893     9577060        58      112879      6332      1932
02000000000000   044      3104    17133454        45       67640      3932      3128
02000000000000   079      1781     7887224       123      191162     18138      1890
02000000000000   032       702     3836096        21       34288      1718       713
02000000000000   040       222     1206750        40      108832      3411       243
02000000000000   022       431     1881512        10       16568       936       437
02000000000000   061       101      461206         2        2744       166       102
02000000000000   059      2319    12175853       121      266167      9661      2376
02000000000000   012      2036     8991454       592      686506     38064      2270
02000000000000   112       685     2338939       695      643828     41259       936
02000000000000   018      1269    10564407      1101     1624097     66918      1647
02000000000000   016      2889    14314376      2498     3386696    155135      3765
02000000000000   021       315     1633494        60       46104      2984       333
02000000000000   089      2903    16206453        64       61012      3188      2923
03000000000000   000     57907   256773209     27280    29510389   1924981     68786
03000000000000   023      2923    11231432        37       84815      3329      2942
03000000000000   029       694     2787239       130      242373      8385       743
03000000000000   025      2023     9212929        81      261784      7987      2069
03000000000000   062      1127     6286110         1        1791       106      1128
03000000000000   162       771     3403425        29       44639      1946       782
03000000000000   005     10094    37354296        31      103298      3341     10113
03000000000000   044      2723    11161221        27       58600      2263      2736
03000000000000   079      4752    15302028       113      315149     11418      4817
03000000000000   032      2356     9157560        48      114410      4716      2383
03000000000000   040       642     2565568        18       73598      2024       653
03000000000000   022      1706     4837242        60       77997      5940      1740
03000000000000   061       293      783006         6        9726       469       296
03000000000000   059      1728     6905584       725      932877     59045      2061
03000000000000   092         8       61443         0           0         0         8
03000000000000   018      6913    51525532      8838    11316657    616125     10394
03000000000000   016     13091    62040739     16664    15206921   1162854     19662
03000000000000   021      3078    10166666       267      374790     22207      3204
03000000000000   089      2985    11991189       205      290964     12826      3055
04000000000000   000     57093   224931067     16146    15233438    967885     62562
04000000000000   023      1987     7279354         7        7744       426      1990
04000000000000   029       748     3308760       186      347173     15736       837
04000000000000   025      1370     5740435       150      230387     14828      1453
04000000000000   062       558     2498426         0           0         0       558
04000000000000   162       665     2172817        10       12069       846       670
04000000000000   005      5388    16019448        10       14320       651      5392
04000000000000   044      3449    12554549         0           0         0      3449
04000000000000   079      3981    12765837        58       59366      4992      4010
04000000000000   032      3952    15706616       166      193617     12591      4023
04000000000000   040      6492    23905249       491      893357     56308      6810
04000000000000   022      1433     4404097        12       30152       713      1437
04000000000000   061       735     2098648       213      130721     18598       840
04000000000000   059      1774     6560708       476      402477     31891      1955
04000000000000   018      6536    44983813      5233     6997934    266691      8041
04000000000000   016     14130    49307584      8849     5593995    523027     17086
04000000000000   021      1383     5126418        55       84104      4133      1406
04000000000000   089      2512    10498308       230      236022     16454      2605
05000000000000   000    335971  2069813547    155149   332590372  12628322    407321
05000000000000   023     23056   105505857      2826     5110031    310854     24812
05000000000000   029      3678    20175247       299      883276     29621      3855
05000000000000   025      6273    39825439       481     1284401     37588      6485
05000000000000   062      8121    65779702        68      106678      2419      8135
05000000000000   162      3400    13256242        56      106645      5087      3429
05000000000000   005     58555   365008333      2254     7320512    257077     60007
05000000000000   044     19554   135223162       917     3252786    133885     20310
05000000000000   079      3411    15496762       349      517109     17737      3511
05000000000000   032     12225    68973257      1443     4052777    128550     12949
05000000000000   040     29445   216866164     17099   105727594   2468303     43390
05000000000000   022     17365    77870109      1950     4650498    234323     18688
05000000000000   081       580     3046209        35       93163      3260       598
05000000000000   061      2396    11211208      1751     2662411    177741      3400
05000000000000   059     12881    68842548      2828     5073514    361934     14926
05000000000000   018     24225   210501292     29715    55965187   2008679     35574
05000000000000   016     87530   527436292     90260   129627765   6217051    122655
05000000000000   021      3990    19041874       731     1282624     62605      4342
05000000000000   089     19286   105753850      2087     4873401    171608     20255
06000000000000   000     54882   276811082     44008    78068109   3005539     72113
06000000000000   023      1845     9057432       125      296244     10828      1914
06000000000000   029       415     1805870       176      471925     22375       558
06000000000000   025      4053    20431280       604     1720094     61916      4453
06000000000000   062      1050     6370698         0           0         0      1050
06000000000000   162       448     1764732        54      162609      1670       457
06000000000000   005      7464    31391921        75      238106      8299      7516
06000000000000   044      2923    13596386       144      379506     14674      3018
06000000000000   079      1875     8244290       387      993937     40564      2136
06000000000000   032      1209     6756232       148      468985     14246      1301
06000000000000   040      4515    17580814       962     4107854    131312      5281
06000000000000   022       931     4360759       280      721075     34569      1154
06000000000000   061       253     1173026       103       99332      4608       283
06000000000000   059      1586     8183385       362      744360     17666      1698
06000000000000   018      8580    65363048     12089    31214113   1074103     14646
06000000000000   016     14406    63533518     27411    34815391   1505419     22911
06000000000000   021       990     4850803      1020     1429311     54904      1344
06000000000000   089      2339    12346888        68      205267      8386      2393
07000000000000   000     53305   312667560     23519    38284825   1479870     62090
07000000000000   023      2492    13495752       151      462984     17897      2594
07000000000000   029      1142     5978726       239      817565     26322      1291
07000000000000   025      4758    27953120       323      795097     11681      4824
07000000000000   062      1206     7345722         1        2980       133      1207
07000000000000   162       648     3577021        50       48915      1796       658
07000000000000   005      7020    38828066       134      451708     10930      7081
07000000000000   044      2940    17196995         5       22508       720      2944
07000000000000   001       140      869154         0           0         0       140
07000000000000   079      5429    30264627       384     1546146     54955      5739
07000000000000   032      3685    19624145       610     1850045     51357      3975
07000000000000   040      5221    31638697      1971     7580396    231906      6538
07000000000000   022       675     3936709         4       10908       410       677
07000000000000   081        48      342568         4       10536       520        51
07000000000000   061       166      922585        12       17298       768       170
07000000000000   059       782     3959124       101      204878      7700       826
07000000000000   018      4292    33477997      7491    13406888    408427      6787
07000000000000   016      7940    45341617     10660     9277216    580467     11450
07000000000000   021      2195    12986720       877     1109365     45067      2449
07000000000000   089      2526    14928215       502      669392     28814      2689
08000000000000   000     23182    98304766      8112    10981384    503530     26215
08000000000000   023       829     2773443        23       25796      1345       837
08000000000000   029       318     1337255        91      300448      9733       377
08000000000000   025      1714     7748872        62      129655      5838      1749
08000000000000   062       745     4917197         0           0         0       745
08000000000000   162       249     1178016        11       21708      1107       255
08000000000000   005      2871    10833042        41       57373      4415      2899
08000000000000   044      1541     5045480         0           0         0      1541
08000000000000   087       273     1110293         0           0         0       273
08000000000000   079      1553     5293905        68      123897      6995      1595
08000000000000   032      2007     7417829       138      274361     14060      2093
08000000000000   040      1534     5174951        81      105729      6221      1571
08000000000000   022       344     1130532        22       36972      1973       355
08000000000000   081       141      509681        21       39201      3053       159
08000000000000   061       310      746900        28       21051      1574       320
08000000000000   059       467     1804885        74       97232      5825       503
08000000000000   094       805     3359176         3        7393       354       807
08000000000000   018      1500    11538855      3204     6092480    208512      2756
08000000000000   016      4034    18083552      4021     3457495    221464      5368
08000000000000   021       341     1976480        18       35400      1824       352
08000000000000   089      1606     6324422       206      155193      9237      1660
10000000000000   000    168583   654588814     45079    52328878   2764944    184237
10000000000000   023      6262    20851358       134      170981     11300      6325
10000000000000   029      1861     8024521       161      197600     13915      1939
10000000000000   025     19605    77349541       768     1259405     66555     19984
10000000000000   062      2197     9535989       377      607031     16583      2291
10000000000000   162      1964     6706467       100       92466      5716      1996
10000000000000   005     30302    91475012       222      383175     14237     30382
10000000000000   044      7403    30072267        62       56120      4786      7430
10000000000000   079      9936    29362257       326      342416     25829     10082
10000000000000   032     19501    63144976      1201     2513572    126931     20219
10000000000000   040      3773    11287344        71      135221      6454      3809
10000000000000   022      2542     8618681        13       22223      1223      2549
10000000000000   061      1248     3006083       290      221721     17841      1349
10000000000000   059      8789    29177498      2523     2819562    147998      9625
10000000000000   094       605     2725929        56       98606      7316       646
10000000000000   018     15823   125068923     17174    22359324    970707     21312
10000000000000   016     27314   105959395     20859    20335169   1279918     34570
10000000000000   021      2985    10178851       309      237643     14926      3070
10000000000000   089      6473    22043722       433      476643     32709      6659
11000000000000   000    110625   432202937     43755    43856018   2301035    123627
11000000000000   023      3487    13760120        27       77734      2250      3501
11000000000000   029       937     3583874       203      166923     13927      1015
11000000000000   025      3648    16005273        11       38422       928      3654
11000000000000   062      1012     4271561         0           0         0      1012
11000000000000   162       915     3176741         7        8824       680       919
11000000000000   005     17197    45861960       349      848516     34156     17390
11000000000000   044      5047    16009918        41       19766       936      5052
11000000000000   001        69      251844         0           0         0        69
11000000000000   087       936     5664722         0           0         0       936
11000000000000   079      8516    26065798       115      121808      4596      8542
11000000000000   032      4810    17448508       109      117408      4524      4835
11000000000000   040      7099    20022538       158      423714     18204      7202
11000000000000   022      2217     6602198        80      101944      6796      2255
11000000000000   061      1268     3573467       700      518843     56124      1585
11000000000000   059      3573    11560075      1057     1129734     83332      4043
11000000000000   018     14182    90210451     17401    24240873    809643     18754
11000000000000   016     29770   125135465     22900    14730160   1204039     36575
11000000000000   021      2906    11953843       444     1105822     45440      3163
11000000000000   089      3036    11044581       153      205527     15460      3125
12000000000000   000     53574   215573311     19409    15837761    778187     58142
12000000000000   023       673     2463738         2        4498       198       674
12000000000000   029       702     2654593       167      333154     14350       784
12000000000000   025      2422    10078306        50       91154      2316      2435
12000000000000   005      2296     9357061        10       39454       718      2300
12000000000000   044       831     3460202        18       12402      1406       839
12000000000000   001       921     3584182         9       13486       684       925
12000000000000   087       199      734194         0           0         0       199
12000000000000   079       426     1592696        30       16858      2288       439
12000000000000   032      1943     8317638        46      137320      3928      1965
12000000000000   040      4270    18803647       687     1770311     51081      4560
12000000000000   022       294     1064724        25       42736      1998       305
12000000000000   061       136      466726       497       96064      6192       171
12000000000000   059       961     4259484       277      277620     15344      1047
12000000000000   012     17404    74871026      9894     8113354    383022     19711
12000000000000   112      7268    15314782      2215      800140     72992      7708
12000000000000   018      3708    24275024       655      805306     26734      3859
12000000000000   016      5130    19038110      4548     3003076    172782      6106
12000000000000   021       114      451050         2        4544       160       115
12000000000000   052       466     1595184       220      218172     17392       564
12000000000000   089      3410    13190944        57       58112      4602      3436
13000000000000   000     18318    82615308     10023    10444071    602060     21773
13000000000000   023      1151     5607003       179      372464     24761      1301
13000000000000   029       257     1204141        59      129688      7571       304
13000000000000   025       457     3610776        48      213989      3983       481
13000000000000   062       255     1118402         0           0         0       255
13000000000000   162       190      700056        18       22910      1326       197
13000000000000   005      1925     8850445        25       57152      2777      1942
13000000000000   044      1509     5468866        98      178592     16893      1604
13000000000000   079      1517     5376967       153      204394     10901      1580
13000000000000   032       967     4491591        92      178064      7224      1009
13000000000000   040       566     1865047        94       95716      7829       610
13000000000000   022       564     2954488       212      321099     13763       647
13000000000000   061       146      621842        78      109744      7249       190
13000000000000   059      1548     7749884       633      819084     50737      1850
13000000000000   018      2155    12285261      2335     3379631    125131      2861
13000000000000   016      3783    13887091      5617     3810349    292626      5437
13000000000000   021       357     1964398       146      251932     10838       423
13000000000000   090       161      655143       150      152390     11473       230
13000000000000   089       810     4203907        86      146873      6978       852
14000000000000   000    105892   575157010     52604    83799322   4376851    131153
14000000000000   023      4860    26323168       296      587787     31904      5053
14000000000000   029      2086    12498599        32       81312      3019      2104
14000000000000   025      2613    22437376        72      204210      5204      2644
14000000000000   062      2063    15767648         0           0         0      2063
14000000000000   162      1470     8169198        22       69032      1748      1481
14000000000000   005     11691    63687354         4       21828       366     11693
14000000000000   044      6002    34538655      1208     4470558    135935      6820
14000000000000   087        56      338308         0           0         0        56
14000000000000   079      9058    49363452        23       77478      2344      9072
14000000000000   032      2424    14476820         6       29250       652      2428
14000000000000   040     10746    53166439       781     1663036     54349     11054
14000000000000   022      2089    11630042       314     1321958     51846      2401
14000000000000   061       439     2106700        30       89146      4122       463
14000000000000   059      2402    11619967      1467     2976795    188820      3470
14000000000000   018     13406    89903220     17901    34880492   1499545     22112
14000000000000   016     26278   116970108     30180    36694385   2371415     39878
14000000000000   021      2107     9164916        21       53702      1352      2114
14000000000000   089      6102    32995040       247      578353     24230      6247
15000000000000   000     73874   307147452     44219    40297213   2791809     89796
15000000000000   023      1972     8188037        25       37704      2236      1985
15000000000000   029       557     2365793       324      419663     30000       737
15000000000000   025      1389     9176492        51       67213      3666      1411
15000000000000   062      1262     5752444         0           0         0      1262
15000000000000   162       656     2217635         2        2351       208       657
15000000000000   005      6285    19102605         3        4855       287      6286
15000000000000   044      3789    12591025        82      123756      8497      3840
15000000000000   087        27      139021         0           0         0        27
15000000000000   079      4530    14969659        42       50149      3959      4554
15000000000000   032      1704     6721721        10       21531       846      1709
15000000000000   040      2190     6976312        26       40020      2030      2202
15000000000000   022      1274     3947998       247      284548     25594      1428
15000000000000   061       116      386053        50       55259      5426       149
15000000000000   059      1924     7424155       541      692489     50875      2224
15000000000000   018     17087    96627160     13191    24493782   1235334     24079
15000000000000   016     25995    98863553     29399    13823313   1409534     34048
15000000000000   021      1018     3882811       120       74690      6140      1055
15000000000000   089      2099     7814978       106      105890      7177      2143
16000000000000   000     40561   227515034     26190    33350980   1736824     50378
16000000000000   023      1028     4884958        37      105809      4237      1053
16000000000000   029       246     1523907       359      628653     34569       441
16000000000000   025      2105    11178220       135      343588     14995      2189
16000000000000   062       652     3657601         4        6175       356       654
16000000000000   162       320     1557445        26       17349       602       323
16000000000000   005      2963    13782990       181      546303     21508      3084
16000000000000   044      2284    10666651         0           0         0      2284
16000000000000   079      2787    12385099        60      142878      6343      2823
16000000000000   032       436     2406333        50       76106      3514       456
16000000000000   040      6052    38189816      3663     6080521    326653      7898
16000000000000   022       723     3471483         3        7906       392       725
16000000000000   061        98      564039        11       13740      1523       107
16000000000000   059      1478     7872087       202      234511     16924      1574
16000000000000   018      3564    34305647      7140    17434960    629170      7119
16000000000000   016     12046    61718758     13909     6856160    634261     15630
16000000000000   021      1086     5583487       127      254079     12052      1154
16000000000000   089      2693    13766513       283      602242     29725      2864
17000000000000   000     38293   161919375     16448    16457993    931707     43555
17000000000000   023      1894     7068203       194      350468     13509      1969
17000000000000   029       474     1619110       181      571121     22821       604
17000000000000   025      2030     8677011       121      146272      7572      2072
17000000000000   062       327     1596812        24       42662      2274       340
17000000000000   162       737     3025333        39       52293      3137       755
17000000000000   005      3415    10533020        18       23600      1477      3424
17000000000000   044      3192    11244279       112      125671     10005      3249
17000000000000   079      2211     7235493        57       50539      4982      2239
17000000000000   032      1177     4738327        32       55726      2355      1190
17000000000000   040      2420     7292455       387      234075      9457      2474
17000000000000   022        96      338091         1         204        33        96
17000000000000   061       618     1752093         9        2566       281       620
17000000000000   059       777     3193132       101      112467      8384       823
17000000000000   018      4623    36280190      5054     8415006    355191      6629
17000000000000   016     10605    42774321      9799     5882319    474537     13287
17000000000000   021       644     2718378        76       96575      3307       663
17000000000000   089      3053    11833127       243      296429     12385      3121
18000000000000   000     71863   277874637     24912    26311312   1626804     81493
18000000000000   023      2235     8239557         7       15310       650      2239
18000000000000   029       608     2986252       169      608752     25653       763
18000000000000   025      4648    16702982       570     1228532     76980      5111
18000000000000   062      1066     4197944         0           0         0      1066
18000000000000   162      1242     4807552         0           0         0      1242
18000000000000   005      4183    10886449         0           0         0      4183
18000000000000   044      4544    13693094         1         900        68      4544
18000000000000   079      5838    17390400         0           0         0      5838
18000000000000   032      3132    11828867        37      125363      6401      3168
18000000000000   040      4996    19946579       676     1386566     43626      5242
18000000000000   022       951     2751634         0           0         0       951
18000000000000   061       993     2455374        94       96006     10102      1054
18000000000000   059      2906    10102970        81      151693      7838      2950
18000000000000   018      9201    63338239      7860    11372535    556224     12475
18000000000000   016     20015    69910695     15204    11145892    889884     25301
18000000000000   021      1869     7352526       207      168970      9065      1928
18000000000000   089      3436    11283523         6       10793       313      3438
19000000000000   000     76775   331117038     23012    21428196   1349113     84402
19000000000000   023      2370     9623351       126      140620     11016      2432
19000000000000   029      2155    10284193       690      714264     36400      2360
19000000000000   025      1646     7304981        46       40079      2499      1660
19000000000000   062       968     5720945         0           0         0       968
19000000000000   162       748     3475903        81      148615      7147       789
19000000000000   005      6534    25451803        69       87103      6476      6571
19000000000000   044      4619    18681802        44       41268      2467      4633
19000000000000   087       264     1422648         3        9978       164       265
19000000000000   079      5271    19283082        82      106574      5900      5304
19000000000000   032      3098    14501354        70      133794      6984      3137
19000000000000   040     12517    49793032      1478     2320173    122153     13207
19000000000000   022       991     3854366        57       88104      5931      1025
19000000000000   061       869     2474358       184      177656     18941       976
19000000000000   059      3926    16819994       782      794939     59011      4260
19000000000000   012      1150     4595640        35       45735      1357      1158
19000000000000   112       180      837744         8       40076      1021       186
19000000000000   018      7949    56008308      6409     9125625    410596     10270
19000000000000   016     15784    55911200     11981     6385321    602159     19185
19000000000000   021      3009    13072042       703      880379     39013      3234
19000000000000   089      2727    12000292       164      147893      9878      2782
20000000000000   000     17665    73420012     10872    13626092    651696     21354
20000000000000   023       856     3413481       590      970304     39546      1081
20000000000000   029       288     1383718       234      589887     24877       430
20000000000000   025       551     3001549       370      606098     22786       680
20000000000000   062       301     1508434         0           0         0       301
20000000000000   162       225      815491         1         901        80       225
20000000000000   005       899     3735169       370     1408981     57509      1224
20000000000000   044      2082     7577690       100      203033     10390      2141
20000000000000   087        76      227823        10       21217      1331        84
20000000000000   079      3318    12611517       102      249420     11084      3381
20000000000000   032       871     3588094       280      630729     17917       972
20000000000000   040       350     1543537       213      490483     22028       474
20000000000000   022       271     1018969       151      229279      9348       325
20000000000000   061        89      332053        81      123137      4678       115
20000000000000   059       768     3279320       420      747594     27109       921
20000000000000   012        16       28761        16       11690      1661        25
20000000000000   112         5        5330        27       13759      1342        13
20000000000000   018      1733    10244143      2532     3439464    136267      2504
20000000000000   016      3619    13225150      4786     2588188    217731      4850
20000000000000   021       163      686677        88      148239      5592       195
20000000000000   090         1        4443         0           0         0         1
20000000000000   089      1183     5188663       501     1153689     40420      1412
21000000000000   000     77778   365776655     14045    40035650   1581399     86714
21000000000000   023      2956    12721627       128      292287     15713      3044
21000000000000   029      1447     7535411       303      583966     17950      1549
21000000000000   025      4704    25431341       442     1072708     62256      5057
21000000000000   062      1448     8082674         0           0         0      1448
21000000000000   162       806     3376848        29       79447      4255       830
21000000000000   005     12056    49908131       338      744775     48123     12328
21000000000000   044      4526    19746301         0           0         0      4526
21000000000000   001       468     2239981         0           0         0       468
21000000000000   087       270     1447374         0           0         0       270
21000000000000   079      6318    24969990       133      357460     19818      6430
21000000000000   032      5649    24860837       786     1602763     94205      6180
21000000000000   040      3648    14888997       525      849694     45287      3906
21000000000000   022       924     3973833       205      480958     29444      1090
21000000000000   061       332     1420768       167      240930     15077       417
21000000000000   059      1820     9227224       312      755530     38650      2039
21000000000000   094       715     3618433         0           0         0       715
21000000000000   018      7036    53628569      4585    23181494    646380     10688
21000000000000   016     14914    64616276      5144     7552515    434284     17368
21000000000000   021      1813     8400781       294      779592     33744      2003
21000000000000   089      5928    25681259       654     1461531     76213      6358
22000000000000   000     81246   415142357     32858    46329996   1804733     92033
22000000000000   023      3454    17585044       259      907610     15024      3544
22000000000000   029      1799     7668502       278     1240113     25191      1943
22000000000000   025      8747    44631096       481     1522364     40301      8989
22000000000000   062      5290    34791774        62      180878      3586      5312
22000000000000   162       724     3647338        10       33424       474       726
22000000000000   005      5878    29587037        47      150521      2480      5893
22000000000000   044      2366    11417483        18       72382      1344      2374
22000000000000   001      1002     6940132         0           0         0      1002
22000000000000   087       160     1101838         0           0         0       160
22000000000000   079      6725    33223422       517     1614612     32407      6921
22000000000000   032      6021    26215414       781     2217985     83600      6525
22000000000000   040      5434    22496487       673     1764611     58991      5766
22000000000000   022      1547     7208213        44      192532      3077      1566
22000000000000   080       825     5264017        36      192675      2680       840
22000000000000   061       919     3983987       131      189385     11404       984
22000000000000   059      1123     6282706       149      428285     12396      1197
22000000000000   091       496     2824548        16       87680      1388       504
22000000000000   012        62      341162         2         720        60        62
22000000000000   112        29      138020        17       18434      1036        35
22000000000000   018      6454    40565498     11990    20288346    655968     10396
22000000000000   016     15888    74488294     16909    13752828    823708     20815
22000000000000   021      1044     5878876        94      279177      4715      1072
22000000000000   089      5259    28861469       344     1195434     24903      5407
23000000000000   000    118740   629821246     67433    84663309   4631439    144921
23000000000000   023      3386    18365542       337     1113949     48713      3661
23000000000000   029      1615     7542423        24       88649      3157      1633
23000000000000   025      1325     9274494        56      196150      6175      1361
23000000000000   062      1568    10430849         0           0         0      1568
23000000000000   162       760     3284744        79      257561      6584       797
23000000000000   005     14316    70807796       170      823953     23816     14451
23000000000000   044      2380    12349533       323      802004     38661      2598
23000000000000   079      9550    43051359       839     3250074    144176     10365
23000000000000   032      1594     8457683       133      380402     13380      1670
23000000000000   040     13737    66493372      6308    22764427    915298     18908
23000000000000   022      1222     5991992        52      121254      4975      1250
23000000000000   061       221     1070378       127      415860     12184       290
23000000000000   059      3204    15410637       703     1351355     67506      3586
23000000000000   018     19400   155254037     10153    16812360    690670     23313
23000000000000   016     37897   170145386     47561    34754066   2583386     52494
23000000000000   021       438     2433288       140      560529     21535       560
23000000000000   089      6127    29457733       428      970716     51223      6416
24000000000000   000     66208   359985375     33196    49569327   2381565     79672
24000000000000   023      2776    13774506       103      254702     14594      2859
24000000000000   029       892     3983729       174      429741     20625      1009
24000000000000   025      3094    16351345       514     1619682     63869      3456
24000000000000   062       565     3208551         0           0         0       565
24000000000000   162       438     1668446        45       92727      4523       464
24000000000000   005      4098    17708832       122      375776     18192      4201
24000000000000   044      4548    22181010       231      386649     21208      4668
24000000000000   079      1611     7667040      1292     3111321    218353      2845
24000000000000   032      2372    12200433       259      744987     28961      2536
24000000000000   040      3419    16895878      1322     3802202    230216      4720
24000000000000   022      1220     5308435        92      232043     10248      1278
24000000000000   080       622     3536373        12       36024      1165       629
24000000000000   061       507     2383130       134      171375      9954       564
24000000000000   059      2619    12898772       608     1264473     75711      3046
24000000000000   094      2273    11035907       373      920426     43355      2518
24000000000000   018     11287    74259443     11119    18126490    635912     14880
24000000000000   016     17186    98293208     15352    15176693    864282     22071
24000000000000   021      3394    19943566      1237     2381403     99408      3957
24000000000000   089      3287    16686771       207      442613     20989      3406
25000000000000   000     52474   193635040     12431    13493421    916892     57656
25000000000000   023      1365     4830624        41       74922      4412      1390
25000000000000   029       453     1773262        71       58887      3020       470
25000000000000   025       712     4138956         6        9377       163       713
25000000000000   062       701     2733741         0           0         0       701
25000000000000   162       478     1151701         0           0         0       478
25000000000000   005      3162     8304913        16       32627      2064      3174
25000000000000   044      3338     9538082        10       22089      1379      3346
25000000000000   087        41      217130         0           0         0        41
25000000000000   079      2922     9553264         0           0         0      2922
25000000000000   032      3057    10459996        79      228330      9343      3109
25000000000000   040     11992    39397848       455     1033026     51052     12280
25000000000000   022       726     2313008       303      673288     51830      1019
25000000000000   061       336      816627        80       71226      7958       381
25000000000000   059      2753     8432994       669      653781     48859      3028
25000000000000   091        49      124781         9        9881       821        54
25000000000000   018      6286    37836108      1542     2562978    121160      6971
25000000000000   016      9180    36204016      8959     7748374    592155     12526
25000000000000   021      1515     4875234        32       51917      2758      1531
25000000000000   090       111      296388         0           0         0       111
25000000000000   089      3297    10636367       159      262718     19918      3411
26000000000000   000     77797   276101341     23938    23921197   1689961     87361
26000000000000   023      3013    10792923       146      199818     16727      3107
26000000000000   029       728     2594218       295      697094     32140       914
26000000000000   025      3827    14315304       371      335830     29392      3993
26000000000000   062      1348     6567126         0           0         0      1348
26000000000000   162      1021     3185072       140      130102     14400      1102
26000000000000   005     12192    31646098       137      137996     10412     12251
26000000000000   044      6085    20649106         1        4354       160      6086
26000000000000   079      7203    18445380       295      330820     20410      7318
26000000000000   032      2854     8729283       188      329091     16493      2948
26000000000000   040      9903    30944923      1095     1703348     98510     10460
26000000000000   022       632     1781292        63       74841      5090       661
26000000000000   061       479     1453318       186       88810      8520       527
26000000000000   059      2114     7001136       535      544549     51739      2406
26000000000000   018      7978    49850610      7560     9695403    499580     10802
26000000000000   016     13511    51348312     11730     7577491    761888     17824
26000000000000   021      1078     3681840       988     1796152    107996      1688
26000000000000   089      3831    13115400       208      275498     16504      3926
27000000000000   000     16780    69239987     10051    11905484    710861     20795
27000000000000   023       969     3577921        78      128947      9031      1021
27000000000000   029       569     2217856       147      199365     13913       647
27000000000000   025       636     2821676        89      180983      8573       684
27000000000000   062       216     1017486         0           0         0       216
27000000000000   162       236      946815        22       54819      2896       252
27000000000000   005      1300     5570847        28       52379      2480      1314
27000000000000   044      2020     8808749       189      330355     18456      2124
27000000000000   079      1225     4233520       556     1554491     87070      1717
27000000000000   032       739     2872674       260      645207     29142       904
27000000000000   040       504     1749680       219      269377     19215       613
27000000000000   022       680     2814507       107      286084     16977       776
27000000000000   061        60      216835        78      132774      7534       103
27000000000000   059      1274     5063139       447      840998     45107      1528
27000000000000   018      1332     8610005      1331     2117881     99798      1895
27000000000000   016      3599    12724934      6189     4491011    317486      5393
27000000000000   021       311     1325192       154      262561     15267       397
27000000000000   090        26       96263         3        3465       330        28
27000000000000   089      1084     4571888       154      354787     17586      1183
28000000000000   000     26659   109978829     10401    11996077    956415     32065
28000000000000   023       782     2998120        14       22277      1137       789
28000000000000   029       277     1206833        97      106659      6346       313
28000000000000   025       705     3431388        57       53257      3637       726
28000000000000   062       467     2528059         0           0         0       467
28000000000000   162       279      959065        11       13979      1220       286
28000000000000   005      2826     9427101        81      126782      8640      2875
28000000000000   044      2103     7922642         8       20152       877      2108
28000000000000   001        25      107749         0           0         0        25
28000000000000   079      2256     6749373       238      346385     21522      2378
28000000000000   032       649     2650217        17       28512      1797       659
28000000000000   040      3200    12436885       749     1830497    113915      3844
28000000000000   022       259      987815         7        8763       632       262
28000000000000   061       209      714949       160      129721     13275       284
28000000000000   059      1520     5751630       755     1616268    110995      2146
28000000000000   018      2766    19501732      1149     2234512    101313      3338
28000000000000   016      5990    23128548      6853     5289063    560885      9159
28000000000000   021       548     2358831        30       36695      2469       562
28000000000000   089      1798     7117892       175      132555      7755      1844
29000000000000   000     24963   121220709      9862    10819440    559496     28121
29000000000000   023      1379     5392312        17       33279       980      1385
29000000000000   029      1150     5944029        14       26191      1107      1157
29000000000000   025       738     4896804        17       36217       668       741
29000000000000   062       569     3524466         0           0         0       569
29000000000000   162       424     1918561         0           0         0       424
29000000000000   005      3511    15626645        43      123734      1992      3523
29000000000000   044      1777     7848951         5        8637       660      1781
29000000000000   079      1681     6328212         9       14776       498      1684
29000000000000   032      1433     6364603        27       69174      2562      1448
29000000000000   040      1312     6117909        70      249064      8856      1362
29000000000000   022       733     2466524         1        1003        40       733
29000000000000   061       130      502644        52       74236      3708       151
29000000000000   059       924     4307389       142      187646      9771       979
29000000000000   091        18      106710         0           0         0        18
29000000000000   092        18      106710         0           0         0        18
29000000000000   018      2142    17310241      3896     3976534    129967      2876
29000000000000   016      4812    22018671      5497     5873441    393292      7034
29000000000000   021       135      665090         2        4751       102       136
29000000000000   089      2077     9774238        70      140757      5293      2102
30000000000000   000     15548    72302184     10684    12433024    634267     19394
30000000000000   023       741     3506487        29       50706      2903       759
30000000000000   029       323     1435683        95      120896      8152       372
30000000000000   025       926     3634232         8       16485       698       930
30000000000000   062       327     1871928         0           0         0       327
30000000000000   162       163      623976        23       33980      2635       179
30000000000000   005      1091     4783661        58       85048      4915      1121
30000000000000   044      1661     6865990       279      376072     36635      1882
30000000000000   001        27      111749        19       39144      2511        41
30000000000000   087         8       42438         8        5659       436        10
30000000000000   079      1511     5879712       131      221606     10105      1571
30000000000000   032       844     3985726        66      107042      6033       881
30000000000000   040       663     2666836        85      138497      2119       676
30000000000000   022       375     1363359        76      115701      5982       411
30000000000000   061        74      282769       248      207459     19864       194
30000000000000   059       347     1647460        84       81206      5753       381
30000000000000   091        28      141209         3       10678       263        30
30000000000000   018      1488    11178420      2711     5289337    155416      2438
30000000000000   016      2654    12484144      5845     4666321    297360      4460
30000000000000   021       311     1342062        24       41803      2262       324
30000000000000   090       293     1153647       505      440898     41439       543
30000000000000   089      1693     7300696       387      384486     28786      1864
31000000000000   000    134410   797041595     37287    50763803   1985593    146801
31000000000000   023      5371    27939784       437      826336     48856      5686
31000000000000   029      1153     6858828        33       50148      2517      1169
31000000000000   025     13040    79969116       186      314503     15042     13137
31000000000000   062      2846    23258393         0           0         0      2846
31000000000000   162      1284     6354443        35       78256      2586      1301
31000000000000   005      9175    55687205        10       23333       764      9180
31000000000000   044      5673    29298804       504      714560     39507      5897
31000000000000   087        79      414656         3        3313       213        80
31000000000000   079      8804    48392711       193      347858     15973      8908
31000000000000   032      4242    24849588       633     1834451     27416      4419
31000000000000   040     16167    76116138      2286     4800025    229251     17646
31000000000000   022      1684     8417942       241      636873     31873      1890
31000000000000   081       548     3918707         6        6755       618       552
31000000000000   061      1388     6822876      2362     1366675    101550      1969
31000000000000   059      1827    11036000       327      487839     23167      1971
31000000000000   091       114      627698         0           0         0       114
31000000000000   094     11111    53039114      1007     1653165     84431     11588
31000000000000   012     10517    79068908       810     1743397     49782     10857
31000000000000   112      4427    18161867      2155     3188673    101116      5074
31000000000000   018      7742    83572295      8605    17669504    331986      9822
31000000000000   016     18558    99971237     16787    14106933    818733     23645
31000000000000   021      2502    15165698       544      691023     50526      2828
31000000000000   089      6158    38099587       123      220183      9686      6222
32000000000000   000     41240   163335726     13776    15059833    982400     46794
32000000000000   023       952     3883937         9       12702      1018       958
32000000000000   029       188      936579         8       32782       883       193
32000000000000   025      3094    13060751       118      177406     10577      3156
32000000000000   062       504     2800210         0           0         0       504
32000000000000   005      3748    12724027        39       81810      4455      3773
32000000000000   044      2059     7256598         0           0         0      2059
32000000000000   001         3       13764         0           0         0         3
32000000000000   079      1714     5807971         4       10846       704      1718
32000000000000   032      2298     9075427        75      226296     12217      2368
32000000000000   040      6769    27801736      1042     2274622    126868      7486
32000000000000   022       714     2490427         2        1320       173       715
32000000000000   061       653     2386852        27       51785      3963       675
32000000000000   059       966     3825035        31       44178      2779       982
32000000000000   018      3398    16157932      3780     5312046    199846      4526
32000000000000   016     10990    42447078      8552     6723060    612212     14449
32000000000000   021       903     3588620        72       79895      4965       931
32000000000000   089      2287     9078782        17       31085      1740      2298
33000000000000   000    226662  1287164706     52343    78270149   2857982    243647
33000000000000   023     12249    63809418       144      355056     11718     12316
33000000000000   029      4033    17190292       526      634205     38387      4251
33000000000000   025     18965   130554261       668     2386168     78230     19411
33000000000000   062      4651    42982012         0           0         0      4651
33000000000000   162      1380     6720960       121      184123     19291      1489
33000000000000   005     31567   171999653       404     1276166     40802     31800
33000000000000   044     10996    60052744      1025     1215269     82388     11463
33000000000000   001       178      806182         0           0         0       178
33000000000000   087       625     3720568        28       33049      1754       635
33000000000000   079      4408    22021949       436     1141698     54841      4717
33000000000000   032      8834    51577999       393     1345194     41207      9070
33000000000000   040     40617   209026295      5255    16517034    558211     43779
33000000000000   022      8598    45213111        72      231580      9303      8651
33000000000000   061      2004     9772541       413      890237     57027      2326
33000000000000   059      3052    16403876        68      113508      4126      3076
33000000000000   092      1666    13098582        20       63650      2019      1677
33000000000000   094     15579   109256118       248      498304     31291     15756
33000000000000   018     14716   106922139     21438    29765694    743002     19276
33000000000000   016     26625   114771970     20485    19829652   1032482     32903
33000000000000   021      3938    20608401       150      364338     14653      4021
33000000000000   089     11981    70655635       449     1425224     37250     12201
34000000000000   000    135171   535727977     43317    52800681   3397271    154364
34000000000000   023      4970    21536496       125       89257      1510      4978
34000000000000   029       743     4057311       418      834234     39266       964
34000000000000   025      6517    30573197       459      369891      5177      6546
34000000000000   062      2223    10520315         0           0         0      2223
34000000000000   162      1198     4783277         7       12201       129      1199
34000000000000   005     21169    66465853        49       81393       946     21175
34000000000000   044     10956    36494060        80       45858      5000     10984
34000000000000   087       238     1038818         0           0         0       238
34000000000000   079      1251     4476734        54       69442      2438      1265
34000000000000   032      2697    10711955       168      315229     13890      2775
34000000000000   040     19508    77266168      1933     4509925     94281     20040
34000000000000   022      2323     8569915        52       54788       855      2328
34000000000000   081       305     1506996         0           0         0       305
34000000000000   061      1507     4867179       349      402698     43274      1752
34000000000000   059      4432    17902706       283      519126     39353      4655
34000000000000   018     15356    94303394     13709    23699830   1107439     21612
34000000000000   016     32561   108522463     25170    21261102   2012458     43931
34000000000000   021      2895    12307090       195      153289      1543      2904
34000000000000   089      4322    19824050       266      382418     29712      4490
35000000000000   000     15843    67415860      8917     8457621    486296     18592
35000000000000   023       622     2450317        41       44037      2251       635
35000000000000   029       203      815557       240      991665     28703       365
35000000000000   025       561     2747953        46       33326      1875       571
35000000000000   062       135      734416         0           0         0       135
35000000000000   162        50      166810         4        3023       232        51
35000000000000   005       734     2582356        85      173864      6610       772
35000000000000   044      1092     4821305         8       10961       651      1096
35000000000000   079       481     1553960        92      131626      8421       529
35000000000000   032      1257     4540414       266      272833     20870      1375
35000000000000   040       877     2536287       146      203844      7751       921
35000000000000   022       348     1300346       117      114660      6229       383
35000000000000   061       169      479991        12       21926      1319       177
35000000000000   059       605     2532827       592      368079     32425       789
35000000000000   018      2134    14518283      2546     3379469    135540      2900
35000000000000   016      4879    18319849      4552     2510338    222718      6137
35000000000000   021       257      958994        41       60773      2835       273
35000000000000   089      1439     6356195       129      137197      7866      1483
36000000000000   000    113917   575118974     72171    78297099   4364766    139049
36000000000000   023      6795    35348680       388      575429     30712      7006
36000000000000   029       837     3888780       153      118744     10403       910
36000000000000   025      2585    15110124       567     1376748     38738      2857
36000000000000   062      1382     7973352         0           0         0      1382
36000000000000   162      1131     4682761        11       31977      1718      1141
36000000000000   005     15202    64546982        86      262545      8409     15261
36000000000000   044      6443    30046413       652     1406404     86142      6930
36000000000000   079      2532    13904214       337      609665     46587      2795
36000000000000   032      3341    18330542       258      541758     27940      3519
36000000000000   040     14209    70887429      3192     6079698    239265     15759
36000000000000   022      1899     8336073       357      888261     46838      2163
36000000000000   061       398     1710215       815      359115     22279       555
36000000000000   059      2548    10846897       302      276077     17914      2669
36000000000000   018     15849   115826084     19715    27785197   1049470     21797
36000000000000   016     31911   138432122     44511    37070606   2694556     47147
36000000000000   021      2182    11083419       281      366941     17331      2304
36000000000000   089      4673    24164887       546      547934     26464      4854
37000000000000   000     59833   234154668     27060    27135937   1503730     68339
37000000000000   023      1505     5750563        25       19327      1260      1512
37000000000000   029       661     2490193       114      222478     14526       743
37000000000000   025      2728    11954270       102      128351      8143      2774
37000000000000   062       979     5103256         4        6350       288       981
37000000000000   162       870     3000883        67       73241      5996       904
37000000000000   005      4843    15216353        48      112770      3776      4864
37000000000000   044      2956     9977920         0           0         0      2956
37000000000000   001         9       40832         0           0         0         9
37000000000000   079      6295    18337125         5       14148       449      6298
37000000000000   032      5124    19143088       275      580070     25861      5270
37000000000000   040      1874     6257533        60      120701      6183      1908
37000000000000   022      1420     4913433       123      189701     13448      1496
37000000000000   081        77      356931        12       10950       985        83
37000000000000   061       627     1686882       246      234561     23669       761
37000000000000   059      1680     5791726       885      775297     47200      1946
37000000000000   092       538     3011952         7       19488       933       543
37000000000000   018      6434    42274943      7313    10409044    362036      8484
37000000000000   016     16267    60906315     17529    13916170    975067     21786
37000000000000   021      1801     6319480        58       52727      3369      1818
37000000000000   089      3145    11620990       187      250563     10541      3203
38000000000000   000     58091   268522511     24557    32189791   1320263     65542
38000000000000   023      3951    16437301       206      302588     18615      4055
38000000000000   029       987     4441803       202      361136     17779      1086
38000000000000   025      2956    13608885       168      526805     19118      3063
38000000000000   062       693     3951424        11       16082       748       697
38000000000000   162       608     2551926       138      143807      5996       642
38000000000000   005      5094    22057487       102      191782      7447      5136
38000000000000   044      3715    17537070       301      729941     34779      3911
38000000000000   001        14       52104         0           0         0        14
38000000000000   079      7450    27617128       301      557696     24291      7587
38000000000000   032      1570     6503739       130      298136     11854      1636
38000000000000   040      5375    27693715      3313     9730984    201463      6513
38000000000000   022      2158    10971671        81      272498      8673      2207
38000000000000   061       446     1681214        25       46378      2454       460
38000000000000   059      2389     9528327       294      445309     24487      2526
38000000000000   018     10079    62773625      3428     6346776    196800     11191
38000000000000   016      8157    30447817     15647    11983212    734638     12308
38000000000000   021       660     2914766        54       53053      2497       674
38000000000000   090       211      902058        11       15180      1107       217
38000000000000   089      1578     6850451       145      168428      7517      1619
39000000000000   000    142206   666474607     66664   110254029   4458987    168548
39000000000000   023      6678    28750328      1169     2540582    130203      7464
39000000000000   029      3001    12301709       566     2443214     61897      3381
39000000000000   025      2928    21258193       117      807087     12409      3008
39000000000000   062      5065    29853806         6       11909       682      5069
39000000000000   162      1335     7883768       287      785038     35845      1551
39000000000000   005     18259    80620120       768     2663130     67538     18666
39000000000000   044     12517    48472242      3593     8049960    370114     14739
39000000000000   001        40      187426        39       86009      2409        55
39000000000000   087       185      823763        49        6376       542       188
39000000000000   079     11053    42827333      1663     3495124    119035     11771
39000000000000   032      1762     8448463       302      586491     15844      1858
39000000000000   040     10962    37768572      1713     2973571    101215     11562
39000000000000   022      3859    15882851      1207     2783281     87840      4388
39000000000000   061      1589     6632750      1445     3549576    149939      2492
39000000000000   059      5261    24252211      2712     5287248    183842      6333
39000000000000   018     14953   123142461     12321    35232724    713631     19042
39000000000000   016     29672   122620973     34917    32031551   2070381     41875
39000000000000   021      4033    16739299       499      972812     31534      4220
39000000000000   090      3112    10769427      2296     4565585    248265      4608
39000000000000   089      5942    27238912       995     1382761     55822      6278
40000000000000   000     17056    93517744      6727     6774656    286224     18900
40000000000000   023       843     4378085         4       15392       492       846
40000000000000   029       537     2763468       387      236367      5576       573
40000000000000   025      1148     6582894        16       43680      1628      1159
40000000000000   062       226     1648392         0           0         0       226
40000000000000   162        77      425675         2        4982       120        78
40000000000000   005      1538    10227766         1        4776        77      1538
40000000000000   044       736     3693649        43       47880      2712       752
40000000000000   001       153      940115         3        4131       146       154
40000000000000   079      1250     6931144        16       62811      2464      1266
40000000000000   032       946     5340759        81       55711      2876       965
40000000000000   040       772     4202803         2       10443       283       774
40000000000000   022       447     2068965        26       90453      3230       468
40000000000000   081        97      553625         3        2214        58        97
40000000000000   080       248     1132120         0           0         0       248
40000000000000   061        55      198941         0           0         0        55
40000000000000   059       407     2275339        29       48112      1778       418
40000000000000   094       709     3596193        46      123565      7312       750
40000000000000   012       425     2334656        48       73372      1864       439
40000000000000   112       161      346327        66       40257      3332       186
40000000000000   018      1837    11641500      2629     3869790    106637      2525
40000000000000   016      2256    10070067      3281     1945403    141887      3171
40000000000000   021       489     2849987        15       44598      1498       498
40000000000000   089      1699     9315274        29       50719      2254      1714
41000000000000   000     70147   266510201     19938    20973986   1207383     77342
41000000000000   023      3396    11247710       126      254284     14406      3483
41000000000000   029       633     2384916       514      595202     35211       844
41000000000000   025       754     3651798        26       43082      2366       768
41000000000000   062      1306     4842774         1        3798        50      1306
41000000000000   162       624     2012184         1        2828        60       624
41000000000000   005      7450    21095364        14       22944      1266      7458
41000000000000   044      4627    14442976         7       13916       410      4629
41000000000000   001        11       51128         0           0         0        11
41000000000000   087       465     2522567         3        1678        55       465
41000000000000   079      4920    13329348         9       24130       944      4926
41000000000000   032      5682    19008195       410      879843     22261      5816
41000000000000   040      6830    20327575       150      555073     19177      6941
41000000000000   022      1397     4236360       142      237842     16274      1495
41000000000000   061       679     1493334        32       24774      2466       694
41000000000000   059      1866     5876774       201      230328     19535      1983
41000000000000   091        11       60650         0           0         0        11
41000000000000   092      1829    11014958        15       43005      1789      1839
41000000000000   018      8332    53124417      7862     9341780    406290     10753
41000000000000   016     14799    59928645     10165     8262918    643353     18630
41000000000000   021      2952    10358126       189      329150     15838      3047
41000000000000   089      1584     5500402        71      107411      5632      1619
42000000000000   000     12594    50009013      6237     5014161    329670     14458
42000000000000   023       431     1893341        10       17185      1330       438
42000000000000   029       309     1223987        72       68271      4964       337
42000000000000   025       577     2491734        88      125310      8117       623
42000000000000   062       189      819426         3        9144       320       191
42000000000000   162       126      362884        10       12936       888       131
42000000000000   005       837     2641081        25       36553      2650       852
42000000000000   044       951     3631522        58       87426      5511       982
42000000000000   079      1030     3422149        37       66588      4850      1057
42000000000000   032       584     2431958       135      391180     18007       687
42000000000000   040       864     2910577       155      234194     15658       953
42000000000000   022       284      869177         6        9737       755       288
42000000000000   061       127      427929        25       23962      2409       141
42000000000000   059       967     3908319       330      400965     24182      1104
42000000000000   018      1456     9370911      1095     1679349     68675      1844
42000000000000   016      2683     9010049      4116     1771887    165000      3616
42000000000000   021       363     1312634        29       27661      2342       376
42000000000000   089       816     3281335        43       51813      4012       838
43000000000000   000     76872   285837032     26995    26361823   1584417     86215
43000000000000   023      3305    13329371        49       92941      6618      3345
43000000000000   029       826     3306550         7        7169       588       830
43000000000000   025      2453    12593910         8       12187       771      2457
43000000000000   062      1074     5030356         0           0         0      1074
43000000000000   162       623     2048898        10       32481      1405       632
43000000000000   005      6925    19589726        35       77268      4922      6953
43000000000000   044      4009    12583398         0           0         0      4009
43000000000000   079      7798    24689376         0           0         0      7798
43000000000000   032      9460    31159952       119      362836     15057      9546
43000000000000   040      3379    12233047       118      478317     20112      3492
43000000000000   022      1332     4198358       307      528638     39958      1573
43000000000000   061       946     2411732       194      154672     17286      1050
43000000000000   059      3463    13362476       555      821987     64890      3841
43000000000000   018      8435    50014387     10529    12876554    596218     11984
43000000000000   016     18068    62117898     14770    10565421    798965     22748
43000000000000   021      2054     7368588       245      280450     14707      2142
43000000000000   089      2722     9799009        49       70902      2920      2741
44000000000000   000    284729  1250543845     78804   114428182   5953504    318370
44000000000000   023      6710    29741263       131      156630      6505      6747
44000000000000   029      2313     9789101       478      494018     29048      2477
44000000000000   025      5537    27758336       208     1182558     29903      5706
44000000000000   062      3541    20193198         0           0         0      3541
44000000000000   162      3015    10285236        91       98532      8352      3062
44000000000000   005     43112   127175835       627      862572     51594     43403
44000000000000   044     13228    55092737       558     1217525     30777     13403
44000000000000   079     22917    70728229       247      429663     23413     23049
44000000000000   032     29593   106552708       778     2037083     61093     29938
44000000000000   040     23888   105419533      2271     9621225    271209     25421
44000000000000   022      4617    16067939        37       66379      3551      4637
44000000000000   061      1136     3475234       157      175130     16511      1229
44000000000000   059     10372    45378055      1492     3459449    130981     11111
44000000000000   018     25401   247149641     26647    48417805   2111902     37334
44000000000000   016     77103   322494496     44519    44797706   3121641     94742
44000000000000   021      4631    20453262       322      951125     36352      4836
44000000000000   089      7615    32789042       241      460782     20672      7734
45000000000000   000     44529   197597973     25727    29035801   1588034     53501
45000000000000   023      2345    10558183       200      154701     11676      2411
45000000000000   029       326     1695537        70       68636      1725       336
45000000000000   025      1587     7247613        68      228786      6488      1624
45000000000000   062       426     1891834         0           0         0       426
45000000000000   162       357     1265583        81       87907      5643       388
45000000000000   005      2994    10626158       215      172482     13162      3068
45000000000000   044      1600     6740182         4        4968       363      1602
45000000000000   079      2788     9798916       142      226707     13016      2862
45000000000000   032      1684     6730867       212      287622     14195      1764
45000000000000   040      6610    25575414      1193     1797469     73991      7028
45000000000000   022       878     3070462         0           0         0       878
45000000000000   061       274      892375        61       60464      5256       304
45000000000000   059      1259     4698826       164      170784     13698      1336
45000000000000   018      6785    50453218      8635    12924644    487730      9540
45000000000000   016     11927    45694146     13863    12014343    886352     16936
45000000000000   021       903     4016924       435      617686     36662      1110
45000000000000   090       263      727131       310      181780     16946       359
45000000000000   089      1523     5914604        74       36822      1131      1529
46000000000000   000     13236    61000379      2610     5639131    197477     14419
46000000000000   023       574     2559087        12        8137       514       577
46000000000000   029       465     1827404       216      499750      1730       474
46000000000000   025       666     2855233        18       11460       569       669
46000000000000   062       308     1855024        17       10007       680       312
46000000000000   162       115      475481        34       45595      4244       139
46000000000000   005      1058     4360854         4        2590       155      1059
46000000000000   044      1010     4599209         2         434        35      1010
46000000000000   079      1313     5528009        31       25840      1023      1319
46000000000000   032       456     1992542         2        2123        80       456
46000000000000   040       285     1264976        12       23953       496       288
46000000000000   022       278     1095908         2         695        40       278
46000000000000   061       108      461550         2         848        53       108
46000000000000   059       554     2634131         7       10283       336       556
46000000000000   018      1057     8802197      1149     2076072     59485      1415
46000000000000   016      3349    13392857       990     2784259    121438      4081
46000000000000   021       479     2161827        29       55127      2548       495
46000000000000   090        54      230218         0           0         0        54
46000000000000   089      1107     4903872        83       81958      4051      1129
47000000000000   000    105953   463376208     54075    68024828   3357897    124930
47000000000000   023      3901    16171520       506      782792     56838      4223
47000000000000   029       498     2450874       246      572284     25469       644
47000000000000   025      3553    16681890       346      426162     14718      3635
47000000000000   062      2113    10639006        30       67028      2846      2129
47000000000000   162       731     2530556       117      230680     13102       805
47000000000000   005     13754    42570398       294      485574     31048     13929
47000000000000   044      6971    28585918       244      192731     10136      7028
47000000000000   087       125      662535         2        3611       255       126
47000000000000   079      2594    10207648       318      583532     32652      2779
47000000000000   032      5035    19693392       746     1256996     74706      5457
47000000000000   040     13636    52422458      2377     4626065    171166     14606
47000000000000   022      1310     4845718       899     1571428     75861      1738
47000000000000   061       711     2523292       876      852224     72686      1121
47000000000000   059      2363    11659396       773     1045668     69493      2757
47000000000000   018     14400   107668678     15479    28381220    788920     18857
47000000000000   016     27278   102657898     28230    23248226   1657590     36642
47000000000000   021      2521    11307216       616     1104358     55124      2832
47000000000000   090       844     2885232      1466     1753210    160022      1748
47000000000000   089      3615    17212583       510      841039     45265      3874
48000000000000   000    100371   510451127     54414    80178800   3664844    121136
48000000000000   023      2833    13459778        97      313130     11324      2898
48000000000000   029      1230     6241953       197      547595     19158      1339
48000000000000   025      1861    10561335        96      362162     11476      1925
48000000000000   062      1057     6810790         0           0         0      1057
48000000000000   162      1166     5078522        32       73194      3336      1185
48000000000000   005      8721    40140190       480     1360592     62156      9072
48000000000000   044      7257    37803686       325      391982     15382      7344
48000000000000   079      8915    39288352       809     2021159     84570      9393
48000000000000   032      4736    30016730       766      760512     29840      4904
48000000000000   040      8972    46859464      3306    12577268    270807     10502
48000000000000   022      2987    13016592       193      535082     28492      3148
48000000000000   081       148      777394        18       58154      1914       159
48000000000000   061       620     2801228        48       80952      4086       644
48000000000000   059      4576    19989980       898     1429047     80103      5027
48000000000000   018     12415    89187576     13238    29496705    645906     16072
48000000000000   016     25729   115143038     32332    27743494   2264341     38570
48000000000000   021      1811     8182515       773     1048926     41499      2050
48000000000000   090       545     2182244       607      991490     73894       962
48000000000000   089      4792    22909760       199      387356     16560      4885
49000000000000   000     36210   131021491     12124    10837857    613419     39882
49000000000000   023      1901     5633300        44       60342      2928      1917
49000000000000   029       209      761964       323      835210     27385       380
49000000000000   025      1517     6505288        46       99834      4868      1545
49000000000000   062       624     3036338         0           0         0       624
49000000000000   162       398      990406        23       16238      1358       406
49000000000000   005      3421     9080348        10       11656      1062      3427
49000000000000   044      5175    15772798        25       44980      3790      5196
49000000000000   001         3       11670         0           0         0         3
49000000000000   087         2        5912         0           0         0         2
49000000000000   079      3340     8695404        46       64102      4732      3367
49000000000000   032       751     2413398        63       77180      3750       772
49000000000000   040      1756     4561506        65       85960      5262      1787
49000000000000   022       612     1865292        89      148578      9672       670
49000000000000   081        10       37350         2         600        12        10
49000000000000   061       375      788100       365      258144     33958       567
49000000000000   059      1857     6244394       196      148350     14876      1943
49000000000000   094         7       25714         0           0         0         7
49000000000000   018      3678    23951322      4520     5383198    172177      4715
49000000000000   016      6908    27120469      6011     3253598    315283      8807
49000000000000   021      1277     5411296       190      260660      7196      1319
49000000000000   090        49      132668         2        3240       270        51
49000000000000   089      2340     7976554       104       85987      4840      2367
50000000000000   000     56068   280520376     47421    48137298   2623593     70891
50000000000000   023      2150    10722589       170      358176     14661      2232
50000000000000   029       790     3624412       297      685557     26676       941
50000000000000   025      2007    12426945       271      796801     30408      2178
50000000000000   062       586     3818417         0           0         0       586
50000000000000   162       303     1221476        25       34045      1760       313
50000000000000   005      9437    40066662       621     2171109     57776      9764
50000000000000   044      1361     7127920        57      139143      5619      1393
50000000000000   079      1693     7263728       288      715363     45325      1949
50000000000000   032      1257     6560658       423     1252657     44721      1510
50000000000000   040      2857    11360087       494     1439399     49384      3135
50000000000000   022       938     3882503        33       72930      4140       962
50000000000000   061       104      428511        73      123371      6498       141
50000000000000   059      1852     8470690       722     1023202     48579      2126
50000000000000   018      8664    57629544     11807    13936363    692185     12575
50000000000000   016     17091    80657503     31464    23457493   1521663     25688
50000000000000   021       832     4053581       219      781757     27985       990
50000000000000   089      4146    21205150       457     1149932     46213      4408
51000000000000   000     12522    53190381      3446     3015603    159028     13416
51000000000000   023       576     2779958         7       12860       560       578
51000000000000   029       138      728352        93       48227      2623       151
51000000000000   025       544     2863362        49      137255      3920       566
51000000000000   062       202      872087         0           0         0       202
51000000000000   162        97      503774         0           0         0        97
51000000000000   005      1391     4836738         5        5599       400      1393
51000000000000   044      1783     7475705        83      174016     11561      1848
51000000000000   079       759     3072483        37       49420      2968       776
51000000000000   032       748     3171926        81      136523      6373       784
51000000000000   040       725     2398988        29       52848      2320       738
51000000000000   022       124      434153         9       10205       720       128
51000000000000   061       156      625113        53       56249      2485       170
51000000000000   059       991     4206663        29       43253      2323      1005
51000000000000   018      1038     6661686       760      976532     36126      1242
51000000000000   016      2003     7217878      2160     1249246     82601      2470
51000000000000   021       235     1157568         7       10904       560       238
51000000000000   090        40      143926         0           0         0        40
51000000000000   089       972     4040021        44       52466      3488       990
