01000000000000   000     78955   342315590     30226    30934398   1798658     89366
01000000000000   023      2432    10538974        67      130415      6892      2471
01000000000000   029       512     2593707       218      576428     23395       645
01000000000000   025      3145    13883267       243      419411     30241      3316
01000000000000   062       719     3159110         0           0         0       719
01000000000000   162       670     2075846         0           0         0       670
01000000000000   005      4874    15867622        99      196056     10276      4932
01000000000000   044      4210    15226494        59       45784      4720      4237
01000000000000   087       594     2830271         1        1775        80       594
01000000000000   079      3907    13547783        93      159750      7974      3952
01000000000000   032      5149    19010440       349      445302     35862      5352
01000000000000   040     10913    46925069      1658     3426842    134097     11709
01000000000000   022       923     3389544       104      134848     13336       998
01000000000000   061       355     1027312       276      291978     34396       550
01000000000000   059      1860     7311999       125      148219     10684      1919
01000000000000   018      9945    74193023      9238    11701563    485938     12759
01000000000000   016     23187    89656618     16931    12380313    930318     28586
01000000000000   021      2885    11100470       149      133027      5899      2918
01000000000000   090       715     1829852        13       22176      1348       723
01000000000000   089      1960     8148189       603      720511     63202      2316
02000000000000   000     25015   139767872      5854     7838316    401943     27345
02000000000000   023      1105     6593154        39       55520      2180      1120
02000000000000   029       781     4269972        44       77410      3312       800
02000000000000   025      1471     9137934        55      149884      4284      1497
02000000000000   062       311     2591166         0           0         0       311
02000000000000   162       347     1714208        33       38012      2228       360
02000000000000   005      2053    11429035        68      150368      6884      2095
02000000000000   044      3153    18231100        52       84548      4882      3182
02000000000000   079      1811     8724520       119      205122     17856      1918
02000000000000   032       729     4176046        16       43380      1300       737
02000000000000   040       226     1247590        26       59914      3574       248
02000000000000   022       384     1844920         7       14860       652       388
02000000000000   061        88      471790         2        4950       220        89
02000000000000   059      2394    13433704       114      229391      9053      2447
02000000000000   012      1996     9105263       571      657817     35008      2209
02000000000000   112       631     2297513       593      803457     45911       911
02000000000000   018      1488    11616271      1136     1397429     57343      1812
02000000000000   016      2959    14577792      2899     3754948    201876      4100
02000000000000   021       261     1507176        27       34712      1716       271
02000000000000   089      2827    16798718        53       76594      3664      2850
03000000000000   000     65397   297991137     29924    33747917   2029107     76865
03000000000000   023      2374     9098750        37      100686      3470      2393
03000000000000   029       751     3091137        78      150290      4000       775
03000000000000   025      2010     9300320        72      265310      7547      2054
03000000000000   062      1103     6107299         0           0         0      1103
03000000000000   162       781     3396290        40       83986      3009       798
03000000000000   005      9751    34486353        18       45937      1257      9758
03000000000000   044      2843    12463554        35       87070      3029      2860
03000000000000   079      5769    20020535       104      190236     10639      5829
03000000000000   032      2375     9850598        44      117311      4431      2400
03000000000000   040      6264    29351951      1126     3647787    123513      6962
03000000000000   022      2016     6079955        61      104716      6030      2050
03000000000000   061       329      858436         5        1218        33       329
03000000000000   059      1425     5982210       213      370235     21089      1544
03000000000000   092         8       60190         0           0         0         8
03000000000000   018      6915    51205333     10032    12395707    668701     10693
03000000000000   016     14494    72288029     17633    15451930   1133012     20895
03000000000000   021      3072    11237962       297      498570     29752      3240
03000000000000   089      3117    13112235       129      236928      9595      3174
04000000000000   000     58563   226060263     15903    15507970    971411     64056
04000000000000   023      2008     7210328        14       19284       948      2013
04000000000000   029       763     3283264       136      186737     10003       820
04000000000000   025      1319     4920862       151      454005     13687      1395
04000000000000   062       552     2418900         0           0         0       552
04000000000000   162       665     2128035        13       19814      1220       672
04000000000000   005      5521    16941218        14       21863      1873      5532
04000000000000   044      3359    12399615        27       54817      3569      3379
04000000000000   079      3930    12450988        52       54110      3990      3953
04000000000000   032      4240    14131568       130      285886     11357      4305
04000000000000   040      6457    23708100       508      973263     60557      6799
04000000000000   022      1468     5190816         1        1738        93      1469
04000000000000   061      1056     2323872         6        3372       562      1059
04000000000000   059      1953     6288337       346      279231     22583      2080
04000000000000   018      6700    46483489      5146     6677512    300952      8400
04000000000000   016     14589    51679133      9239     6335017    529390     17583
04000000000000   021      1459     5240629        21       29492      1693      1469
04000000000000   089      2524     9261109        99      111829      8934      2576
05000000000000   000    326705  2081007855    159106   351470365  12502503    397348
05000000000000   023     24000   112569644      2555     4918518    298635     25687
05000000000000   029      3699    20718365       312      872962     29976      3880
05000000000000   025      6148    40212148       570     1323365     35381      6348
05000000000000   062      7560    66818025       191       74335      1784      7570
05000000000000   162      3347    13394476        57      108328      4803      3374
05000000000000   005     50418   355659432      1562     6224608    192577     51506
05000000000000   044     19166   137738721      1024     3724189    140072     19957
05000000000000   079      3596    16447155       294      665725     22705      3724
05000000000000   032     12650    74764090      1683     4471523    153843     13519
05000000000000   040     29573   215101518     18218   104232083   2186654     41927
05000000000000   022     13966    65921145      1388     3661947    155385     14844
05000000000000   081       583     3175271        87      169492      9082       634
05000000000000   061      2176    10706468      2013     3053300    207137      3346
05000000000000   059     12843    76948707      2773     4578370    336449     14743
05000000000000   018     24643   219576311     30862    60477098   2036576     36149
05000000000000   016     88617   521223240     93210   147199417   6505745    125373
05000000000000   021      3951    19172039       462      890557     41312      4185
05000000000000   089     19769   110861100      1845     4824548    144387     20582
06000000000000   000     55867   292062842     46673    82928053   3600157     77637
06000000000000   023      1751     8728865        60      153798      5351      1781
06000000000000   029       444     1862244       168      451254     25412       587
06000000000000   025      4275    21304310       564     1570822     59850      4613
06000000000000   062       754     4558580         0           0         0       754
06000000000000   162       464     2136512        17       39004      1390       472
06000000000000   005      6993    28917081        57      211478      7460      7035
06000000000000   044      2963    13745925       145      372348     21787      3086
06000000000000   079      2008     8717997       334      834831     36952      2217
06000000000000   032      1190     6577540       158      503637     17433      1288
06000000000000   040      4701    18903876      1019     4792247    141683      5583
06000000000000   022       869     4073815       279      762996     44646      1121
06000000000000   061       879     4249368       243      375458     21969      1003
06000000000000   059       951     5013387       177      323376     17999      1053
06000000000000   018      9142    75047049     15461    39347138   1436136     18074
06000000000000   016     15136    70743311     26768    31412637   1662834     25062
06000000000000   021      1037     5276976      1160     1600231     90200      1547
06000000000000   089      2310    12206006        63      176798      9055      2361
07000000000000   000     53612   334772251     25069    40657531   1539753     62634
07000000000000   023      2231    13100057       115      323521     12263      2301
07000000000000   029      1324     7888531       246      868216     27969      1482
07000000000000   025      5956    35064375       320      821673     13271      6031
07000000000000   062      1274     9974503         2        2708       135      1275
07000000000000   162       651     3696732       238      154610      5578       682
07000000000000   005      5642    34263350        72      243853      5881      5675
07000000000000   044      3170    19889084         5       22894       729      3174
07000000000000   001       148     1091464         0           0         0       148
07000000000000   079      5239    31574045       445     1680010     60756      5583
07000000000000   032      3765    21596383       565     1802021     48554      4040
07000000000000   040      5232    33124202      1814     7417815    227688      6518
07000000000000   022       759     3987138         1        1647        64       759
07000000000000   081        43      279348         3        8235       359        45
07000000000000   061       149      836021        16       28974      1282       156
07000000000000   050         1        9161         0           0         0         1
07000000000000   059       668     3963734       100      188379      6969       708
07000000000000   018      4583    38008894      7854    14323382    435588      7218
07000000000000   016      7591    45447525     11922     9841531    583238     11033
07000000000000   021      2687    15385495      1008     2357492     84572      3165
07000000000000   089      2499    15592209       343      570570     24857      2640
08000000000000   000     23413   102682076      8528    11774931    544052     26691
08000000000000   023       789     2604629        17       22382      1347       798
08000000000000   029       399     1699278        90      139644      5615       432
08000000000000   025      1726     8097209        54      103852      5657      1760
08000000000000   062       789     5502396         0           0         0       789
08000000000000   162       260     1287160        16       28066      1495       269
08000000000000   005      2872    11525163        44       63647      4229      2898
08000000000000   044      1528     5052615         0           0         0      1528
08000000000000   087       273     1114738         0           0         0       273
08000000000000   079      1575     5407682        78      142550      8160      1624
08000000000000   032      2027     7651663       158      298879     16027      2124
08000000000000   040      1417     4784782        92      117848      8258      1466
08000000000000   022       329     1087259        22       36977      1641       338
08000000000000   081       118      476249        20       32205      2502       133
08000000000000   061       301      783979        27       20219      1473       310
08000000000000   059       477     1849423       107      136123      8434       529
08000000000000   094       869     3585624         4       14530       551       872
08000000000000   018      1530    12301884      3442     6217603    201256      2742
08000000000000   016      4098    18878851      4119     4161325    263578      5686
08000000000000   021       342     2028558        24       31325      1780       353
08000000000000   089      1694     6962934       214      207756     12049      1767
10000000000000   000    161839   662203012     46450    57541411   3123146    179485
10000000000000   023      6331    21659439       152      191414     16149      6422
10000000000000   029      1983     8484742       220      240953     17976      2084
10000000000000   025     18982    76106937       754     1213367     64796     19350
10000000000000   062      2165     8942237       237      253757      6866      2204
10000000000000   162      1866     6400507       175      153306     10419      1924
10000000000000   005     24474    77058943       253      312592     13743     24551
10000000000000   044      6349    26499176        28       31580      2387      6362
10000000000000   079      8919    26991797       230      251540     17028      9015
10000000000000   032     18414    59081530      1124     2427254    122295     19105
10000000000000   040      4029    13158594        44       89402      3468      4049
10000000000000   022      2558     8590246         4        7349       366      2560
10000000000000   061      1271     3093289       258      272054     17003      1367
10000000000000   059      7735    26031121       755      833335     64727      8101
10000000000000   094       682     3093682        71      118677      8791       732
10000000000000   018     13719   131921886     14557    27209829   1080586     19825
10000000000000   016     33100   133606750     26842    23192311   1631033     42315
10000000000000   021      2900    10009220       294      237530     12598      2971
10000000000000   089      6362    21472916       452      505161     32915      6548
11000000000000   000    114241   432577873     55060    52449041   2886658    130557
11000000000000   023      3352    11204687       126      175629      9071      3403
11000000000000   029      1189     3721490       101      109843      6064      1223
11000000000000   025      3940    14291802        63       75857      3936      3961
11000000000000   062      1760     5611516         3        4212       208      1761
11000000000000   162      1237     3989572        55       83038      6038      1271
11000000000000   005     18024    37561893      7399     6292110    231311     19331
11000000000000   044      4809    13219907        37       12845       686      4813
11000000000000   001         2        8426         0           0         0         2
11000000000000   087       993     6576648         0           0         0       993
11000000000000   079      6721    21015431       121       76517      2502      6736
11000000000000   032      3815    15314485       110      168031      7295      3856
11000000000000   040      7742    25189797       305      588101     24565      7880
11000000000000   022      1859     4750491        59       48699      3866      1881
11000000000000   061      2198     7143436      1080     1425102    162738      3118
11000000000000   059      4347    14826633      1099     1314496     92316      4870
11000000000000   018     14154    90465110     16972    23188226    955335     19555
11000000000000   016     32906   137390820     27112    18447260   1354147     40562
11000000000000   021      2489    11159426       196      297781     15879      2578
11000000000000   089      2704     9136303       222      141294     10701      2763
12000000000000   000     51757   221743708     20425    18203941    859883     56810
12000000000000   023       646     2423822         2        4682       198       647
12000000000000   029       665     2931922       141      306897     12354       734
12000000000000   025      2447    10570134        42       92580      2704      2461
12000000000000   005      2333     9806790        11       57504       834      2337
12000000000000   044       872     3929744        21        9666       948       877
12000000000000   001      1014     4096964        11       14172       836      1019
12000000000000   087       210      841668         0           0         0       210
12000000000000   079       415     1595762        17       12594      1292       422
12000000000000   032      1958     8705932        47      124702      4008      1981
12000000000000   040      4308    22610922       768     2031506     57871      4637
12000000000000   022       276     1059506        24       41070      1916       287
12000000000000   061       137      483642       511      100908      6436       173
12000000000000   059       795     3271616         6        9598       536       798
12000000000000   012     16935    71400894     11116     9764558    452174     19659
12000000000000   112      5068    14635388      1602     1021134     72878      5507
12000000000000   018      3994    26301284       788     1028598     34006      4186
12000000000000   016      5471    20267778      5002     3260936    186852      6527
12000000000000   021       119      460878         3        5812       240       120
12000000000000   052       438     1436488       273      259386     20426       553
12000000000000   089      3656    14912574        40       57638      3374      3675
13000000000000   000     19568    87800447      9620    10250558    601586     22970
13000000000000   023      1216     5539229       131      220658     16577      1309
13000000000000   029       241     1031334        84      185052     13764       318
13000000000000   025       469     3814597        56      151577      3005       487
13000000000000   062       271     1414984         0           0         0       271
13000000000000   162       201      769825        17       25500      1450       209
13000000000000   005      1968     7849408        26       61491      3338      1987
13000000000000   044      1450     5479832        65      118008     10934      1512
13000000000000   079      1686     6175714       104      214005     12843      1759
13000000000000   032      1579     6998994       312      707449     29132      1744
13000000000000   040       548     1903037       111      166937     11897       615
13000000000000   022       552     2636351       171      474760     22996       682
13000000000000   061       149      615990        74       71400      5671       181
13000000000000   059      1494     6988482       630      852155     57444      1819
13000000000000   018      2156    12536361      2246     3215288    119628      2832
13000000000000   016      4101    16741736      5314     3416812    268842      5621
13000000000000   021       354     1810624        18       34792      1830       365
13000000000000   090       170      571804       171      139336     12743       242
13000000000000   089       963     4922145        90      195338      9492      1017
14000000000000   000    101136   571788883     52754    89638837   4534148    127253
14000000000000   023      4638    26407429       307      624879     31217      4826
14000000000000   029      2035    13172138        39       82290      3074      2054
14000000000000   025      2567    22525759        63      215612      5170      2597
14000000000000   062      1957    15103814         0           0         0      1957
14000000000000   162      1229     7687252        18       59364      1356      1237
14000000000000   005     10937    61706246         0           0         0     10937
14000000000000   044      5994    36601061      1550     5992805    173856      7041
14000000000000   087        45      285998         0           0         0        45
14000000000000   079      8989    49864022        51      172838      4408      9015
14000000000000   032      2214    14650103        20       64113      1384      2223
14000000000000   040      9517    50722196       621     1614013     52815      9815
14000000000000   022      1648     9748151       192      389267     14492      1735
14000000000000   061       364     1801368        26       78162      3578       385
14000000000000   059      2147    10769150      1314     3464040    218431      3383
14000000000000   018     12948    85497782     18021    36143666   1414599     21130
14000000000000   016     26159   122979816     30321    40222516   2589709     41004
14000000000000   021      1709     8753414        19       61654      1723      1719
14000000000000   089      6039    33513184       192      453618     18336      6150
15000000000000   000     71956   315137359     38611    31719776   2132421     84101
15000000000000   023      1816     8082625        21       36527      1775      1825
15000000000000   029       551     2488912       329      568765     35687       766
15000000000000   025      1403     9554434        57       88803      4746      1432
15000000000000   062      1325     6649237         0           0         0      1325
15000000000000   162       575     1994394         0           0         0       575
15000000000000   005      6287    19756870         1        1216       100      6288
15000000000000   044      3573    13290384       141      285605     18341      3683
15000000000000   087        29      160942         8        5000        80        29
15000000000000   079      4758    16753825        30       43916      3297      4777
15000000000000   032      1678     6879252         8       19692       664      1682
15000000000000   040      1891     6287079        22       29645      1764      1901
15000000000000   022      1270     3984470        98      130158     11048      1336
15000000000000   061       131      456437        46       43278      3915       154
15000000000000   059      2046     7413626       229      270839     18840      2156
15000000000000   018     17631   107178877     11536    16204468    801232     22169
15000000000000   016     23737    91611063     25794    13759913   1213736     30642
15000000000000   021       955     3670880       125       76034      5985       992
15000000000000   089      2300     8924052       166      155917     11211      2369
16000000000000   000     40504   242971841     26861    23351030   1650751     49833
16000000000000   023       986     5049849        37       99534      4564      1012
16000000000000   029       358     1915313       254      445285     31412       536
16000000000000   025      2139    11842235       103      285058     11585      2204
16000000000000   062       646     3827989         2        1008        55       646
16000000000000   162       289     1516336        16       16488       797       294
16000000000000   005      2847    14261284       186      589630     21421      2969
16000000000000   044      2203    11138608         0           0         0      2203
16000000000000   079      2680    13143597        73      208054      8778      2729
16000000000000   032       407     2424574        58      101877      4291       431
16000000000000   040      5806    40371583      4059     3201426    171963      6777
16000000000000   022       723     3486167         3        7938       392       725
16000000000000   061        98      566425        11       13799      1523       107
16000000000000   059      1496     8146409       205      253746     18450      1599
16000000000000   018      3659    36606836      7017    11511328    433490      6108
16000000000000   016     12494    68723268     14458     5754964    901813     17589
16000000000000   021      1058     5849337        79      141824      6327      1096
16000000000000   089      2615    14102031       300      719071     33890      2808
17000000000000   000     44256   197164146     16844    17945409    943388     49640
17000000000000   023      1690     6683259        82      116736      5111      1720
17000000000000   029       455     1514196       188      453615     18661       561
17000000000000   025      2069     8753484       104      130000      7439      2111
17000000000000   062       291     1490155        23       46382      2301       304
17000000000000   162       754     3072224        34       41551      2549       769
17000000000000   005      3391    10671151        17       25012      1380      3399
17000000000000   044      2881    10590050       108      132742      8684      2930
17000000000000   079      2215     7363214        54       47269      4790      2242
17000000000000   032      1012     4160481        25       50610      1970      1023
17000000000000   040      7158    31633741      1766     4268255    150844      8064
17000000000000   022        96      339521         1         204        33        96
17000000000000   061       613     1745380         1         436        35       613
17000000000000   059       761     3192747        83      108607      7395       803
17000000000000   018      6376    47068663      3791     6067128    235987      7709
17000000000000   016     10896    44492542     10241     6047198    478314     13598
17000000000000   021       639     2687737        74       92987      4004       662
17000000000000   089      2959    11705601       252      316677     13891      3036
18000000000000   000     74688   301419619     25022    25566227   1802175     85277
18000000000000   023      2642    10167706        25       26988      1021      2649
18000000000000   029       652     3237895       178      629547     26381       811
18000000000000   025      5510    19644016       171      261924     16771      5611
18000000000000   062      1085     4842699         1         483        20      1085
18000000000000   162      1031     3574783         5        6807       432      1034
18000000000000   005      4311    11391346         5        6802       432      4314
18000000000000   044      4518    14627196        16       34532      1233      4525
18000000000000   079      7598    23382202        46       73844      3639      7619
18000000000000   032      3091    12722943        61       76870      3330      3109
18000000000000   040      5362    23243749       692     1435314     60078      5701
18000000000000   022      1284     3924345        25       43895      2355      1298
18000000000000   061      1045     2506238        11        9570       976      1051
18000000000000   059      2742    11355659        76      168520      7958      2787
18000000000000   018      9146    65760230      7768    11072050    550361     12384
18000000000000   016     19688    72010820     15442    11294426   1107678     26202
18000000000000   021      2226     8867381       399      365947     17307      2328
18000000000000   089      2757    10160411       101       58708      2203      2769
19000000000000   000     68860   302529002     21602    21154230   1378302     76806
19000000000000   023      2025     8573667       130      187463     12848      2097
19000000000000   029      2040     9530496       471      630540     37335      2251
19000000000000   025      1694     7464370        64       72087      3494      1714
19000000000000   062      1151     6949565        31       80523      3096      1168
19000000000000   162       555     2208361        34       68854      3407       575
19000000000000   005      5830    22768185       110      192211     15626      5918
19000000000000   044      4549    17771063        36       44212      2966      4566
19000000000000   087       274     1467797         0           0         0       274
19000000000000   079      5105    19247351       181      266337     15606      5193
19000000000000   032      2345    11257485        49       79813      3765      2367
19000000000000   040      9390    36756237       996     1549525     99207      9950
19000000000000   022      1099     4033713        77       90507      7046      1139
19000000000000   061       862     2829703       272      331481     28907      1025
19000000000000   059      3817    16153225       787      812340     60326      4172
19000000000000   012      1205     5125536       129      224004      6634      1242
19000000000000   112       189      931701        32       97333      2473       203
19000000000000   018      7297    51777972      5833     8405541    416143      9696
19000000000000   016     14269    55559565     11636     7076461    615773     17843
19000000000000   021      2531    11037287       586      773525     34069      2726
19000000000000   089      2633    11085723       148      171473      9581      2687
20000000000000   000     18744    78038381      8298     8029736    424204     21152
20000000000000   023      1320     4972723        16       50546      1936      1331
20000000000000   029       285     1351417       201      509456     21793       408
20000000000000   025       654     3867905       122      406975     16540       748
20000000000000   062       315     1738522         0           0         0       315
20000000000000   162       228      940060         2        4767       217       229
20000000000000   005      1135     4549737        34       65309      3093      1152
20000000000000   044      2003     7376419       124      199740     10602      2063
20000000000000   087        67      252747        25       42266      3494        87
20000000000000   079      2665     9523628        59      130926      6023      2699
20000000000000   032       973     4116842        26       87189      3049       990
20000000000000   040       433     1795808        37      113068      4048       455
20000000000000   022       391     1426992         3        8253       345       393
20000000000000   061       167      584279         2        4187       160       167
20000000000000   059       962     4087457       203      320459     11380      1026
20000000000000   012        15       56256        16       23192      1621        24
20000000000000   112         6       12774        20       30635      2323        19
20000000000000   018      1708    10024010      2702     3474919    132217      2464
20000000000000   016      3729    14070905      4653     2445596    200766      4868
20000000000000   021       235      951864         0           0         0       235
20000000000000   090         1        4444         0           0         0         1
20000000000000   089      1452     6333592        53      112253      4597      1478
21000000000000   000     77933   379549631     14020    39496590   1594054     86943
21000000000000   023      2999    13446173       161      347524     19405      3109
21000000000000   029      1444     7849206       295      560071     20474      1560
21000000000000   025      4740    26465279       478     1172974     66577      5116
21000000000000   062      1452     8485364         0           0         0      1452
21000000000000   162       759     3211022         0           0         0       759
21000000000000   005     12326    52576596       550     1249975     79637     12776
21000000000000   044      4526    21653044         0           0         0      4526
21000000000000   001       468     2456278         0           0         0       468
21000000000000   087       270     1587134         0           0         0       270
21000000000000   079      6431    26116101       198      452863     25798      6578
21000000000000   032      5378    24934441       811     1777875    102887      5959
21000000000000   040      3411    14561824       468      821923     38806      3630
21000000000000   022       914     3997180       150      372711     21720      1037
21000000000000   061       356     1578832        91      144549      7834       400
21000000000000   059      1804     9349749       304      731765     36991      2013
21000000000000   094       715     3967836         0           0         0       715
21000000000000   018      7056    53979762      4457    22675573    635049     10644
21000000000000   016     15139    66408351      5120     6612817    422765     17529
21000000000000   021      1796     8838457       372     1090039     44408      2047
21000000000000   089      5949    28087002       565     1485931     71703      6355
22000000000000   000     87275   476055419     33845    46889181   1657798     97203
22000000000000   023      3844    20944057       272      962843     14921      3932
22000000000000   029      1749     8114112       289     1251349     24580      1894
22000000000000   025      8981    49728825       406     1377507     21106      9107
22000000000000   062      2042    19827842         1        2128        49      2042
22000000000000   162       778     4543235        21       91773      1505       786
22000000000000   005     11951    60659706       133      395481      6619     11991
22000000000000   044      3115    17445423        43      180145      3333      3135
22000000000000   001      1002     6967914         0           0         0      1002
22000000000000   087       160     1106248         0           0         0       160
22000000000000   079      6657    35433654       468     1560498     26349      6815
22000000000000   032      6620    32524527       826     1936318     61925      6992
22000000000000   040      5273    21692749       558     1660194     46641      5555
22000000000000   022      1447     7223314        44      193347      3078      1466
22000000000000   080       769     5129216        34      187740      2600       785
22000000000000   061       891     4436166       126      147126      9185       944
22000000000000   059      1109     6684971       121      412752      6572      1149
22000000000000   091       531     3281326        18       64768      1694       542
22000000000000   012      1745     7836166         1         900        20      1745
22000000000000   112       440     1857831        76       91971      4756       469
22000000000000   018      6698    46683923     12335    22446327    732377     11102
22000000000000   016     16291    82738234     17758    12771610    668672     20282
22000000000000   021      1090     6539190        98      297874      4718      1119
22000000000000   089      4092    24656790       217      856530     17098      4189
23000000000000   000    111881   620181874     73042   115427934   5486346    142960
23000000000000   023      3837    21176942       390     1708884     58288      4166
23000000000000   029      1461     7025854        33      130900      4732      1488
23000000000000   025      1380     9498289        54      196888      6266      1416
23000000000000   062      1804    11343274         0           0         0      1804
23000000000000   162       643     3264008        35       67443      3470       663
23000000000000   005     13097    64208887       198      852713     29399     13263
23000000000000   044      2400    12868386       333     1044437     49217      2678
23000000000000   079     11315    50912505       888     3458400    149775     12161
23000000000000   032      4514    21531020       939     3685684    112368      5148
23000000000000   040     11535    60241035      5559    22335656    905468     16651
23000000000000   022       879     4436645        62      209748     10401       938
23000000000000   061       155      787207        77      242668      9524       209
23000000000000   050       277     1562307        55      125167      7002       317
23000000000000   059      3117    15441641       623     1077031     61661      3465
23000000000000   018     16147   148348674     13264    36498411   1342344     23761
23000000000000   016     34740   164283938     49852    42000712   2648278     49754
23000000000000   021       545     3144694        96      365406     15629       634
23000000000000   089      4035    20106568       584     1427786     72524      4444
24000000000000   000     66733   365277864     35530    50962037   2476788     80739
24000000000000   023      4680    25962178       147      471351     19905      4793
24000000000000   029       838     4400541       149      402436     16903       933
24000000000000   025      3251    18035244       519     2059108     63811      3612
24000000000000   062       507     2752125         0           0         0       507
24000000000000   162       393     1431104        34       74943      3718       414
24000000000000   005      4005    17367064       144      438309     21443      4126
24000000000000   044      4403    22110692       227      358548     22847      4532
24000000000000   079      1487     6917761      1366     3444516    240992      2849
24000000000000   032      2765    13902980      2173     1500751     59200      3099
24000000000000   040      3002    14493625      1408     4195903    221646      4254
24000000000000   022      1045     4540760        74      187161      8111      1091
24000000000000   080       624     3696292        13       31303      1098       630
24000000000000   061       507     2358484       155      199673     11138       571
24000000000000   059      2578    12639968       615     1240616     73143      2992
24000000000000   094      2383    12378820       393     1058220     48475      2657
24000000000000   018     11496    76008423     10703    17082899    614973     14978
24000000000000   016     16482    93753370     15864    15185103    922245     21695
24000000000000   021      3317    18056673      1348     2592589    106245      3916
24000000000000   089      2970    14471760       198      438608     20895      3090
25000000000000   000     52511   197980812     13689    13968331    931688     57846
25000000000000   023      1377     5051146        55      118228      6075      1412
25000000000000   029       542     2254242         8       17389       784       547
25000000000000   025       743     4490371         8       13125       280       745
25000000000000   062       700     2769946         0           0         0       700
25000000000000   162       535     1401430         3        5833       233       536
25000000000000   005      3238     8416891        14       28771      2175      3250
25000000000000   044      3388     9956021        10       18417      1145      3394
25000000000000   087        39      193086         1        2000        76        39
25000000000000   079      3033    10236586         0           0         0      3033
25000000000000   032      3311    11082082        81       62441      2867      3327
25000000000000   040     11160    37674742      1423     1929103     90118     11669
25000000000000   022       680     2229457       242      571401     41336       914
25000000000000   061       338      825850        59       41543      4577       365
25000000000000   059      2790     8949896       768      699052     53577      3094
25000000000000   091        52      127257         9        9913       820        57
25000000000000   018      5928    31656742      1533     2097816    101744      6509
25000000000000   016      9712    44385681      9276     8026148    603735     13185
25000000000000   021      1500     4921978        33       53447      2866      1516
25000000000000   090       117      314202         0           0         0       117
25000000000000   089      3328    11043206       166      273704     19280      3437
26000000000000   000     77028   287245019     29545    26878539   1711378     86712
26000000000000   023      2850    10377320       157      221294     18390      2954
26000000000000   029       660     2386134       300      714350     34664       856
26000000000000   025      3991    15438606       319      449244     34808      4188
26000000000000   062      1309     6266458         0           0         0      1309
26000000000000   162      1069     3326576       133      150402     16578      1163
26000000000000   005     12024    31711956       155      150716     11234     12087
26000000000000   044      5183    17559804         0           0         0      5183
26000000000000   079      6882    17900690       298      310030     20404      6998
26000000000000   032      2668     9630692       213      403944     16427      2761
26000000000000   040      9940    31455574      1366     1861937    106350     10540
26000000000000   022       604     1742942        62       43792      2790       620
26000000000000   061       483     1468510       490       56379      6969       522
26000000000000   059      1934     6914008       486      480802     48980      2211
26000000000000   018      8338    56600638      8297    10535056    499152     11161
26000000000000   016     14302    57745119     16044     9394342    764452     18632
26000000000000   021      1021     3594384       973     1761320    108214      1632
26000000000000   089      3770    13125608       252      344931     21966      3895
27000000000000   000     16260    70306328     10847    13574323    803074     20799
27000000000000   023       969     3781048        83      150310      8895      1020
27000000000000   029       572     2284112       142      199492     13995       651
27000000000000   025       662     2952190        93      170839      8334       710
27000000000000   062       204     1051967        12       58196      1659       213
27000000000000   162       242      984188        22       44321      2208       256
27000000000000   005      1263     5331159        15       42324      1995      1274
27000000000000   044      2009     8877862       179      307726     16468      2102
27000000000000   079      1182     4456505       575     1754894     93259      1709
27000000000000   032       754     3072549       261      603880     28713       917
27000000000000   040       494     1847447       236      414404     24804       634
27000000000000   022       609     2687067       126      363505     19889       721
27000000000000   061        40      162219        56      115482      5509        71
27000000000000   059      1267     5190307       496     1034044     53806      1570
27000000000000   018      1362     8957310      1598     2583593    118253      2030
27000000000000   016      3219    12499933      6657     5111213    373524      5329
27000000000000   021       302     1307141       144      252978     13843       380
27000000000000   090        27      101545         4        7137       445        30
27000000000000   089      1083     4761779       148      359985     17475      1182
28000000000000   000     26607   110554792     10361    11860171    950029     31976
28000000000000   023       789     3068996        15       23298      1211       796
28000000000000   029       270     1023983       100      111166      6195       305
28000000000000   025       725     3548123        45       43521      2784       741
28000000000000   062       467     2491730         0           0         0       467
28000000000000   162       301     1054688         9       13967      1021       307
28000000000000   005      2826     9807476        75       99739      6449      2862
28000000000000   044      2074     8159045         7       19922       795      2078
28000000000000   001        22       97220         0           0         0        22
28000000000000   079      2267     6854370       235      316999     19971      2380
28000000000000   032       634     2618861        16       25706      1709       644
28000000000000   040      3169    12194326       747     1836037    114064      3813
28000000000000   022       208      747656         5        7783       468       211
28000000000000   061       202      702154       160      130431     13400       278
28000000000000   059      1520     5754154       746     1607220    110144      2142
28000000000000   018      2771    19641906      1132     2128383     98784      3329
28000000000000   016      5990    23256807      6848     5300849    562174      9167
28000000000000   021       516     2232201        26       47888      2526       530
28000000000000   089      1856     7301096       195      147262      8334      1904
29000000000000   000     24387   116338425     10038    11811016    504380     27233
29000000000000   023      1355     5017089        10       21638       602      1358
29000000000000   029      1252     6222722        26       57064      2636      1266
29000000000000   025       739     4704102        11       21733       432       741
29000000000000   062       473     3991932         1        1845        84       473
29000000000000   162       414     1755757         2        4971       186       415
29000000000000   005      3567    14780012        51      151966      2287      3580
29000000000000   044      1732     7366851         5       10343       370      1734
29000000000000   079      1823     6408060        10       14838       487      1826
29000000000000   032      1336     5794660        26       79847      1588      1345
29000000000000   040      1277     5663817        50      150118      3065      1294
29000000000000   022       635     2145413         0           0         0       635
29000000000000   061       113      437256        58      169845      6145       148
29000000000000   059       810     3731544       108      146756      7828       854
29000000000000   091        19      105103         0           0         0        19
29000000000000   092        19      105103         0           0         0        19
29000000000000   018      1928    16028490      4193     6141183    219465      3168
29000000000000   016      4745    22087804      5399     4698014    253672      6178
29000000000000   021       134      640155         2        4048        91       135
29000000000000   089      2016     9352555        86      136807      5442      2045
30000000000000   000     14693    70965305     11012    12911913    640917     18556
30000000000000   023       722     3340673        58       72216      4707       749
30000000000000   029       304     1341845       475      288092     16415       403
30000000000000   025       640     3113816       262      808316     19349       756
30000000000000   062       317     1864269         0           0         0       317
30000000000000   162       157      621424        40       52448      2744       174
30000000000000   005      1050     4891405        93      174878     12296      1124
30000000000000   044      1557     6671632       173      250682     15664      1651
30000000000000   001        27      127829        19       43573      2779        43
30000000000000   087         8       44317         8        7072       560        11
30000000000000   079      1811     7266874       150      264905     16780      1912
30000000000000   032       774     3662248        55       76947      3897       798
30000000000000   040       524     2154113        79      113376      8215       573
30000000000000   022       272     1028345        48       84513      5157       303
30000000000000   061       148      559573       313      276870     22916       286
30000000000000   059       328     1523159        58       74373      3826       352
30000000000000   091        21       94864         5        9840       487        24
30000000000000   018      1461    11355510      2192     4625479    140477      2310
30000000000000   016      2732    13371133      5883     4616945    286186      4458
30000000000000   021       294     1275827        26       48495      2551       309
30000000000000   090       292     1105272       609      538162     45504       566
30000000000000   089      1254     5551177       466      484731     30407      1437
31000000000000   000    131805   804951481     30169    47985232   2016078    144475
31000000000000   023      5302    27889710       363      739100     36135      5535
31000000000000   029      1148     7075943        47       81830      4207      1175
31000000000000   025     12891    81011346       221      385352     17500     13004
31000000000000   062      2498    22372131         0           0         0      2498
31000000000000   162      1244     6305602        50      123776      4105      1270
31000000000000   005      9013    54035558        17       47552      1526      9023
31000000000000   044      5629    33555888       528      756252     40601      5860
31000000000000   087        85      428376         3        5558       354        87
31000000000000   079      8766    49358479       185      317280     14440      8859
31000000000000   032      3828    22714041       741     2108166     32661      4039
31000000000000   040     15853    75282652      2285     4507484    213893     17233
31000000000000   022      1537     7881867       241      758346     34860      1762
31000000000000   081       493     3558685        16       21146      1433       502
31000000000000   061       853     4479725       486      482807     26025      1012
31000000000000   059      1780    10897862       338      533269     24487      1932
31000000000000   091       110      605158         0           0         0       110
31000000000000   094     10713    61532084       792     1267630     64477     11077
31000000000000   012     10112    78205192       814     1759758     50046     10454
31000000000000   112      4538    18800823      2237     3303531    107554      5235
31000000000000   018      7791    83996703      6398    13089196    285313      9605
31000000000000   016     19509   104332176     13838    16592575   1013786     25816
31000000000000   021      2406    14789071       401      785492     27909      2586
31000000000000   089      5706    35842409       168      319132     14766      5801
32000000000000   000     39038   177048620     14664    18277158    977937     44666
32000000000000   023      1061     4502121         9       25717      1313      1069
32000000000000   029       185      986085        16       23088      1414       194
32000000000000   025      3008    12146208        65       89404      5956      3044
32000000000000   062       505     2117840         0           0         0       505
32000000000000   005      3618    12139207        34       78353      4396      3643
32000000000000   044      2059     7287292         0           0         0      2059
32000000000000   001         3       13824         0           0         0         3
32000000000000   079      1714     5920533         5       12752       797      1719
32000000000000   032      2254     8941837        68      208620     11424      2319
32000000000000   040      6709    28728893       932     2418853    130478      7541
32000000000000   022       495     1606336         1        2159       113       496
32000000000000   061       592     2006109        30       55231      4411       617
32000000000000   059       940     3962508        68       70321      4468       966
32000000000000   018      3842    31136902      3805     6703496    206935      5011
32000000000000   016      9135    44125527      9567     8508664    600312     12528
32000000000000   021       841     3339304        55       65130      5028       870
32000000000000   089      2077     8088094         9       15370       892      2082
33000000000000   000    222871  1328639883     48595    73662644   2770495    239452
33000000000000   023     15951    88153313       170      417869     14584     16034
33000000000000   029      3928    17023647       530      654653     37365      4139
33000000000000   025     18424   133071864       531     2037850     66629     18801
33000000000000   062      4574    44890617         0           0         0      4574
33000000000000   162      1111     4906762       121      182906     17223      1208
33000000000000   005     29404   174660572       301      989593     31375     29582
33000000000000   044     10601    59452969      1026     1432590     85245     11084
33000000000000   001       183      839659         2        5367       199       184
33000000000000   087       542     3217815        33       68813      3215       560
33000000000000   079      4061    20365220       508     1310496     61956      4411
33000000000000   032      7843    46001715       285     1080028     30830      8019
33000000000000   040     39810   214840301      4812    16393605    539204     42889
33000000000000   022      8145    41453811        49      149292      6204      8180
33000000000000   061      2617    10196123         9       23855      1523      2626
33000000000000   059      2898    15734032        58       73967      2592      2912
33000000000000   092      1705    13530977        27       88246      2500      1719
33000000000000   094     14586   108330346       115      203002     11864     14653
33000000000000   018     15233   118791372     19467    28682928    787128     20072
33000000000000   016     27335   138122226     20047    18452456   1028517     33635
33000000000000   021      4572    21506510       128      304130     12303      4642
33000000000000   089      9348    53550032       376     1110998     30039      9528
34000000000000   000    126575   561663522     44790    61732038   3335126    145421
34000000000000   023      3864    16582957       102       39650      1030      3870
34000000000000   029       713     3856945       393      885958     47026       979
34000000000000   025      6272    29652122       467      336721      3824      6293
34000000000000   062      2511    11759053         0           0         0      2511
34000000000000   162       984     3565398        10       21104       703       988
34000000000000   005     20736    63561131       193      116047      1479     20744
34000000000000   044     10802    41445991        29       42657      4631     10828
34000000000000   087       225      963050         3        5379       319       227
34000000000000   079      1111     4016175        37       58539      2047      1123
34000000000000   032      2533    10333291       188      395147     18547      2638
34000000000000   040     18034    72567055      1754     4410629     88886     18536
34000000000000   022      1535     7346697       126      220180      2643      1550
34000000000000   081       294     1513387         0           0         0       294
34000000000000   061      1456     6651404        58       96518      9507      1510
34000000000000   059      4003    15138517       193      260707     11177      4066
34000000000000   018     15299   114660974     13950    30695424   1315901     22733
34000000000000   016     27669   120039540     26426    22908807   1761253     37621
34000000000000   021      3354    15173188       243      164174      1631      3364
34000000000000   089      5180    22836647       618     1074397     64522      5546
35000000000000   000     15769    69323287     10007     9189035    614293     19238
35000000000000   023       654     2687404        48       72825      3154       671
35000000000000   029       205      891506       167      110407      3899       227
35000000000000   025       566     2923332        50       34780      1801       576
35000000000000   062       148      733936         0           0         0       148
35000000000000   162        47      180505         4        8128       458        50
35000000000000   005       796     3006902        80      182086      6048       830
35000000000000   044      1004     5511814         5       10526       483      1007
35000000000000   079       457     1535889       125      222556     14239       537
35000000000000   032      1253     4595737       253      286882     21964      1377
35000000000000   040       877     2546687       146      204680      7751       921
35000000000000   022       324     1304904        84      114729      6293       359
35000000000000   061       176      548031        11       18886      1129       182
35000000000000   059       564     2569785        34       46600      2225       576
35000000000000   018      2244    14215885      2652     3815876    183666      3284
35000000000000   016      4636    17934294      6192     3837275    350644      6618
35000000000000   021       319     1208343        45       76697      3385       337
35000000000000   089      1499     6928333       111      146102      7154      1538
36000000000000   000    109084   561743272     79442    89335315   4940282    137045
36000000000000   023      6344    34291893       254      634068     29661      6513
36000000000000   029       713     3208057       148      110792     10017       770
36000000000000   025      2751    16228585       537     1339090     41191      2984
36000000000000   062      1433     8309526         0           0         0      1433
36000000000000   162      1173     4880195         8       27276      1399      1181
36000000000000   005     13218    58848766        27       75627      3784     13239
36000000000000   044      5721    27452898       753     1662446    103026      6303
36000000000000   079      2430    13495418       325      668954     48619      2715
36000000000000   032      3042    17143472       207      491781     25934      3189
36000000000000   040     12614    61721377      5902    13346419    533813     15630
36000000000000   022      1988     8514051       213      324894     18999      2110
36000000000000   061       393     1668343       268      369429     24264       530
36000000000000   059      2223     9868408       384      728202     43704      2470
36000000000000   018     16471   119140479     21059    32442881   1195910     23242
36000000000000   016     32268   143626397     48854    36241104   2819788     48208
36000000000000   021      1921    10013615       175      295718     13183      1996
36000000000000   089      4381    23331792       328      576634     26990      4532
37000000000000   000     59679   239374594     26689    24208236   1439644     67837
37000000000000   023      2419    10490970        53       68294      3836      2441
37000000000000   029       455     1747740        92      167313     11275       519
37000000000000   025      2730    12203812       110      144592      8227      2777
37000000000000   062       985     5285545        11       12578       452       988
37000000000000   162       879     3030568        72       91832      7723       922
37000000000000   005      4632    14473250        62      109032      4213      4656
37000000000000   044      2830    10473303         0           0         0      2830
37000000000000   001         9       45465         0           0         0         9
37000000000000   079      6887    21562848        13       24470      1088      6894
37000000000000   032      5122    20081724       319      590426     28947      5286
37000000000000   040      1704     5346894        61       96158      8336      1751
37000000000000   022      1278     4880389        97      272177      6750      1316
37000000000000   081        77      411383         7        4661       436        79
37000000000000   061       572     1587165       285      290477     29145       737
37000000000000   059      1575     5559120       842      777917     45477      1832
37000000000000   092       570     3197302        10       15012       826       574
37000000000000   018      6461    43069900      5469     6729859    201719      7604
37000000000000   016     16532    60529682     19018    14589835   1067096     22580
37000000000000   021      1681     6077867        58       63153      3796      1703
37000000000000   089      2281     9319667       110      160450     10302      2339
38000000000000   000     56933   272649181     24511    40101349   1645771     66229
38000000000000   023      3792    16626657       177      273140     14497      3874
38000000000000   029       997     4650838       167      318447     14815      1081
38000000000000   025      2834    13536242       157      497053     15929      2923
38000000000000   062       680     4176635        35       74915      3047       697
38000000000000   162       600     2665357       150      140105      6459       637
38000000000000   005      5016    22030303       135      249607      9242      5068
38000000000000   044      3501    17275180       259      611507     29511      3668
38000000000000   001        12       55035         1        1550        80        12
38000000000000   079      6829    24901197       380      684192     30407      7001
38000000000000   032      2054     8945849       170      333437     13090      2128
38000000000000   040      5268    25073955      3248    15988502    468640      7915
38000000000000   022      2145    12171400       104      349018     10445      2204
38000000000000   061       441     1691898        13       23618      1294       448
38000000000000   059      2427    10170818       252      387505     20983      2546
38000000000000   018      9988    67018250      3251     7267691    202491     11132
38000000000000   016      8083    31603437     15855    12694218    795639     12579
38000000000000   021       633     2874359        50       65680      3419       653
38000000000000   090       246      902928         6        8380       500       249
38000000000000   089      1387     6278843       101      132784      5283      1414
39000000000000   000    140949   666985229     64307   103027152   3072516    159018
39000000000000   023      6421    27762358       988     2186910    102201      7037
39000000000000   029      2754    11813729       471     2173948     52469      3068
39000000000000   025      3053    25055824         0           0         0      3053
39000000000000   062      5112    30545405         7       12418       724      5116
39000000000000   162      1349     8072103       310      909398     16089      1446
39000000000000   005     18073    80990992       717     2237611     51695     18384
39000000000000   044     12499    48589752      2822     6484073    207527     13746
39000000000000   001       119      435298        31       69086      2212       132
39000000000000   087       184      801764        52      151194      4635       212
39000000000000   079     10558    40089285      1713     3392388    101802     11171
39000000000000   032      1705     8131411       375     1062825     10745      1770
39000000000000   040     10625    35906419      1716     2706397     77882     11084
39000000000000   022      3961    15777209       680     1934524     45047      4232
39000000000000   061      1589     6541906      1339     3304261    167901      2600
39000000000000   059      5093    23594029      2678     5333757    115176      5767
39000000000000   018     14995   121605832     12934    37570019    493329     17848
39000000000000   016     29634   126962609     33906    26762279   1339590     37420
39000000000000   021      4513    17888431       324      871714     19338      4629
39000000000000   090      3113    10599624      2399     4685785    218351      4428
39000000000000   089      5599    25821249       845     1178565     45803      5875
40000000000000   000     16910    94541154      7038     6778460    238846     18456
40000000000000   023       859     4666631         5       17801       467       862
40000000000000   029       725     3876291       337      347672      8126       778
40000000000000   025      1150     6779682        15       39253      1435      1160
40000000000000   062       238     1800318         0           0         0       238
40000000000000   162        79      476383         2        3144        78        80
40000000000000   005      1553     9846829         0           0         0      1553
40000000000000   044       719     3889929        52       58880      3797       741
40000000000000   001       145      919185         1        1063        18       145
40000000000000   079      1214     7180916        12       24554      1242      1222
40000000000000   032       920     5084844        24       13587      1158       928
40000000000000   040       791     4255525         1        4032       100       792
40000000000000   022       400     2016495         4       15969       567       404
40000000000000   081       101      611758         4        5806        89       102
40000000000000   080       250     1208072         0           0         0       250
40000000000000   061        61      207328         0           0         0        61
40000000000000   059       376     2205721         0           0         0       376
40000000000000   094       754     3818013         0           0         0       754
40000000000000   012       311     1758311        20       26301       667       316
40000000000000   112       103      397909        41       24525      2918       125
40000000000000   018      1363     8698531      2193     3780035     81057      1887
40000000000000   016      2582    11842426      4262     2300289    131939      3434
40000000000000   021       505     3058340         9       17814       767       510
40000000000000   089      1711     9941717        56       97735      4421      1738
41000000000000   000     70570   278455692     21610    23801054   1394921     78857
41000000000000   023      3364    11653702       202      332454     20964      3490
41000000000000   029       540     2170969       497      336829     22156       674
41000000000000   025       809     3954642        13       23570      1084       815
41000000000000   062      1345     5274574         1        1800        60      1345
41000000000000   162       671     2173774         3        5484       318       672
41000000000000   005      8138    23201546        62      111980      5900      8174
41000000000000   044      4423    14485882         8       19484      1040      4429
41000000000000   001        13       61332         2        2100        56        13
41000000000000   087       480     2769801         5        2673       182       481
41000000000000   079      4680    13142972         5        7382       440      4683
41000000000000   032      5196    17929105       376      864415     38677      5427
41000000000000   040      6767    20191084       331     1315808     39818      6995
41000000000000   022      1191     3823772        78      121498      8496      1242
41000000000000   061       764     1691720        43       30428      2878       781
41000000000000   050       139      578140         1         350        10       139
41000000000000   059      1926     6151526       225      195500     22088      2060
41000000000000   091        13       76747         0           0         0        13
41000000000000   092      1787    11348710         9       35201      1231      1794
41000000000000   018      8644    57297039      7743     9753185    428379     11195
41000000000000   016     15402    64948015     11775    10296295    782522     20044
41000000000000   021      2888    10515490       173      266888     14252      2974
41000000000000   052        34      121400         0           0         0        34
41000000000000   089      1356     4893750        58       77730      4370      1383
42000000000000   000     12536    49957708      6234     5320247    337799     14442
42000000000000   023       433     1943975        15       27306      1575       442
42000000000000   029       305     1205813        22       31308      1957       316
42000000000000   025       597     2638441        87      124892      7880       642
42000000000000   062       194      872906         0           0         0       194
42000000000000   162       113      340254        19       33778      1560       122
42000000000000   005       853     2737276        25       36855      2726       868
42000000000000   044       957     3841387        79       89665      5646       989
42000000000000   079      1640     5643158       124      207191     13352      1715
42000000000000   032       505     2127711       134      372976     16953       601
42000000000000   040       348     1046593        49       68878      4836       375
42000000000000   022       268      776546         5        7757       483       271
42000000000000   061       121      396249        24       21029      1944       132
42000000000000   059       782     2836651       477      519046     33849       973
42000000000000   018      1568     9639137      1443     2067970     88996      2070
42000000000000   016      2707     9505023      3667     1626976    149879      3553
42000000000000   021       349     1273005        18       24619      1924       360
42000000000000   089       796     3133583        46       60001      4239       819
43000000000000   000     71109   288628967     27421    26974917   1608393     80587
43000000000000   023      3253    14059630        32       52022      3635      3274
43000000000000   029       757     3194358        17       17813       697       762
43000000000000   025      2443    13386646        46       63830      2575      2458
43000000000000   062      1211     6374922         0           0         0      1211
43000000000000   162       392     1411728         6       13494       582       396
43000000000000   005      7035    20734542        40       88508      5214      7067
43000000000000   044      3598    12705940         0           0         0      3598
43000000000000   079      7512    24933062         7       14366       710      7516
43000000000000   032      4111    17323923       151      405354     16723      4207
43000000000000   040      3726    13655369       115      438708     17309      3824
43000000000000   022      1154     3823104       261      484058     34342      1361
43000000000000   061       966     2452918       211      160386     17912      1074
43000000000000   059      3474    14168458       527      746376     59276      3819
43000000000000   018      9025    56331845     10631    12781986    584376     12501
43000000000000   016     17721    66027142     15013    11347075    848230     22687
43000000000000   021      2066     7861977       257      275737     13450      2147
43000000000000   089      2665    10183403       107       85204      3362      2685
44000000000000   000    266154  1249233962     88003   128473223   6844662    304828
44000000000000   023      7254    32586178       226      297077     18115      7357
44000000000000   029      2197     9654629       457      466802     27654      2354
44000000000000   025      5523    27875286       140      628042     19036      5630
44000000000000   062      3447    21962127         0           0         0      3447
44000000000000   162      3164    11717145        87       94531      7174      3205
44000000000000   005     39857   117601047       628      853027     53618     40160
44000000000000   044     12679    53461158       290      447557     15098     12765
44000000000000   079     22637    70152042        49      110333      4879     22665
44000000000000   032     18576    81273626       796     2276646     78505     19019
44000000000000   040     23107   106244288      2734    10960993    306908     24841
44000000000000   022      4269    14989758        34       68216      3057      4287
44000000000000   061      1114     3507257       120      147342     14149      1194
44000000000000   059      9643    45160139      2563     2806609    156037     10525
44000000000000   012        14       66609         3        4383       136        15
44000000000000   112         2        6818         0           0         0         2
44000000000000   018     25409   258104171     28829    51525076   2099459     37272
44000000000000   016     75984   345197477     50500    56332274   3978222     98460
44000000000000   021      4165    18763540       322      957290     39232      4387
44000000000000   089      7113    30910667       225      497025     23383      7243
45000000000000   000     45095   208051840     26228    29578523   1553407     53868
45000000000000   023      2351    10842235       188      151600     12092      2418
45000000000000   029       407     2104160       167      274570     16917       502
45000000000000   025      1522     6497228       114      227893      8959      1573
45000000000000   062       394     1877173         0           0         0       394
45000000000000   162       404     1395305        59       63478      4213       428
45000000000000   005      2951    10677506       209      188865     14353      3032
45000000000000   044      1600     6955014         0           0         0      1600
45000000000000   079      2426     8340800       180      315107     18047      2527
45000000000000   032      1723     7167344       271      502057     25756      1869
45000000000000   040      8144    33775682      1292     2137840     87309      8637
45000000000000   022      1021     3777250        33       38670      2221      1034
45000000000000   061       250      803912        54       50851      4401       275
45000000000000   059      1243     4702817       124      122060      9558      1297
45000000000000   018      5534    47057289      8241    13122835    440024      8020
45000000000000   016     11902    49210092     13742    10697954    807163     16461
45000000000000   021      1399     6013885      1203     1487726     84840      1878
45000000000000   090       255      682655       306      183093     16999       351
45000000000000   089      1569     6171493        45       13924       555      1572
46000000000000   000     13366    64416932      3746     5898097    163079     14314
46000000000000   023       610     2833310        14       12682       740       614
46000000000000   029       498     2036191       213      545516      2280       510
46000000000000   025       675     3211598        22       14300       720       679
46000000000000   062       288     1771329        11       11700       385       290
46000000000000   162       334     1437211        42       22570      1337       342
46000000000000   005      1100     4669189         7        4132       239      1101
46000000000000   044      1058     4819486         4        1364        71      1058
46000000000000   079      1402     6096159        29       30745      1114      1408
46000000000000   032       487     2209625        40       15438      1065       493
46000000000000   040       175      845126         9        8797       208       176
46000000000000   022       274     1140966         6        3738       188       275
46000000000000   061       114      505484         3        1182        89       115
46000000000000   059       568     2743496        14       18835       764       572
46000000000000   018      1059     9038814      1256     2443686     39926      1290
46000000000000   016      3069    13343139      1993     2666122    108991      3710
46000000000000   021       438     2052496        20       34556      1542       447
46000000000000   090        52      239282         1         624        58        52
46000000000000   089      1165     5424031        62       62110      3362      1182
47000000000000   000    106250   483795887     56632    67526173   3358787    125234
47000000000000   023      3889    17113400       516      815608     55792      4204
47000000000000   029       517     2943867       257      573981     23556       655
47000000000000   025      3685    17437724       332      388588     12674      3757
47000000000000   062      2306    11567127        12       23610      1198      2313
47000000000000   162       767     2700735       125      246486     12106       835
47000000000000   005     13286    42221384       328      509496     32308     13469
47000000000000   044      7129    32506104       263      420186     19726      7240
47000000000000   087        80      516336         2        3330       266        82
47000000000000   079      2676    11374294       336      574845     28874      2839
47000000000000   032      5033    20495204       702     1037146     62004      5383
47000000000000   040     13204    52621044      2452     4622947    168131     14154
47000000000000   022      1198     4533308       510      910416     53022      1498
47000000000000   061       653     2387174       921      784386     68642      1040
47000000000000   059      2301    11124788       593      949856     63709      2662
47000000000000   018     14905   112167977     16254    26222329    718800     18965
47000000000000   016     27779   109315435     29927    25852076   1776767     37820
47000000000000   021      2393    11565242       504      785752     40646      2624
47000000000000   090       847     3098298      1757     1956152    180012      1864
47000000000000   089      3602    18106446       841      848983     40554      3830
48000000000000   000     94091   470362327     57943   102641376   4217276    117911
48000000000000   023      2606    13103150       209      738448     24374      2743
48000000000000   029       891     4242452       882     2657546     88786      1392
48000000000000   025      1798    10033290       199      813190     24998      1938
48000000000000   062       801     5731532         0           0         0       801
48000000000000   162      1367     5775974        41      143854      2574      1382
48000000000000   005      6717    28391718      2100     7315010    293716      8376
48000000000000   044      6755    34672966       171      397032      9178      6807
48000000000000   087         2        9864         0           0         0         2
48000000000000   079      8307    36058194      1824     6130710    230702      9610
48000000000000   032      5126    21811868      1753     5504620    227464      6411
48000000000000   040      7911    43769532      3663    14717611    335938      9808
48000000000000   022      3417    15159138      1320     2634882    129426      4149
48000000000000   081       391     2109442       154      679720     21178       511
48000000000000   061       330     1522794       239      903934     33582       520
48000000000000   050        56      311956         8       19872       738        60
48000000000000   059      3905    17652380      1648     4208284    158246      4798
48000000000000   018     12920    89245099      9731    21827302    479122     15627
48000000000000   016     25885   117459556     32241    28741553   1976592     37049
48000000000000   021      1530     7028964       919     2102660     74696      1952
48000000000000   090        81      420454        12       43754      1382        89
48000000000000   089      3295    15852004       829     3061394    104584      3886
49000000000000   000     37235   138069187     12347    11661494    651183     41120
49000000000000   023      1934     5770360        56       69248      3606      1955
49000000000000   029       219      810152       285      785336     26099       376
49000000000000   025      1570     7290916        49       87249      4403      1596
49000000000000   062       658     3301590         0           0         0       658
49000000000000   162       378      968218        20       17526      1378       386
49000000000000   005      3640     9468002         5        7286       608      3644
49000000000000   044      5290    16917650        27       40918      4327      5314
49000000000000   001         3       12118         0           0         0         3
49000000000000   087         3       12888         0           0         0         3
49000000000000   079      3430     9021877        50       60458      4640      3458
49000000000000   032       818     2726778        53       75612      3598       839
49000000000000   040      1727     4609848        78       82860      6694      1767
49000000000000   022       564     1708562        90       93626      7270       607
49000000000000   081        11       42518         0           0         0        11
49000000000000   061       405      854722       412      329520     42484       645
49000000000000   059      1856     6668831       138      115278     10055      1913
49000000000000   094         9       32234         0           0         0         9
49000000000000   018      3784    25322231      4542     6077611    188677      4914
49000000000000   016      7253    29192587      6223     3495135    333634      9258
49000000000000   021      1293     5259594       147      205344      6020      1329
49000000000000   090        49      133212         2        3252       270        51
49000000000000   089      2341     7944299       170      115235      7420      2384
50000000000000   000     56460   282313430     50110    50912921   2811648     72347
50000000000000   023      2109    10197175       338      666757     41213      2342
50000000000000   029       507     2331142       255      672987     30728       682
50000000000000   025      2099    13022995       291      820909     28872      2263
50000000000000   062       541     2920240        12       34370      1302       549
50000000000000   162       193      833840        26       53105      2940       210
50000000000000   005      9252    38574815       627     2315691     73536      9667
50000000000000   044      1346     7087273        70      159041      6809      1384
50000000000000   079      1798     7835688       371      901569     55882      2113
50000000000000   032      1339     6585496       409      941446     39290      1561
50000000000000   040      3280    12718226       504     1612653     54049      3585
50000000000000   022       908     3723228        46      112226      5396       938
50000000000000   061       108      448320        65       77088      4400       133
50000000000000   059      1731     7511851       903     1096290     55583      2045
50000000000000   018      8765    59235982     12274    14358226    704308     12744
50000000000000   016     17161    82782319     32736    24524978   1594170     26168
50000000000000   021       883     4227474       320      780983     35903      1086
50000000000000   089      4440    22277366       863     1784602     77267      4877
51000000000000   000     12311    53741536      3292     2779401    183896     13344
51000000000000   023       692     3442056         5       11392       456       694
51000000000000   029       138      771468        92      134110      7594       180
51000000000000   025       529     2871308        30       99320      2782       544
51000000000000   062       199      880513         0           0         0       199
51000000000000   162        93      515705         0           0         0        93
51000000000000   005      1340     4873458         1        1360        88      1340
51000000000000   044      1793     7217018        11       15395       972      1798
51000000000000   079       568     2518017         1        1360        88       568
51000000000000   032       882     3948552        65      112983      6457       919
51000000000000   040       720     2429628        12       24545       949       726
51000000000000   022       124      472764         0           0         0       124
51000000000000   061       162      703082         6       10874       530       165
51000000000000   059       820     3888043        11       17865      1095       826
51000000000000   018      1063     6827321       787     1011685     48693      1338
51000000000000   016      2051     7397341      2239     1294214    111334      2680
51000000000000   021       211     1067591         3        3833       265       212
51000000000000   090        38      143704         0           0         0        38
51000000000000   089       888     3773967        29       40465      2593       900
