01000000000000   000     74455   171763222     21100    12349257   1471319     82886
01000000000000   023      2118     5163403        27       14252      3586      2138
01000000000000   029       455     1146419        46       90140      3978       477
01000000000000   025      2697     7435813       129      136901     11776      2764
01000000000000   062       616     1844527         0           0         0       616
01000000000000   162       426      838161         0           0         0       426
01000000000000   005      4236     9050655         8        5732       726      4240
01000000000000   044      4326     9000846        29       27048      3210      4344
01000000000000   087       418     1144688         0           0         0       418
01000000000000   079      4581     9641459        31       29812      2989      4598
01000000000000   032      5921    11509760       687      473580     77922      6362
01000000000000   040     12541    22528862      1188     1513236     98324     13097
01000000000000   022      1477     3273897        56       23705      4032      1500
01000000000000   061       473      866088       536      352845     70762       873
01000000000000   059      2785     6795720       440      268590     41591      3021
01000000000000   018      8868    33959789      6128     4293780    361103     10954
01000000000000   016     16246    33158626     11109     4670160    749454     20549
01000000000000   021      3831     8855319       613      400334     34550      4027
01000000000000   090       829     1655820         0           0         0       829
01000000000000   089      1611     3893370        73       49142      7316      1653
02000000000000   000     20387    74204150      5174     4757154    247550     21829
02000000000000   023       862     3145332        13       17904       987       868
02000000000000   029       454     1451286        35       41176      1962       466
02000000000000   025      1103     4191974        54       72985      4090      1128
02000000000000   062       266     1463137         0           0         0       266
02000000000000   162       147      396008         5        9011       293       149
02000000000000   005      1232     4672893         4        4445       265      1234
02000000000000   044      2896    11419404        18       32678      2317      2910
02000000000000   079      1584     4900616       164      201027     20487      1707
02000000000000   032       466     1613711        29       43131      2348       480
02000000000000   040       370     1183880        32       31779      3779       393
02000000000000   022       465     1571592        10       15356       856       470
02000000000000   061        89      294035         1         152        19        89
02000000000000   059      2460     8560392       101      129319      5661      2492
02000000000000   094       620     2449397         0           0         0       620
02000000000000   012      1693     6432996       754      941205     68689      2106
02000000000000   112       702     2214165       578      585145     44385       954
02000000000000   212       290     1097033       136       83106      6175       327
02000000000000   312       237      652970       196      267074     18193       347
02000000000000   412        92      200036       105      146430     11033       160
02000000000000   512         0           0        18       21947      1272         7
02000000000000   612         8       14809        10        3753       272         9
02000000000000   712         0           0        32        5911      1221         6
02000000000000   812        75      249317        81       56924      4095        98
02000000000000   018       906     5003505      1148     1140068     18300      1009
02000000000000   016      2025     6153040      2094     1400820     66615      2401
02000000000000   021       467     1566828        32       21208      1562       476
02000000000000   089      1580     5519959       102       69745      4935      1611
03000000000000   000     48418   117373535     21585    13202003   1462510     56683
03000000000000   023      2656     5464483        27       34952      2874      2673
03000000000000   029       561     1371533       115      143475      7671       604
03000000000000   025      1079     3471952        47       46602      3189      1097
03000000000000   062       895     2931889         0           0         0       895
03000000000000   162       678     1723047         9        9379       733       682
03000000000000   005      6341    12735379        18       14347      1594      6350
03000000000000   044      3300     7310741        15        6952      1328      3308
03000000000000   079      5027     9778013       270      310056     89814      5535
03000000000000   032      1857     4060049       126      176969     13069      1931
03000000000000   040       854     1693641        93       73033      6049       888
03000000000000   022      2152     4490625       225      220802     17933      2254
03000000000000   061       315      759802      1787     1448117    138185      1096
03000000000000   059      2121     5099604       684      441429     52488      2419
03000000000000   092         9       26818         5         150        20         9
03000000000000   018      4002    19517981      4991     4876180    385599      6181
03000000000000   016     11053    25044381     12822     5114895    712660     15078
03000000000000   021      2419     4953938       231      211619     22965      2548
03000000000000   089      3099     6939659       120       73046      6339      3135
04000000000000   000     42091    95159923     11320     6993381    806667     46655
04000000000000   023      1731     3384099        65       40140      6637      1768
04000000000000   029       431     1091784       141      144432      5485       462
04000000000000   025       335     1451916         7        3688       477       338
04000000000000   062       494     1423312         0           0         0       494
04000000000000   162       368      709655         1         797       159       369
04000000000000   005      2868     5280630         1         332        66      2868
04000000000000   044      3947     9101271        41       19625      3611      3967
04000000000000   079      3437     6502104         0           0         0      3437
04000000000000   032      3649     6824604        14       11056       990      3655
04000000000000   040      4954     9540233       171      163227     14387      5035
04000000000000   022       923     2233828       258      222004     24660      1062
04000000000000   061       553      923754       302      154832     33874       744
04000000000000   059      2180     4580064       774      680231     73776      2597
04000000000000   018      4398    17971309      2830     2984694    177775      5404
04000000000000   016      7358    14357179      6185     2217852    428173      9781
04000000000000   021      2519     5587165       442      285397     28943      2683
04000000000000   089      1946     4197016        88       65074      7654      1991
05000000000000   000    286166  1042777753    124785   145771759  10195465    343781
05000000000000   023     16054    43499018      2022     1484264    134664     16815
05000000000000   029      2973     9752833       578     1072435     61121      3338
05000000000000   025      2493    10427473       160      292830     14651      2575
05000000000000   062      6219    22792718         0           0         0      6219
05000000000000   162      4736    11582038        11       17131      1279      4743
05000000000000   005     35254   117669908      2749     8897077    369347     37341
05000000000000   044     18845    64518699      1317      977633     81672     19306
05000000000000   087        54      178890        27       13626      1368        62
05000000000000   079      3170     8331998       335      381093     33794      3360
05000000000000   032      8664    33606467       951     1405778     90342      9175
05000000000000   040     30549    98564597      8323    13204535    808725     35117
05000000000000   022     17542    50354458      3772     6407019    477939     20242
05000000000000   061      1909     5620195      1955     2859620    317883      3705
05000000000000   059     15127    45189816      2211     4414616    255196     16567
05000000000000   018     19316    99243164     21944    27574610   1743384     29166
05000000000000   016     62968   255330888     75734    73436422   5604439     94631
05000000000000   021      4179    13708442       569      582653     41836      4414
05000000000000   089     36114   152406151      2127     2750417    157825     37005
06000000000000   000     40689   123764420     33407    42718850   2451648     54542
06000000000000   023      2021     5775448        81      114934      1801      2031
06000000000000   029       403     1081791       134      148708     10722       466
06000000000000   025      2422     7515750       493      706743     42425      2661
06000000000000   062       547     1705706         0           0         0       547
06000000000000   162       470     1248773         0           0         0       470
06000000000000   005      3754    10015769        55       80486      2578      3769
06000000000000   044      2959     8604886       250      477893     29087      3123
06000000000000   079      1194     3528037       149      213736     12617      1265
06000000000000   032      1165     3699904       163      278664     15465      1252
06000000000000   040      4053     9920149      1030     1846683    113943      4696
06000000000000   022       694     2098327       353      939489     54739      1003
06000000000000   061       160      508532       408      243978     22886       289
06000000000000   059      1389     4444289       436      610505     34732      1586
06000000000000   018      8167    35940661     10217    24208772    849405     12967
06000000000000   016      8899    20558168     18932    12210728   1244461     15929
06000000000000   021       995     2875119       600      478826      8535      1043
06000000000000   089      1397     4243111       106      158705      8252      1445
07000000000000   000     54239   181018383     15946    15108613    921930     59991
07000000000000   023      2314     6588798        85      125998      8736      2370
07000000000000   029       890     2925479       157      247408     11904       961
07000000000000   025      3222     9191354       110      205439     11662      3297
07000000000000   062       964     3898564         1        1262        62       964
07000000000000   162       551     1508708        31       45779      3670       574
07000000000000   005      6152    19999590        63      107310      5185      6186
07000000000000   044      3749    12077910         6       10601       531      3752
07000000000000   001       158      560206         0           0         0       158
07000000000000   079      4500    13113731       156      343442     17604      4613
07000000000000   032      2429     7916757       131      261832     13691      2514
07000000000000   040     10613    33946759      2162     3699526    241950     12073
07000000000000   022      1330     3785495        35       55693      4501      1359
07000000000000   081        65      237157         3        1700       201        66
07000000000000   061       124      360787        44       46330      4758       155
07000000000000   059       537     1881614        41       66293      4962       569
07000000000000   018      4188    22467584      3758     4507337    196379      5394
07000000000000   016      7074    23060722      8837     4893661    366340      9413
07000000000000   021      2788     9991237       181      273461     17138      2899
07000000000000   089      2591     7505931       145      215541     12656      2674
08000000000000   000     18101    44689541      6823     4275233    385620     20425
08000000000000   023       633     1363098        35       24034      2832       649
08000000000000   029       217      534284        43       31198      2636       234
08000000000000   025      1186     3118980        18       19738       764      1191
08000000000000   062       489     1904424         0           0         0       489
08000000000000   162       200      403196        14       18960      1790       210
08000000000000   005      1455     3292156        49       37638      4554      1481
08000000000000   044      1352     2775734        46       37044      6688      1392
08000000000000   079      1763     3399812        93       69820      4554      1791
08000000000000   032      1411     3131722       241      120376     16734      1511
08000000000000   040      2183     4151790        77       76456      4732      2211
08000000000000   022       261      490972         1        1352       104       262
08000000000000   081        61      151510         5        2782       350        63
08000000000000   061       123      236122       181      101638     16000       219
08000000000000   059       470     1103072        86       54574      6436       508
08000000000000   094       377      883807        55       51647      7971       422
08000000000000   018      1430     6128690      1967     1982780    134233      2239
08000000000000   016      3159     8293728      3756     1588472    168852      4182
08000000000000   021       237      775518         2        2974       210       239
08000000000000   089      1094     2550926       154       53750      6180      1132
10000000000000   000    150216   340442196     40387    28363287   2981560    167056
10000000000000   023      7389    16853820       299      171277     28215      7547
10000000000000   029      1843     4388950       232      219712      7106      1883
10000000000000   025      8974    26451407       164      372095     25249      9118
10000000000000   062      2120     6845467         0           0         0      2120
10000000000000   162      1565     2959460        67       65001      5612      1597
10000000000000   005     28760    54715905       908      540022     54631     29069
10000000000000   044     10311    22367672      1475     1008073    167575     11257
10000000000000   087         1        3230         5        5000       330         3
10000000000000   079     10051    15170682       625      299032     20239     10165
10000000000000   032     12127    25737452      1653     1956835    138527     12909
10000000000000   040     14525    28695156      5518     2187861    288118     16153
10000000000000   022      4465     8205435       314      358898     41712      4701
10000000000000   061      1108     2266340         7        5025       588      1111
10000000000000   059      6254    15203743      1560     1103184    138433      7036
10000000000000   094       445     1056099        12        6905       952       450
10000000000000   018     10012    38439752      8902     9556496    673149     13816
10000000000000   016     17449    41302036     17182     9303772   1266633     24603
10000000000000   021      3073     7686463       255      285147     23630      3206
10000000000000   089      9744    22093127      1209      918952    100861     10312
11000000000000   000    102913   237576090     32762    26811373   2762778    118527
11000000000000   023      2923     7236017       328      280189     44881      3177
11000000000000   029       441     1147567       268      260342     15170       527
11000000000000   025       996     3689678        12       16377      1002      1002
11000000000000   062      1101     2967154         0           0         0      1101
11000000000000   162      1005     2087831        38       29918      4046      1028
11000000000000   005     14680    28227320       373      426506     27369     14835
11000000000000   044      6092    16832620         8       12175      1000      6098
11000000000000   087       615     1783261         0           0         0       615
11000000000000   079      8098    16579709       178      154523     17072      8195
11000000000000   032     11651    23180977      3459     2354192    280799     13237
11000000000000   040     14052    25727794      1976     2329101    211588     15247
11000000000000   022      1796     4182213       212      201037     28310      1956
11000000000000   061      1465     2736922      1756     1139790    185044      2510
11000000000000   059      4298     9856866      1111      730339     94707      4834
11000000000000   018      9018    40614247      6128    10252297    772631     13382
11000000000000   016     16818    30417205     14443     7121398    925896     22052
11000000000000   021      4641    12509773      1888     1092196     93697      5171
11000000000000   089      3223     7798936       584      410993     59566      3560
12000000000000   000     47292   124214846     16005    12411138    769429     51787
12000000000000   023      1003     2659802         1         748        78      1003
12000000000000   029       469     1445974       222      542340     22579       596
12000000000000   025      2172     6183126        69      128782      4892      2200
12000000000000   005      2112     4844070        19       18460      1542      2121
12000000000000   044       864     2161388         0           0         0       864
12000000000000   001       997     2092242         9         500        20       997
12000000000000   087       191      474116         1         846        80       191
12000000000000   079      1149     2628128         7        7488       552      1152
12000000000000   032      3274     7621638        73      116812      6828      3313
12000000000000   040      2938     6778926       144      274784     12764      3010
12000000000000   022       408     1061936         8       16310       940       413
12000000000000   061       162      359958       389      119196     14028       241
12000000000000   059      1506     4136588       309      219388     11636      1571
12000000000000   012     15383    42167538      4474     3552120    225962     16744
12000000000000   112      4584     8553368      3762     1494004    172164      5621
12000000000000   212      1586     3879536       238      210878     14404      1673
12000000000000   312      1432     2293626      1809      658714     82650      1930
12000000000000   412      1335     2029518       169      250980     27250      1499
12000000000000   612        80      149440         0           0         0        80
12000000000000   712         0           0       283       58192     11626        70
12000000000000   812       151      201248      1263      315240     36234       369
12000000000000   018      2132     9919948      1922     2913282    110184      2755
12000000000000   016      3335     9810924      4344     2835538    172486      4309
12000000000000   021       139      375364         1        1206        80       139
12000000000000   052       578     1231794       180       81868      6322       616
12000000000000   089      3896     9708018        71       87466      6292      3931
13000000000000   000     17491    39880125      8713     4396354    541682     20555
13000000000000   023      1152     2535104        84       66012      8130      1198
13000000000000   029       165      391357       176      143661      8759       215
13000000000000   025       369     1402826        26       29709      3713       390
13000000000000   062       257     1036283         0           0         0       257
13000000000000   162       163      657159        32       24812      2626       178
13000000000000   005      1148     2419160        56       69014      8125      1194
13000000000000   044      1684     3865690       114      111393     14666      1767
13000000000000   079      1642     3166848       279      269891     21850      1765
13000000000000   032       887     2353629       204      126141     14265       968
13000000000000   040       925     1862815       278      161345     18857      1032
13000000000000   022       500     1304509       144      170281     21285       620
13000000000000   061       140      293295        77       61611      7700       184
13000000000000   059      1322     3160806       880      779589     97265      1872
13000000000000   018      2326     6609788      1293      636603     44658      2579
13000000000000   016      3180     5413138      4014     1288516    212837      4384
13000000000000   021       513     1239748       711      266111     33265       700
13000000000000   090       100      226641       136       69196      8650       149
13000000000000   089      1018     1941329       209      122469     15031      1103
14000000000000   000    116875   331762984     47082    27817230   2554064    131878
14000000000000   023      6303    15343617       211      227792     23820      6448
14000000000000   029      2253     6077149       198      686065     16368      2347
14000000000000   025      2958    12187014        80       78528      5087      2987
14000000000000   062      2032     7154002         0           0         0      2032
14000000000000   162      1548     3989392         8       14580       846      1553
14000000000000   005     12643    34262966        28       91416      4354     12669
14000000000000   044      7696    24794561      1368     2507710    203555      8846
14000000000000   087       101      331208         3        4296       310       103
14000000000000   079     12098    31942496       165      288860     20447     12222
14000000000000   032      2897     8700346        33       31194      2764      2915
14000000000000   040     13984    38691870       959      426177     70890     14384
14000000000000   022      3135     8794504       414      731922     49476      3433
14000000000000   061       617     1631300        87       81164     12118       690
14000000000000   059      3124     8725716      1171      823523     56643      3449
14000000000000   018     12523    45847543     12017     9451358    546810     15751
14000000000000   016     22845    54572314     29938    11888389   1503432     31709
14000000000000   021      2957     8320044        55       72764      4672      2984
14000000000000   089      7161    20396942       347      411492     32472      7356
15000000000000   000     74700   200315413     38461    28587368   2305905     87843
15000000000000   023      4168     7969017        10        8290      1060      4174
15000000000000   029       383      960882        88      200412      8016       431
15000000000000   025       798     3077836       166      392434     22915       929
15000000000000   062      1141     3211717         0           0         0      1141
15000000000000   162       848     1556503         6        4766       561       851
15000000000000   005      6231    13274608         8        5061       354      6233
15000000000000   044      4842     9002478         1         576        53      4842
15000000000000   087        31       86272         0           0         0        31
15000000000000   079      5173     8921921        58       50985      5537      5205
15000000000000   032      1767     3807362         1        1665       133      1768
15000000000000   040     10532    25711078      1169     1982834    106334     11139
15000000000000   022      1653     3207425       198      139267     19242      1769
15000000000000   061        85      167186        35       27451      4661       113
15000000000000   059      2141     4972084      1115     1219372    124362      2872
15000000000000   018      9061    40188824     12830     9842433    839823     13821
15000000000000   016     19110    61669669     21429    13491431   1051629     25102
15000000000000   021      4136     7190965      1326     1192244    119719      4813
15000000000000   089      2600     5339586        21       28147      1506      2609
16000000000000   000     39228   116562232     23261    28561452   2086714     51018
16000000000000   023      1243     3271694       130      160230     16604      1338
16000000000000   029       345     1074519        41       51896      3775       366
16000000000000   025      1785     5338715       312      440356     40868      2015
16000000000000   062       588     2285508         0           0         0       588
16000000000000   162       258      765090         2        2451       266       260
16000000000000   005      2119     5654141        99      178285     11330      2184
16000000000000   044      2643     6467209       256      298576     38373      2860
16000000000000   079      3280     7882551        89      139910     10603      3339
16000000000000   032       290      848896         6        8072       706       294
16000000000000   040      7417    18242980      2502     5093505    332873      9298
16000000000000   022       315      918102         0           0         0       315
16000000000000   061       123      302576        46       29902      4649       149
16000000000000   059      2086     5531422      1406     1696282    131297      2828
16000000000000   018      4372    24128220      3967     8284579    267846      5885
16000000000000   016      8230    22109347     14066    11744991   1193397     14972
16000000000000   021      1089     3045269        84      102322      6914      1129
16000000000000   089      3045     8695993       255      330095     27213      3198
17000000000000   000     43129    98727344     13542     8586912    809945     47709
17000000000000   023      1747     3642286        59       29817      2806      1763
17000000000000   029       298      791986        47       21215      2648       313
17000000000000   025      1788     4395671       217      104922     11875      1859
17000000000000   062       643     1813230         0           0         0       643
17000000000000   162       328      649600        26       16031      1987       339
17000000000000   005      3446     8611758        28       29919      2343      3460
17000000000000   044      3541     8483741       169      161507     18330      3645
17000000000000   079      1666     3888592       107       83421      6253      1701
17000000000000   032       830     2335107        22        8129       718       834
17000000000000   040      6620    13409617       952     1697789     63707      6980
17000000000000   022       659     1525167       138      135771     11751       725
17000000000000   061       402     1165396       150       57217     10403       461
17000000000000   059      1551     4255462       886      665805     58048      1878
17000000000000   018      4082    16679984      2462     2258765    128593      4809
17000000000000   016     12718    20588178      7828     3037420    454617     15287
17000000000000   021       684     1589662       120       79055     11987       751
17000000000000   089      2126     4901907       331      200129     23879      2261
18000000000000   000     62202   142757061     22375    15619933   1619544     71725
18000000000000   023      2837     5352640       109       98592     11718      2908
18000000000000   029       893     2396292       108      151404     13074       972
18000000000000   025      3088     6872318       662      736324     98428      3681
18000000000000   062       914     2508524        17       42622      3218       933
18000000000000   162       736     1457082        15       29274      2192       750
18000000000000   005      4940     9378596       207      210176     14218      5026
18000000000000   044      5498    11593340       128      109446     20190      5619
18000000000000   079      4509     8713940       234      294492     35016      4720
18000000000000   032      1661     3971006        48       56154      5470      1694
18000000000000   040      5169    10818774       801     1397368    133043      5937
18000000000000   022      1671     3621518        91      117706     14044      1756
18000000000000   061      2018     2490944       180      179618     29928      2199
18000000000000   059      3084     6536171       870      743731     91098      3617
18000000000000   018      6059    26616225      4701     3451519    213650      7316
18000000000000   016     12491    24610079     12980     7142219    840593     17402
18000000000000   021      3744     8966418       878      537716     53674      4067
18000000000000   089      2890     6853194       346      321572     39990      3128
19000000000000   000     81916   183652158     25060    12415683   1503852     90417
19000000000000   023      2592     5531137        59       26739      4673      2619
19000000000000   029       941     2021689       347      356794     32721      1126
19000000000000   025      1487     4667126        39       20305      2899      1503
19000000000000   062       678     1746521         0           0         0       678
19000000000000   162       396      739191         8        3713       567       399
19000000000000   005      6563    13224809        52       17887      3972      6585
19000000000000   044      5624    11567499        21       16260      3132      5641
19000000000000   087       488     1115461        22       20774      2477       503
19000000000000   079      5784    12604368        12       11114       746      5788
19000000000000   032      5558    12749077       365      145726     18721      5664
19000000000000   040     18986    36216372      2045     2415700    213964     20196
19000000000000   022      1302     2996460        48       20718      3387      1321
19000000000000   061       668     1178435       181      125681     21523       789
19000000000000   059      4273     9289493       848      465877     65176      4642
19000000000000   018      7954    31724066      5330     4490714    403025     10231
19000000000000   016     13047    23673725     14908     3762159    670699     16838
19000000000000   021      3567     8174265       480      288151     28263      3729
19000000000000   089      2008     4432464       295      227371     27907      2165
20000000000000   000     19114    46920753      7111     3677794    382933     21285
20000000000000   023      1084     1905282        17       21595       977      1089
20000000000000   029       310      874364       210      307705     20381       426
20000000000000   025       532     1567756        49       57812      4735       560
20000000000000   062       320      891547         0           0         0       320
20000000000000   162       138      268824         0           0         0       138
20000000000000   005      1105     2817191         9       14872       808      1110
20000000000000   044      2648     6370986       133      192866     19170      2756
20000000000000   001         7       16740         0           0         0         7
20000000000000   087        44      116107         4        4769       317        46
20000000000000   079      1849     3980714        42       49193      3843      1871
20000000000000   032      1011     2556249        29       33387      2776      1027
20000000000000   040      1760     3605917        55       66276      3569      1781
20000000000000   022       668     1550098         8        7528       610       671
20000000000000   061       187      390200         6        5047       403       189
20000000000000   059      1214     3206935       368      194420     29194      1379
20000000000000   012        37       95191        11       13984      1417        46
20000000000000   112         9       15768        26       32260      3606        33
20000000000000   212         1        1521         2        1457       177         2
20000000000000   312         1        1590         2        1089       142         2
20000000000000   412         0           0         7       10111      1018         7
20000000000000   512         7       12657        15       19603      2269        22
20000000000000   018      1114     4314977       299      349088     23229      1245
20000000000000   016      2951     7064403      5468     2040370    246491      4343
20000000000000   021      1069     2656385       332      243129     18570      1176
20000000000000   090       138      299691        17       12688       531       141
20000000000000   089       919     2355428        28       30805      2306       931
21000000000000   000     73284   200975561     28409    27778413   1874026     83871
21000000000000   023      3786     9388212       253      285337     31312      3963
21000000000000   029      1033     2750748       282      210218     16578      1126
21000000000000   025      3317     8886764       523      743428     73112      3730
21000000000000   062      1603     5110503         0           0         0      1603
21000000000000   162       683     1437340        13       10583       941       688
21000000000000   005      9135    23685738       324      544781     50836      9421
21000000000000   044      5030    11986744         0           0         0      5030
21000000000000   001       444     1101640         0           0         0       444
21000000000000   087       377     1116742         0           0         0       377
21000000000000   079      6521    14401231      1218     1544926    177479      7523
21000000000000   032      4675    12481910      1009     1312043    119324      5349
21000000000000   040      6856    15691230       527      534964     53839      7162
21000000000000   022       568     1459784       233      360340     33427       757
21000000000000   061       472     1237356       328      267987     38262       688
21000000000000   059      2100     5694410      1714      833491     59395      2435
21000000000000   094      2696     9786013       271      300437     25219      2838
21000000000000   018      5709    26486686      7236     9860120    383358      7875
21000000000000   016      9691    26197927     13133     9248689    662466     13433
21000000000000   021      1880     5196574       195      248610     19320      1989
21000000000000   089      6708    16878009      1150     1472459    129158      7440
22000000000000   000     70565   205647814     25673    19848980   1672100     80524
22000000000000   023      4179    11988967       178      235733     17799      4286
22000000000000   029      1634     3775295       281      982825     33385      1837
22000000000000   025      5431    16095876       127      188314     12388      5504
22000000000000   062      1598     6042228         0           0         0      1598
22000000000000   162       312      763002         3        4491       492       315
22000000000000   005      5657    16527122       103      142049     10692      5719
22000000000000   044      4541    15015683       140      268229     16892      4637
22000000000000   001       902     3154640        73       84510      7281       943
22000000000000   087       126      461551        10       11608      1032       132
22000000000000   079      6221    17817879       464     1097022     35109      6428
22000000000000   032      2686     7550763       173      244556     15404      2775
22000000000000   040     11980    30698501      1599     2229992    176494     12975
22000000000000   022      2580     7220382        49       81166      4394      2606
22000000000000   080      1122     3200643        13       25400      1493      1130
22000000000000   061       801     1812990       190      362939     30528       974
22000000000000   059      1339     4336268        84      109490      8751      1392
22000000000000   091       793     2165617         8       13805       925       799
22000000000000   018      5686    23453685      7726     7718371    497231      8674
22000000000000   016      9382    23132527     14074     5715194    783336     14094
22000000000000   021       652     2064201       123      110991      6022       688
22000000000000   089      2943     8369994       255      222295     12452      3018
23000000000000   000    107060   345953886     62602    61247084   5077679    135864
23000000000000   023      2893     9271575       789     1167190     73745      3309
23000000000000   029      1586     4681755       211      412992      2095      1598
23000000000000   025      2642     9700719        43       50344      3677      2663
23000000000000   062      2156     7772289         1        5112       155      2157
23000000000000   162       896     2574198       157       83773      9186       948
23000000000000   005     14991    47474609       226      387308     21771     15114
23000000000000   044      3605    12248556       285      383299     30385      3777
23000000000000   079     12765    37734614       390      605536     36173     12969
23000000000000   032      1859     6408657       195      197817     16304      1950
23000000000000   040     10923    36244126      2923     4879007    263559     12412
23000000000000   022      2106     6201905       386      204545     11829      2173
23000000000000   061       660     1720608       291      181683     18077       762
23000000000000   059      3312    10648969       977      630116     75358      3739
23000000000000   018     12867    61251159     13523    26455814   1398052     20818
23000000000000   016     26660    68496908     40941    24700517   3060559     44014
23000000000000   021      1854     6419805       183      237281     12347      1924
23000000000000   090       434     1247206         8       13202       799       439
23000000000000   089      4851    15856228      1073      651548     43608      5098
24000000000000   000     52123   162985801     32231    31517586   2644081     67059
24000000000000   023      2080     6052722       224      286763     23079      2211
24000000000000   029       883     2646790       342      624004     39257      1104
24000000000000   025      1445     5502270       150      272597     17192      1542
24000000000000   062       568     2087246         4       14041       677       572
24000000000000   162       278      743430        28       34607      3124       296
24000000000000   005      2495     7238735       147      211661     15914      2585
24000000000000   044      4830    14533987       298      500809     38198      5046
24000000000000   079      1499     4301997       299      378104     30907      1673
24000000000000   032      1978     6033781       258      396088     28549      2140
24000000000000   040      5261    14134149      2779     4972967    364260      7319
24000000000000   022      1306     3742671       108      173989     13705      1383
24000000000000   061       476     1255207       234      274724     24633       616
24000000000000   059      2970     8454426       760      890453     83682      3442
24000000000000   018      8239    39346823      8915     9526918    552419     11359
24000000000000   016     13279    33141327     17197    12221781   1351676     20914
24000000000000   021      1542     4856125       166      255051     19388      1651
24000000000000   089      2994     8914115       322      483029     37421      3206
25000000000000   000     43675    95077722     10226     6381283    716593     47746
25000000000000   023      1077     2411440        10        3000       660      1081
25000000000000   029       267      688244       228      163678     17911       368
25000000000000   025       418     1529469         8        2035       151       418
25000000000000   062       548     1269071         0           0         0       548
25000000000000   162       365      596048         0           0         0       365
25000000000000   005      3122     5089039        24       11540      1565      3131
25000000000000   044      3433     6094812         6        8991       418      3435
25000000000000   087        67      163098         0           0         0        67
25000000000000   079      3335     5703989         0           0         0      3335
25000000000000   032      3182     6308666        76       94233      9317      3235
25000000000000   040      8089    16033804       423      729403     53316      8390
25000000000000   022      1052     2422586       273      423014     44482      1304
25000000000000   061       275      413219       172       86568     17435       374
25000000000000   059      3098     6110439       367      240770     21123      3218
25000000000000   018      4374    18739098      2862     2304902    188559      5444
25000000000000   016      7325    14174850      5669     2240505    352027      9331
25000000000000   021      1355     3038631        44       24782      3754      1375
25000000000000   090       125      193130         0           0         0       125
25000000000000   089      2168     4098089        64       47862      5875      2202
26000000000000   000     71286   152729729     23658    12947951   1330500     78829
26000000000000   023      2800     4904450        31      475858      2639      2816
26000000000000   029       680     1414232       250      402843     19746       790
26000000000000   025      2923     7598065       428      437592     55864      3239
26000000000000   062       926     2782081         0           0         0       926
26000000000000   162       996     1944029         0           0         0       996
26000000000000   005      6573    11125062        62       50234      3582      6593
26000000000000   044      6276    14962230       334      396915     31753      6455
26000000000000   079      6955    11266845       324      193052     23241      7086
26000000000000   032      2893     5689887       348      204692     20999      3011
26000000000000   040     12059    21760311      1612     1447465     89307     12564
26000000000000   022      1733     3733466       135      148810     16576      1827
26000000000000   061       508      840735       268      152805     30561       681
26000000000000   059      2197     4572508       627      346552     58264      2529
26000000000000   018      7105    26574790      6830     4841047    320061      8914
26000000000000   016     10828    22126306     12222     3659017    636264     14445
26000000000000   021      2097     3765661         0           0         0      2097
26000000000000   089      3737     7669071       187      191069     21643      3860
27000000000000   000     14013    33302526      8864     5036932    589166     17343
27000000000000   023       901     1673903       125      169000     17805      1002
27000000000000   029       263      640788        43       55536      4939       291
27000000000000   025       122      441770        66      224569      8958       172
27000000000000   062       217      527619         0           0         0       217
27000000000000   162       177      367550        10       11723       949       183
27000000000000   005       765     1700999        54       47825      2841       781
27000000000000   044      1744     4239695        79      106881      9655      1799
27000000000000   079      1077     2400968       175      170344     17920      1178
27000000000000   032       420     1016901        64       70543      4492       446
27000000000000   040       917     1826804       182      163586     17823      1017
27000000000000   022       663     1374449        43       41546      4588       689
27000000000000   061        56      118332        53       26298      3407        75
27000000000000   059      1245     2993031       279      289962     27179      1399
27000000000000   018      1606     6092736      1263     1255633     95926      2148
27000000000000   016      2428     4634190      5956     1940000    335867      4325
27000000000000   021       553     1287705       348      348097     25487       697
27000000000000   090        80      157528        33       24420      2590        95
27000000000000   089       779     1807558        91       90969      8740       829
28000000000000   000     25750    57005808      9288     4800876    603256     29158
28000000000000   023       635     1420331        13        7671       635       639
28000000000000   029       298      724532        74       71310      5656       330
28000000000000   025       666     1849260        57       32918      3143       683
28000000000000   062       402     1056032         0           0         0       402
28000000000000   162       254      537043         6        5520       673       258
28000000000000   005      1726     3605770        91       78837      7186      1766
28000000000000   044      2333     5236017       121       90734     14043      2412
28000000000000   001        20       53757         0           0         0        20
28000000000000   079      2800     5599369       113       54274      7496      2843
28000000000000   032       652     1516051        62       61419      5916       686
28000000000000   040      4074     8070135       531      622501     51702      4366
28000000000000   022       543     1272621        72       55503      5712       575
28000000000000   061       188      403415       307      153889     27545       343
28000000000000   059      1485     2949170       779      418541     63326      1844
28000000000000   018      2474     8135937       959      883445     63798      2834
28000000000000   016      5203     9752229      5872     2130734    331466      7075
28000000000000   021       665     1636091        76       56761      6805       703
28000000000000   089      1332     3188048       155       76819      8154      1379
29000000000000   000     16887    47202974      3978     3401616    383198     19059
29000000000000   023       818     2043421        29       27453      2725       835
29000000000000   029       431     1285145        90       71534      5784       463
29000000000000   025       372     1474655         7       11643       576       376
29000000000000   062       389     1351509         0           0         0       389
29000000000000   162       189      558502         0           0         0       189
29000000000000   005      2103     6025243        28       51787      2982      2120
29000000000000   044      1444     4177574         0           0         0      1444
29000000000000   079       994     2554914        75       83858      8145      1040
29000000000000   032       717     1908263        47       65051      4601       744
29000000000000   040       780     2030761        44       78258      5196       810
29000000000000   022      1733     4599379        47       67062      5834      1767
29000000000000   061       158      389535        15       16147      1534       167
29000000000000   059       824     2135400       263      236041     26152       973
29000000000000   091        11       32488         0           0         0        11
29000000000000   092        12       35442         0           0         0        12
29000000000000   018      1325     4645950       884      657030     53235      1626
29000000000000   016      2900     6983754      2350     1926258    258294      4359
29000000000000   021       229      694757        30       61549      3725       251
29000000000000   089      1458     4276282        69       47945      4415      1483
30000000000000   000     14478    36332980      7408     4438841    422726     16902
30000000000000   023       455     1040955        25       21612      2589       471
30000000000000   029       263      704368        27       17758      1637       273
30000000000000   025       713     1866599        87       45337      7560       758
30000000000000   062       298     1013312         4         708        71       298
30000000000000   162       101      241993        11        4680       569       104
30000000000000   005       970     2502510        35       29056      3288       988
30000000000000   044      1900     5217734       175      247891     22145      2025
30000000000000   087         5       13180         2         899       111         6
30000000000000   079      1285     2951199        41       35300      2859      1302
30000000000000   032       773     2024499        67       70957      7549       819
30000000000000   040       972     2013885        78       87851     12084      1041
30000000000000   022       506     1117001       116       52198      5287       538
30000000000000   061       149      323137       158      131199     12044       217
30000000000000   059       420      951996       127       78384     10216       478
30000000000000   018      1379     4875031      1514     1401738     68693      1776
30000000000000   016      2283     4772012      4344     1834817    201977      3426
30000000000000   021       337      790467         9        9996       801       342
30000000000000   090       315      645565       405      221077     31182       491
30000000000000   089      1354     3267537       183      147383     32064      1549
31000000000000   000    101174   334219059     23345    27200177   1487963    110176
31000000000000   023      5527    15943962       233      190302      6602      5569
31000000000000   029      1497     5197965       153      502651     20275      1627
31000000000000   025      3958    16632362        56      112505      4718      3989
31000000000000   062      1140     3108662         7        8599       523      1143
31000000000000   162      2423    11110352         0           0         0      2423
31000000000000   005      9370    31514127        69      118117      5473      9405
31000000000000   044      7897    28322230       548      433523     52881      8196
31000000000000   087       111      302071         2        1280       137       112
31000000000000   079      5663    16966632       196      304055     15679      5764
31000000000000   032      2302     8059903       567      674079     33356      2504
31000000000000   040     17168    44530160      2255     3050206    137255     18042
31000000000000   022      1826     5093475       535      846419     10831      1896
31000000000000   081       868     3178108        59       47360      2004       881
31000000000000   061      2161     5082123      1708     2988217    221896      3417
31000000000000   059      2287     7676349       427      386733     15113      2380
31000000000000   091       126      372025         0           0         0       126
31000000000000   094       489     1783725        14       21905      1229       496
31000000000000   012      3483    13077558       397      130800     13780      3587
31000000000000   112      1150     2339453       316       59224      8110      1211
31000000000000   212       261      756117         0           0         0       261
31000000000000   312       779     1310278         0           0         0       779
31000000000000   412        42       89538       284       49794      6224        89
31000000000000   512        13       25054         0           0         0        13
31000000000000   612        55      158466         0           0         0        55
31000000000000   712         0           0        32        9430      1886        14
31000000000000   018      6278    36014388      4752     6344570    206755      7532
31000000000000   016     15493    43972412     10384    10431544    713668     19807
31000000000000   021      2900    10222407        68      119814      4892      2930
31000000000000   089      7057    23718610       599      428274     12786      7139
32000000000000   000     38667    85939845     14532     4815112    741992     42862
32000000000000   023      1840     4037042        13       19502      1280      1848
32000000000000   029       236      625111         7        9658       788       240
32000000000000   025      1681     4314551       106       70566      5643      1714
32000000000000   062       418     1111114         0           0         0       418
32000000000000   162       149      237621         0           0         0       149
32000000000000   005      3782     7617820        26       18928      2217      3795
32000000000000   044      2673     5689318         0           0         0      2673
32000000000000   001         7       17561         0           0         0         7
32000000000000   079      1426     2792146        13       15314      1373      1434
32000000000000   032      2153     4881430       233       98537      8819      2202
32000000000000   040      5446    10962617       601      229920     20577      5562
32000000000000   022       771     1631048        13       16501      1390       779
32000000000000   061       643     1215204        28       36097      3697       664
32000000000000   059      1394     2828533        40       23785      2631      1409
32000000000000   018      3241     9464700      3607     1684193    259817      4709
32000000000000   016     10204    22416875      9461     2384072    415963     12554
32000000000000   021       740     1724258       141       82959     13685       817
32000000000000   089      1863     4372896       243      125080      4112      1888
33000000000000   000    252324   841619398     39122    38156417   2479508    267359
33000000000000   023     11918    33245041       606      715127     49524     12215
33000000000000   029      4358    13102751      1162     2351551    110904      5025
33000000000000   025     16700    66312160       149      295168     14787     16789
33000000000000   062      3983    15813854         0           0         0      3983
33000000000000   162      1443     3816218       138      122806     11927      1512
33000000000000   005     33883   105236375       503      753179     43701     34147
33000000000000   044     14547    40495189       953      841487     92119     15069
33000000000000   001        95      270936         9       10182       793        99
33000000000000   087      1056     3625471        11        7995      1492      1064
33000000000000   079      7800    22142107       287      763620     42292      8055
33000000000000   032      8902    30639978       479      784034     40146      9144
33000000000000   040     58145   193795007      4066     6137624    401338     60556
33000000000000   022     11320    32547722       424      776085     60686     11686
33000000000000   061      2020     5492209      1702     1639055    100941      2627
33000000000000   059      3423    11086559       388      465559     24816      3573
33000000000000   092      3307    16230748       326      974846     36096      3511
33000000000000   094     15250    60944860       183      163733     16786     15344
33000000000000   018     13605    64364652     11721    11904507    387209     15956
33000000000000   016     21997    62447646     14820     8122914    956290     27905
33000000000000   021      5358    16557015       375      464436     31372      5547
33000000000000   089     13214    43452900       820      862509     56289     13552
34000000000000   000     98487   237915762     30425    23687305   2151749    110640
34000000000000   023      3406     7830656        20       24053      2216      3418
34000000000000   029       630     1913876       241      247036     17817       731
34000000000000   025      5197    13232077         9       13730       986      5203
34000000000000   062      2443     6382164         0           0         0      2443
34000000000000   162       848     1796530         9       10141      1289       855
34000000000000   005     12355    24959639        29       24296      2112     12367
34000000000000   044     12961    24494190         0           0         0     12961
34000000000000   087       310      830038        17       10228      1440       318
34000000000000   079      1079     2851181       236       98997     13620      1156
34000000000000   032      1699     4277554       193      136241     17675      1798
34000000000000   040     14853    33814497       926     1242270     91590     15370
34000000000000   022      2177     4929483       223      214591     23692      2311
34000000000000   081       125      309748         2        1465       105       126
34000000000000   061       560     1126841       295      148745     22333       686
34000000000000   059      3456     7739632      1075     2367460    130915      4197
34000000000000   018     10571    44163295      9722    11531706    833011     15277
34000000000000   016     18094    38633309     17257     7486664    980398     23632
34000000000000   021      3022     7434018        96       60450      6135      3055
34000000000000   089      4701    11197034        75       69232      6415      4736
35000000000000   000     13043    30229456      7913     3539344    468495     15684
35000000000000   023       471      917317        36       20969      3201       489
35000000000000   029        98      255319       105       17613      1176       105
35000000000000   025       330      910032        26        4850      1100       336
35000000000000   062       121      319276         0           0         0       121
35000000000000   162        97      186603         0           0         0        97
35000000000000   005       481      974743        39       28340      3159       499
35000000000000   044       953     2119198       126      121311     20726      1070
35000000000000   079       186      331698        40       16501      2952       202
35000000000000   032      1173     2634391       174      142637     14826      1256
35000000000000   040      1369     2459064       234       37812      8230      1415
35000000000000   022       556     1171743        65       48143      5878       589
35000000000000   061        87      183266        57       36592      5589       118
35000000000000   059       931     2355887       663      353926     73193      1344
35000000000000   018      1861     6819628      1808     1495693    114012      2505
35000000000000   016      3028     5734923      4394     1123143    202712      4172
35000000000000   021       317      626119        34       15522      1745       327
35000000000000   089       984     2230249       112       76292      9996      1039
36000000000000   000    117898   327357343     59539    42302989   4135381    141286
36000000000000   023      8474    23810001       152      166258     15122      8561
36000000000000   029       924     2388876       131       61458      4773       952
36000000000000   025      2038     6530310       336      410266     21380      2158
36000000000000   062      1327     5051400         0           0         0      1327
36000000000000   162      1115     2590440        16       15168      1572      1124
36000000000000   005     11207    31197671        87      108213      9419     11261
36000000000000   044      8757    25129163       424      421289     42511      8997
36000000000000   079      1973     5942488       102       80163     12168      2042
36000000000000   032      3372    10623077       317      224657     30179      3542
36000000000000   040     16274    42601439      3197     5255007    388049     18466
36000000000000   022      3159     8422519       252      227254     21437      3280
36000000000000   061       630     1669967       346      260012     31735       809
36000000000000   059      3176     8629235       646      816162     72767      3587
36000000000000   018     16109    62541405     15198    15492255   1035456     21967
36000000000000   016     31305    66282881     37646    18056476   2380930     44770
36000000000000   021      2255     6849594       117      133969      8760      2305
36000000000000   090       496     1052316       328      385373     40691       726
36000000000000   089      5307    16044561       244      189009     18432      5412
37000000000000   000     60978   115680328     21421    10809013   1264719     68207
37000000000000   023      2102     3900166        11       12568      1234      2109
37000000000000   029      1018     2108212        59       41239      4245      1042
37000000000000   025      1353     3294233        97       50351      4783      1380
37000000000000   062       940     2262224         0           0         0       940
37000000000000   162       662     1198576         5        4803       609       665
37000000000000   005      6353     8767269        78       62145      6372      6389
37000000000000   044      4225     6737658         7        6930       956      4230
37000000000000   079      6684     9320311       145      108368     14007      6763
37000000000000   032      3109     5941441       282      250696     27953      3267
37000000000000   040      7724    13460262       813      703292     73395      8137
37000000000000   022      1851     3453727       255      115840     10808      1913
37000000000000   061      1502     2572706       883      471037     92664      2025
37000000000000   059      1924     3461170       754      344369     44084      2173
37000000000000   092       469     1604002         1         600       100       470
37000000000000   018      5774    20335833      4835     3762831    210583      7001
37000000000000   016     11431    19683345     12457     4496659    714567     15517
37000000000000   021      2283     4665318       610      335037     52340      2578
37000000000000   089      1574     2913875       129       42248      6019      1608
38000000000000   000     42341   117706287     20690    19122824    852970     47160
38000000000000   023      3231     8829628       140      162894     14323      3311
38000000000000   029       652     1767062        87       99976      6791       690
38000000000000   025      2069     6027328       299      281855     25136      2211
38000000000000   062       821     3069850         0           0         0       821
38000000000000   162       263      630941       146       46179      3965       285
38000000000000   005      2577     7058920       156      238221     17442      2675
38000000000000   044      3428     8318066         0           0         0      3428
38000000000000   079      4239    10711688       249      490863     20804      4356
38000000000000   032      1314     3715920       174      220601     15414      1401
38000000000000   040      4919    12454237      1784     3375750    169782      5878
38000000000000   022      2134     5510244       206      423201     25716      2279
38000000000000   061       289      956569        67      141150     11036       351
38000000000000   059      2681     6666770       736      965988     76274      3113
38000000000000   018      5300    21697078      6924     9952313    199046      6425
38000000000000   016      5014    10978156      9406     2358038    235804      6346
38000000000000   021       831     2238288       111      185245     14989       916
38000000000000   090       156      424105        18       16790      1377       164
38000000000000   089      2423     6651437       187      163760     15071      2510
39000000000000   000    129613   363443360     46261    34280995   2603190    144945
39000000000000   023      6635    16522913       126       37124      3641      6657
39000000000000   029      3435     9051091      1131     1274992     56124      3762
39000000000000   025      2290     9357619        96      365044       963      2295
39000000000000   062      4018    13280734         0           0         0      4018
39000000000000   162      1158     2623216         1        2697        84      1158
39000000000000   005      9519    24090020        85      102024      7602      9562
39000000000000   044     12823    31056582         5        9863       804     12828
39000000000000   001       100      255146         0           0         0       100
39000000000000   079     10207    26201707        37       44878      3128     10224
39000000000000   032      2715     7733319       125       34332      3655      2736
39000000000000   040     19915    44485466      2698     4010266    197451     21031
39000000000000   022      3392     8333560        10       13946       866      3397
39000000000000   061       924     2334603        85       72818      7492       966
39000000000000   059      4841    13537927       729      844371     84979      5321
39000000000000   018     13047    67306167     10300    14050808    761444     17512
39000000000000   016     23239    57907470     29491    12804330   1406709     31637
39000000000000   021      2787     7372463       221      110428      9525      2840
39000000000000   090      2688     5848715       958      387060     48017      2959
39000000000000   089      5880    16144642       163      116014     10706      5942
40000000000000   000     17588    51865804      6571     4739522    384149     19834
40000000000000   023       971     2453956        17       20338      1428       980
40000000000000   029       487     1314052       154        6240       275       489
40000000000000   025      1057     3379412        16       27732      1298      1066
40000000000000   062       181      793070         0           0         0       181
40000000000000   162        69      204483         1         225         5        69
40000000000000   005      1806     6354552         9       27626      1370      1814
40000000000000   044       957     2455939        14       17732      1980       969
40000000000000   079      1582     3966892        26       64953      2993      1601
40000000000000   032      1425     4760348         5       11929       466      1428
40000000000000   040      1279     4008438        56       87754      2480      1293
40000000000000   022       665     1733945        90      142449     11648       740
40000000000000   080       252      814752         0           0         0       252
40000000000000   061        85      188301         0           0         0        85
40000000000000   059       454     1209309        49       19935      3631       475
40000000000000   094       469     1258996        48       55867      6378       505
40000000000000   018      1825     6896342      2022     2496624    145248      2646
40000000000000   016      2355     5019900      3238      964816    134605      3116
40000000000000   021       562     1915763       681      716543     63141       970
40000000000000   089      1107     3137354       145       78759      7203      1155
41000000000000   000     71514   149524166     20307     9922810   1072367     77885
41000000000000   023      2348     5014460        18       10796      1644      2357
41000000000000   029      1032     2428956       369      374787     24498      1176
41000000000000   025       585     1894382         9       13336       972       591
41000000000000   062      1495     3569032         3        3792       302      1496
41000000000000   162       337      680830         3        1352       196       338
41000000000000   005      7408    13036444        23       35482      2588      7423
41000000000000   044      5161     7738022        22       13658      2252      5174
41000000000000   087       411     1186613         0           0         0       411
41000000000000   079      4737     8899540        49       51414      5988      4770
41000000000000   032      7295    15318652       240      386406     26762      7446
41000000000000   040     10294    16003305       240      379651     34167     10487
41000000000000   022      1569     3368626         3        7954       102      1569
41000000000000   061       611     1026380        14       10975      1710       621
41000000000000   059      2611     4731572       221       56182      8254      2661
41000000000000   092      1798     5582023        14       18682      1807      1808
41000000000000   018      7840    27418528      9356     5310612    441788     10492
41000000000000   016     11345    21310461      9648     3177403    513698     14396
41000000000000   021      2912     6463938        48       46902      3066      2930
41000000000000   089      1725     3852402        27       23426      2573      1739
42000000000000   000     12221    27349599      5729     2641891    295699     13895
42000000000000   023       467     1096657        14       18459      1464       476
42000000000000   029       264      564880       128       45697      3077       281
42000000000000   025       459      999889       137      303650     14001       538
42000000000000   062       191      502578         1         782        44       191
42000000000000   162        95      174587         2        1931       228        96
42000000000000   005       615     1199555        39       36422      4495       641
42000000000000   044      1231     2811390        73       77382     11413      1295
42000000000000   079       963     1850559       273      207452     28043      1122
42000000000000   032       534     1232959       128      123247     15228       620
42000000000000   040      1441     2484517       122      128465     12176      1510
42000000000000   022       292      574137        18       20245      2291       305
42000000000000   061       101      214047        70       44238      7937       146
42000000000000   059       791     1789815       370      167942     27091       944
42000000000000   018      1369     5409593       985      682067     45600      1627
42000000000000   016      2212     4054031      3268      695003    113137      2852
42000000000000   021       458      962674        60       45104      5357       489
42000000000000   089       738     1427731        41       43805      4117       762
43000000000000   000     69391   155318268     23168    13755712   1327530     77223
43000000000000   023      2545     5823637        32       16119      2179      2559
43000000000000   029       469     1192969       277      189418     13742       548
43000000000000   025      1607     5203961        52       46404      4762      1635
43000000000000   062       911     2711954         0           0         0       911
43000000000000   162       635     1140284         8        2748       483       638
43000000000000   005      6888    13261986         6        5402       710      6892
43000000000000   044      4821     9568178         0           0         0      4821
43000000000000   079      4464     9461028        27       18390      1968      4476
43000000000000   032      3570     8241851        86       64822      4526      3596
43000000000000   040      9943    19871364       499      605673     44223     10195
43000000000000   022      1473     3228952       301      304114     33578      1675
43000000000000   061      1044     1592840       146       75426     15058      1135
43000000000000   059      3008     6349059       580      259679     28638      3171
43000000000000   018      9074    30818898      7057     6243511    482485     11953
43000000000000   016     14142    26426591     13907     5836564    688471     18180
43000000000000   021      2094     4561745       109       63017      4423      2120
43000000000000   089      2703     5862971        81       24425      2284      2718
44000000000000   000    228231   553690822     54858    40260658   3409539    247494
44000000000000   023      8046    20034965       215      193669     19134      8155
44000000000000   029      1406     3700101       221      168927     13619      1482
44000000000000   025      4768    15857996        32       52862      2781      4782
44000000000000   062      1496     4532172         0           0         0      1496
44000000000000   162      1546     3868416        49       33250      4116      1569
44000000000000   005     31596    63870473        66       69718      6419     31632
44000000000000   044     13538    30519612       172      159648     20472     13653
44000000000000   079     22743    43919210       234      219764     23638     22877
44000000000000   032      9998    20831154       808     1610395     96198     10542
44000000000000   040     39705    89617641      1973     2613788    230854     41010
44000000000000   022      6851    14809084       295      225310     25054      6993
44000000000000   061       824     1640782       490      349525     50378      1109
44000000000000   059     11153    23717348      2226     1155948     70909     11551
44000000000000   094         5       19367         0           0         0         5
44000000000000   018     19073    94284446     15341    17617780    918067     24262
44000000000000   016     44349    94228606     32270    15388150   1890012     55030
44000000000000   021      4447    11001406       276      235338     20680      4565
44000000000000   089      6687    17238043       190      166586     17208      6781
45000000000000   000     37337    82355829     11635     6844801    830438     42031
45000000000000   023      1274     3057138        73       60030      6738      1312
45000000000000   029       211      522323       181       65807     12972       284
45000000000000   025      1097     3069139       140      100504      9726      1152
45000000000000   062       371     1016106         0           0         0       371
45000000000000   162       284      686739        62       39469      3970       306
45000000000000   005      1980     4380088       390      295126     31380      2157
45000000000000   044      1696     4405430       177      195375     25965      1843
45000000000000   079      2535     5417995       235      246322     22037      2660
45000000000000   032      1177     3009131       120      123995      8447      1224
45000000000000   040      4827     9671777       227      138929     16860      4922
45000000000000   022       576     1466746       191      142588     11283       640
45000000000000   061       215      511483        79       61992      9131       267
45000000000000   059      1205     3067618       463      244806     26698      1356
45000000000000   018      3966    14656448      3196     2502146    276411      5528
45000000000000   016     13464    21487108      5546     2342116    336277     15364
45000000000000   021       798     1983779       234      142681     16784       893
45000000000000   090       188      349115       118       49751      7957       233
45000000000000   089      1473     3597666       203       93164      7802      1519
46000000000000   000     11418    28592378      3015     2269178    218147     12686
46000000000000   023       451      995436        28       31122      3562       471
46000000000000   029       354      719863        44       46876      3102       371
46000000000000   025       426     1264031        94      112606      9930       481
46000000000000   062       299     1223357        23        8236       941       304
46000000000000   162       144      400364        30       14825      2823       160
46000000000000   005       698     1680643        38       55664      6826       737
46000000000000   044      1083     2624805         8       13001       945      1088
46000000000000   079       927     2252083       430      385351     48887      1204
46000000000000   032       413     1083375        85      138094      9267       465
46000000000000   040       301      706821        31       44178      2814       317
46000000000000   022       337      797760        32       51006      4871       365
46000000000000   061       195      381873         8       13917      1052       201
46000000000000   059       623     1614350        40       56949      4810       650
46000000000000   018      1352     4575476       962      673783     51702      1664
46000000000000   016      2464     4957555       955      411110     45792      2740
46000000000000   021       315      879487        49       40480      3894       337
46000000000000   090        70      168758        27       16430      2338        83
46000000000000   089       966     2266341       131      155550     14591      1048
47000000000000   000    100518   236751306     45208    31875350   3106377    118071
47000000000000   023      3934     9307752       703      543788     67708      4317
47000000000000   029       503     1321185       302      457092     24113       646
47000000000000   025      2547     7408780       574      449910     35854      2752
47000000000000   062      1646     6369040         0           0         0      1646
47000000000000   162       707     1757268       161       97090     11558       772
47000000000000   005     10554    20010144       512      400930     41706     10790
47000000000000   044     10713    20668002      1013     1101365    100581     11281
47000000000000   087       145      359172         0           0         0       145
47000000000000   079      2149     5004364       336      455852     38898      2368
47000000000000   032      5924    13931018      1503     1397294    145616      6746
47000000000000   040     18641    35721945      2291     1330509    144207     19455
47000000000000   022      1455     3344114       654      453736     52634      1753
47000000000000   061       544     1020166       664      521650     57615       869
47000000000000   059      2884     6857499       703      602441     81690      3345
47000000000000   018     11605    45359076     10730    12938556    785956     16043
47000000000000   016     19437    41070647     23000     9635939   1351622     27073
47000000000000   021      2865     6560053       573      479777     46032      3124
47000000000000   090       856     1678134      1064      581746     74158      1275
47000000000000   089      3409     9002947       425      427675     46429      3671
48000000000000   000     82025   245042926     44169    35985508   2546633     96414
48000000000000   023      2527     8317698       137      238722     19226      2635
48000000000000   029       859     2738539       418     1185615     23642       992
48000000000000   025      1382     5447786       145      126106     13684      1460
48000000000000   062       990     3597840         0           0         0       990
48000000000000   162       859     2238974         3        2764       262       860
48000000000000   005      7246    15131980      1062     1652000     29904      7415
48000000000000   044      6194    20163796       320      563415     29252      6359
48000000000000   079      6775    18860576       497      832696     71800      7181
48000000000000   032      6741    20172547       898     1381508    113476      7383
48000000000000   040      6764    21146466      2410     5345072    251918      8187
48000000000000   022      4074    10300746       787     1453790     73462      4488
48000000000000   061       435     1191446       114       91480     14338       516
48000000000000   059      5035    13785492       932      667154     82906      5502
48000000000000   018      9939    42051772      9115     7179623    390073     12145
48000000000000   016     15147    40243362     26449    14379569   1351586     22784
48000000000000   021      1531     4172749       193      158984     18455      1636
48000000000000   090       643     1684768       466      541090     49454       922
48000000000000   089      4884    13796389       223      185920     13195      4959
49000000000000   000     30595    61646849      9675     4613471    473550     33412
49000000000000   023      1030     1728850         5        2940       380      1033
49000000000000   029       249      533552       216       52503      3453       270
49000000000000   025      1016     2227182        29       20638      2676      1031
49000000000000   062       489     1442672         0           0         0       489
49000000000000   162       319      416258         6        4396       530       322
49000000000000   005       799     1255330         5        4392       372       801
49000000000000   044      5682    10308626        19       23533      3022      5699
49000000000000   079      2509     3891358         3        2492       272      2511
49000000000000   032       689     1460204        27       25920      3200       707
49000000000000   040      2133     3069106       100      105140      5700      2165
49000000000000   022       784     1428692        75       59512      8020       832
49000000000000   081         9       18648         0           0         0         9
49000000000000   061       543      714740       589      336648     67330       923
49000000000000   059      1708     3748908       232      106086     18014      1815
49000000000000   018      3188    11875605      3044     2297206    122716      3928
49000000000000   016      6192    11187671      5037     1408108    218373      7507
49000000000000   021      1448     3000258       189      100310     11964      1520
49000000000000   090        55       89300         0           0         0        55
49000000000000   089      1753     3249889        99       63647      7528      1795
50000000000000   000     56479   164529194     39320    27952159   2316982     69577
50000000000000   023      2605     6846778       651      743269     68431      2992
50000000000000   029       782     2120536       281      561868     31902       967
50000000000000   025      1798     7187608       263      437108     29181      1963
50000000000000   062       479     1353786        79      231235     13995       558
50000000000000   162       278      737576        42       53069      4311       302
50000000000000   005      5310    13058651       531      744181     58132      5641
50000000000000   044      2025     6448306       272      303105     29366      2191
50000000000000   079      1000     2497076       394      507420     43556      1247
50000000000000   032      1478     4250121       343      405671     29713      1646
50000000000000   040      6248    15322307      2655     3475024    287657      7873
50000000000000   022       807     1987317        35       82806      6642       845
50000000000000   061       188      389987       221      116189     14736       271
50000000000000   059      2222     5165435       959      804354     83514      2693
50000000000000   018      9844    38971714      7339     5292009    359992     11878
50000000000000   016     15613    41713828     23781    12649964   1128935     21991
50000000000000   021      1190     3672619       338      333614     24558      1328
50000000000000   089      4612    12805549      1136     1211273    102361      5191
51000000000000   000      9507    20225692      9156     1795492    241644     10874
51000000000000   023       487     1062482        12        8293      1153       494
51000000000000   029        98      233441        35        5511       492       100
51000000000000   025       339      896995        44       45579      3477       358
51000000000000   062       143      321064         0           0         0       143
51000000000000   162        86      156439         6       13194      1610        95
51000000000000   005       471      831313         2        2336       266       473
51000000000000   044      1738     3568811       120      280208     24720      1878
51000000000000   079       307      564304         0           0         0       307
51000000000000   032       501     1032345        33       32570      3594       521
51000000000000   040      1151     2250820       117      120978     12352      1221
51000000000000   022       361      722783        49       53116      6190       396
51000000000000   061       116      227578        12        6605       842       121
51000000000000   059       680     1498610        94       34007      5160       710
51000000000000   018       744     2404750       672      541899     44527       996
51000000000000   016      1438     2733085      1915      601703    130956      2178
51000000000000   021       145      310627      5962        5962       789       149
51000000000000   090        34       52391         2        1615       317        36
51000000000000   089       668     1357854        81       41916      5199       698
