01000000000000   000     75586   183031695     22815    13389001   1518282     84289
01000000000000   005      4486    10341494         5        4145       504      4489
01000000000000   016     17102    34691079     12357     4956503    773593     21546
01000000000000   018      8508    34649387      6403     4823160    377722     10694
01000000000000   021      3925     9721130       904      549764     46429      4190
01000000000000   022      1484     3428080        57       25527      4160      1508
01000000000000   023      2383     6128318         6        7288       690      2386
01000000000000   025      2626     7730350       142      125401     15684      2715
01000000000000   029       446     1136172        45       89877      3882       467
01000000000000   032      6078    12888822       677      529302     82629      6545
01000000000000   040     12457    24203531      1049     1471867     86249     12944
01000000000000   044      4460     9980774        43       50995      4760      4487
01000000000000   059      2720     6881117       561      328450     46493      2983
01000000000000   061       485      866017       467      346715     65089       852
01000000000000   062       627     1926809         0           0         0       627
01000000000000   079      4506    10569171        25       30307      3321      4525
01000000000000   087       415     1170567         0           0         0       415
01000000000000   089      1599     4062407        74       49700      7077      1637
01000000000000   090       805     1705821         0           0         0       805
01000000000000   162       474      950649         0           0         0       474
02000000000000   000     20761    76228655      5505     5024898    373610     22939
02000000000000   005      1291     4795542         2        4664       212      1292
02000000000000   012      1736     6364832       832     1008189     81807      2229
02000000000000   016      1918     6262795      2307     1521616    150698      2770
02000000000000   018       906     5145329      1106     1157349     38524      1124
02000000000000   021       462     1545467        28       19622      1597       472
02000000000000   022       423     1438308         4        5671       331       425
02000000000000   023       925     3357964        15       24887      1358       933
02000000000000   025      1115     4281872        57       83913      4597      1144
02000000000000   029       430     1415248        40       27084      1442       439
02000000000000   032       495     1723248        26       44569      2215       509
02000000000000   040       339     1093565        13       14393      1990       351
02000000000000   044      2876    11459615        21       26761      2018      2888
02000000000000   059      2781     9948342       120      135710     10226      2839
02000000000000   061        95      297595         2        1147       109        96
02000000000000   062       268     1474714         0           0         0       268
02000000000000   079      1598     5024675       162      214285     22005      1730
02000000000000   089      1584     5577975       193      142728      9438      1642
02000000000000   094       539     2236310         0           0         0       539
02000000000000   162       148      465383         3        6818       306       150
02000000000000   212       289      960425       126      100113      5197       321
02000000000000   312       254      671602       213      243640     20457       378
02000000000000   412        94      193474       125      162247     14136       180
02000000000000   512         2        3686        18       21759      1519        10
02000000000000   612        15       21253         2        1107        57        15
02000000000000   712         0           0        21        4645      1048         5
02000000000000   812       178      469436        69       51981      2323       190
03000000000000   000     48538   124300713     22057    14366267   1505400     57044
03000000000000   005      6920    14550498        18       14347      1594      6929
03000000000000   016     10529    26743249     13683     6384457    799212     15044
03000000000000   018      4343    21438268      5038     5316369    396591      6583
03000000000000   021      2389     4934838       272      246411     26893      2541
03000000000000   022      1477     3020438       224      220087     17825      1578
03000000000000   023      3235     6997183        76       84938      8707      3285
03000000000000   025      1131     3780987        58       75236      4377      1155
03000000000000   029       562     1349642       121      148005      7959       607
03000000000000   032      1980     4307553       125      179707     12710      2052
03000000000000   040       724     1496538        51       73144      4583       750
03000000000000   044      2992     7570115       130      136584     16355      3084
03000000000000   059      2188     5374267       739      584613     59578      2526
03000000000000   061       244      621105      1138      510902     51546       535
03000000000000   062       922     3159006         0           0         0       922
03000000000000   079      5044     9803477       251      292395     87668      5540
03000000000000   089      3109     7248146       124       93406      9236      3161
03000000000000   092         7       18902         5         330        88         7
03000000000000   162       742     1886501         4        5336       478       745
04000000000000   000     43149   107085509     12956     8887363    998360     48803
04000000000000   005      3050     5626233         4        2922       584      3053
04000000000000   016      8204    19113974      7681     3825223    634706     11796
04000000000000   018      4427    23227998      3132     3473349    210534      5620
04000000000000   021      2541     5898833       473      325668     34277      2735
04000000000000   022       773     1925473       193      120165     14772       857
04000000000000   023      1876     3856231        63       37458      6143      1910
04000000000000   025       338     1510052         6        5016       585       342
04000000000000   029       434     1116254       143      149041      5801       467
04000000000000   032      3985     7558763        14       12963      1244      3992
04000000000000   040      4776     9283916       171      163227     14387      4857
04000000000000   044      3638     8733400        58       33367      5679      3670
04000000000000   059      2067     4615978       626      516636     27200      2221
04000000000000   061       552      955224       308      155970     34660       748
04000000000000   062       500     1498938         0           0         0       500
04000000000000   079      3663     7091478         0           0         0      3663
04000000000000   089      1960     4338425        84       66358      7788      2007
04000000000000   162       365      734339         0           0         0       365
05000000000000   000    279490   987617996    114166   122033821   8412430    327035
05000000000000   005     35365   119063743      2608     8671907    355201     37371
05000000000000   016     56665   188574531     66889    52598947   4022674     79392
05000000000000   018     18490    98965381     22464    29680855   1864475     29024
05000000000000   021      4358    12779952       622      533462     41393      4592
05000000000000   022     17545    54507803      3971     6309945    421061     19924
05000000000000   023     16447    47050826      2167     1727156    151772     17304
05000000000000   025      2491    10409688       162      302346     15153      2576
05000000000000   029      3002    10099944       597     1077899     57195      3345
05000000000000   032      9197    35410169       889     1515818     76895      9631
05000000000000   040     30967   100671999      6993    10676664    637754     34571
05000000000000   044     18399    67261871      1186      640708     72846     18811
05000000000000   059     15148    47876321      2675     4172913    284733     16756
05000000000000   061      1909     5620195      1955     2859620    317883      3705
05000000000000   062      6054    23481166         0           0         0      6054
05000000000000   079      3540    11431552       332      455886     31907      3721
05000000000000   087        56      201548        16       12409      1298        63
05000000000000   089     35446   140732078       632      782125     59263     35779
05000000000000   162      4411    13479229         8       15161       927      4416
06000000000000   000     39838   128446106     34856    42560068   2484798     53876
06000000000000   005      3919    10820516        57       80503      5182      3948
06000000000000   016      8897    23600990     21744    14182452   1331807     16423
06000000000000   018      7805    35065756      9093    22507179    819485     12435
06000000000000   021      1063     3069085       617      410029     29408      1230
06000000000000   022       701     2331629       345      731400     39468       924
06000000000000   023      2034     6202592        98      142805      7773      2078
06000000000000   025      2509     8189008       520      822250     45666      2766
06000000000000   029       321     1046792       119      136231      7038       359
06000000000000   032      1075     3734988       151      255826     13296      1150
06000000000000   040      3588     9015261      1078     2182313    117776      4254
06000000000000   044      2987     9048502       185      249054     14650      3070
06000000000000   059      1416     4845606       344      421024     22279      1541
06000000000000   061       166      564747       282      141711     12882       239
06000000000000   062       547     1705706         0           0         0       547
06000000000000   079       966     3547520        62      112500      5327       996
06000000000000   089      1374     4408635       161      184791     12761      1446
06000000000000   162       470     1248773         0           0         0       470
07000000000000   000     57269   189333905     15608    14517203    953570     63224
07000000000000   001       158      560206         0           0         0       158
07000000000000   005      7652    24084218        93      180004      8306      7704
07000000000000   016      7090    23487103      8644     4414367    391887      9594
07000000000000   018      4238    22864874      3604     4318795    187867      5390
07000000000000   021      2821     8834791       176      229650     17327      2933
07000000000000   022      1181     3380610         1         742        64      1181
07000000000000   023      2491     7028159        57      104175      7247      2538
07000000000000   025      3377     9638030        79      162150      8475      3431
07000000000000   029       940     2974508        69      114111      6346       981
07000000000000   032      2474     7991443       130      250330     13472      2557
07000000000000   040     10696    34767644      2332     4034904    266354     12305
07000000000000   044      3938    12345516         9       17371      1196      3946
07000000000000   059       549     1849593        40       65654      4962       581
07000000000000   061       124      360787        44       46330      4758       155
07000000000000   062       977     3893540         0           0         0       977
07000000000000   079      4979    14466997       146      313395     16372      5085
07000000000000   081        65      237157         3        1700       201        66
07000000000000   089      2934     8878576       146      217565     15221      3034
07000000000000   162       585     1690153        35       45960      3515       608
08000000000000   000     18459    47556903      6748     4468538    351345     20578
08000000000000   005      1488     3658328        50       44394      4582      1514
08000000000000   016      3202     8650570      3543     1606594    124998      3961
08000000000000   018      1433     6357424      2047     2093334    140513      2280
08000000000000   021       244      847012         2        1756       124       245
08000000000000   022       261      490972         1        1352       104       262
08000000000000   023       638     1519182        40       29358      3488       659
08000000000000   025      1279     3318398        16       18582      1206      1286
08000000000000   029       220      546132        40       29898      2304       235
08000000000000   032      1345     3290688       245      125238     17088      1447
08000000000000   040      2214     4211204        73       74370      4824      2243
08000000000000   044      1383     2909162        75       54888      8160      1429
08000000000000   059       473     1206814       108       65804      6950       514
08000000000000   061       162      345126       173       96926     15450       255
08000000000000   062       491     1965826         0           0         0       491
08000000000000   079      1837     3732054        77       73622      5534      1871
08000000000000   081        71      183754         5        3722       442        74
08000000000000   089      1089     2775740       182       69788      6416      1130
08000000000000   094       417     1092795        52       50526      6554       454
08000000000000   162       212      455722        19       28386      2608       228
10000000000000   000    153805   350170023     39094    27854411   2992511    170709
10000000000000   005     28779    54784911       909      541999     55027     29090
10000000000000   016     17863    42182180     16826     9514870   1399487     25768
10000000000000   018     10204    39563077      8835     9169253    651669     13887
10000000000000   021      3073     7686463       255      285147     23630      3206
10000000000000   022      4465     8205435       314      358898     41712      4701
10000000000000   023      7409    17132573       340      231014     38757      7626
10000000000000   025     11103    31610984       178      370090     24077     11240
10000000000000   029      1750     4844390       470      571101     30606      1923
10000000000000   032     12127    25729670      1652     1956573    138522     12909
10000000000000   040     14524    28749777      5536     2191501    288745     16156
10000000000000   044     11426    23435121       137       80100     12614     11497
10000000000000   059      6363    15723716      1658     1276269    160291      7269
10000000000000   061      1108     2266340         7        5025       588      1111
10000000000000   062      2157     8732664         0           0         0      2157
10000000000000   079      9452    13236518       615      291369     19353      9561
10000000000000   087         1        3328         5        5000       330         3
10000000000000   089      9977    22162608      1278      954468    101015     10546
10000000000000   094       445     1108904        12        3624       476       448
10000000000000   162      1579     3011364        67       48110      5612      1611
11000000000000   000     99729   231151738     30567    26930671   2597568    114407
11000000000000   005     18296    35845650       693      613530     53803     18599
11000000000000   016     16931    31612678     14602     7256793    914149     22097
11000000000000   018      9120    41779365      6317    10983496    728346     13236
11000000000000   021      5920    16072916      2132     1307504    120824      6603
11000000000000   022      1795     4284557       133      129442     17681      1895
11000000000000   023      2210     5385333       400      407917     62082      2560
11000000000000   025      1019     3984219        19       34142      1648      1028
11000000000000   029       570     1636048       378      533356     50699       857
11000000000000   032      4189    10520828       230      333397     30161      4359
11000000000000   040     13273    26774205      1832     2374221    196774     14386
11000000000000   044      6198     8635649        17       23559      1878      6208
11000000000000   059      4659     8809043      1022      645185     80854      5117
11000000000000   061      1572     2947469      1906     1160079    173435      2552
11000000000000   062       810     2208125         0           0         0       810
11000000000000   079      7725    15977426       174      169043     18150      7828
11000000000000   087       614     1449576         0           0         0       614
11000000000000   089      3961    10985015       710      955202    146861      4790
11000000000000   162       867     2243636         2        3805       223       868
12000000000000   000     46910   121885846     19924    14938070   1008570     53109
12000000000000   001      1054     2284050         1        1258       120      1055
12000000000000   005      2212     5240708        27       43058      2468      2226
12000000000000   012     13945    35583874      6059     4956262    315282     15979
12000000000000   016      3335     9810924      4344     2835538    172486      4309
12000000000000   018      2132     9919948      1922     2913282    110184      2755
12000000000000   021       153      412404         3        3316       240       154
12000000000000   022       333      897024         5       10336       580       336
12000000000000   023      1096     2963556         0           0         0      1096
12000000000000   025      2197     6437614        75      111108      4534      2223
12000000000000   029       527     1343756       180      436846     21000       646
12000000000000   032      3151     7539158        82      134354      7624      3194
12000000000000   040      3096     7431532       160      305728     13858      3173
12000000000000   044       865     2228814         0           0         0       865
12000000000000   052       565     1243636       230      112458     16562       659
12000000000000   059      1494     4216630       306      216500     11404      1558
12000000000000   061       171      390182       392      121734     14032       250
12000000000000   079      1134     2662878         7        7716       552      1137
12000000000000   087       201      497842         0           0         0       201
12000000000000   089      4004    10117220        80       79404      6712      4042
12000000000000   212      2358     6168650       586      457028     45700      2653
12000000000000   312      1436     2248034      2954     1110704    139360      2335
12000000000000   412      1325     1917412       292      564144     61254      1720
12000000000000   712         0           0       602      100110     16666       108
12000000000000   812       126      330000      1617      417186     47952       435
13000000000000   000     18129    43387149      8415     4480302    513944     21029
13000000000000   005      1205     2789999        85      100343     11719      1271
13000000000000   016      3235     5491480      4200     1351897    194927      4337
13000000000000   018      2375     8077465      1226      673907     45074      2630
13000000000000   021       526     1313615       782      275464     34435       720
13000000000000   022       469     1286971       136      183206     22900       598
13000000000000   023      1139     2740397        98       84126     10910      1199
13000000000000   025       381     1491168        20       24929      3117       398
13000000000000   029       165      427291       158      139772      8615       213
13000000000000   032      1102     1670702       129       78789      8513      1149
13000000000000   040       930     2037110       230      205207     22645      1058
13000000000000   044      1810     4533743       203      247175     29329      1976
13000000000000   059      1314     3316747       488      519512     64716      1680
13000000000000   061       147      323116        69       43142      5393       177
13000000000000   062       271     1040390         0           0         0       271
13000000000000   079      1790     4028128       249      343274     25974      1937
13000000000000   089      1059     2214292       187      117308     13969      1138
13000000000000   090        95      223408       122       70992      8874       145
13000000000000   162       116      381127        33       21259      2834       132
14000000000000   000    117888   344686699     47961    30317078   2734986    133950
14000000000000   005     12641    34262854        28       91416      4354     12667
14000000000000   016     22539    55790622     30230    13189829   1595150     31931
14000000000000   018     12098    45723346     12777    10839563    656618     15977
14000000000000   021      2884     8382910        60       81016      5672      2917
14000000000000   022      3135     8794504       414      731922     49476      3433
14000000000000   023      6223    16150903       252      274288     23929      6368
14000000000000   025      2888    12726951       132      147271      9910      2946
14000000000000   029      2385     6816574        22       30635      1803      2397
14000000000000   032      3106     9685530        33       35754      2768      3124
14000000000000   040     13984    38691870       959      426177     70890     14384
14000000000000   044      7612    24945074      1264     2375587    200883      8747
14000000000000   059      3316     9584179      1189      927416     62501      3674
14000000000000   061       691     1702146        38       54958      4922       721
14000000000000   062      2054     8054030         0           0         0      2054
14000000000000   079     13392    37271828       203      636524     10778     13457
14000000000000   087       100      343568         4        7514       460       103
14000000000000   089      7179    21149792       345      452268     33762      7382
14000000000000   162      1661     4610018        11       14940      1110      1668
15000000000000   000     73163   203447364     38634    38165455   3005769     90255
15000000000000   005      6307    13629425         8       10675       644      6311
15000000000000   016     19176    64139624     21470    14151432    990369     24808
15000000000000   018      8983    41098689     13106    16779652   1549484     17759
15000000000000   021      4137     7279236      1346     1266424    119598      4813
15000000000000   022      1620     3232766       143       99877     12925      1698
15000000000000   023      2776     6921871         8        7950       984      2781
15000000000000   025       912     3351329       167      389131     22510      1040
15000000000000   029       374     1018292       100     2350773      9402       435
15000000000000   032      1748     3772069         1        1665       133      1749
15000000000000   040     10266    25271797      1121     1833319    168770     11226
15000000000000   044      5029     9853478         0           0         0      5029
15000000000000   059      2121     4924606      1036     1158239    118311      2818
15000000000000   061        85      167186        35       27451      4661       113
15000000000000   062      1061     2816210         0           0         0      1061
15000000000000   079      5211     9001934        61       52805      5648      5244
15000000000000   087        34       95795         2        2396       204        35
15000000000000   089      2588     5404056        25       30544      1676      2598
15000000000000   162       735     1469001         5        3122       450       737
16000000000000   000     40324   120722675     21853    24599903   1796298     50474
16000000000000   005      2171     5824795        89      159556     10226      2228
16000000000000   016      9976    25965744     13274     9455820    951461     15352
16000000000000   018      4287    23256427      3857     7642649    296534      5962
16000000000000   021      1100     3100537        77       64815      5846      1135
16000000000000   022       315      918102         0           0         0       315
16000000000000   023      1221     3199770       106      136697     13187      1296
16000000000000   025      1942     5883970       302      420333     38202      2158
16000000000000   029       348     1203025        92      135143      7880       394
16000000000000   032       306      916104         9       18157      1061       312
16000000000000   040      6583    17891739      2064     3989089    274514      8133
16000000000000   044      2565     6738683       157      164088     19388      2675
16000000000000   059      2071     5639005      1453     1925195    138263      2851
16000000000000   061       131      309685        49       29645      4784       158
16000000000000   062       580     2380176         0           0         0       580
16000000000000   079      3290     8055695        94      166039     11874      3357
16000000000000   089      3153     8677653       228      290193     22896      3282
16000000000000   162       285      761565         2        2484       182       286
17000000000000   000     43174   100016307     13792     6962937    825119     47836
17000000000000   005      3463     7561612        27       28304      2001      3475
17000000000000   016     12960    21143246      8492     2817260    461908     15570
17000000000000   018      4218    17219433      2241     1761233    126320      4933
17000000000000   021       660     1681602       116       81775     12456       730
17000000000000   022       103      232161        15       10160      1088       109
17000000000000   023      2127     4591748       139      116387     10059      2184
17000000000000   025      1807     4465565       201      101873     11590      1876
17000000000000   029       289      822328        52       23851      3145       306
17000000000000   032       936     2912922        35       22058      2124       948
17000000000000   040      6397    13541611       979      809068     70967      6798
17000000000000   044      3511     8649321       186      169832     19220      3619
17000000000000   059      1545     4417676       643      614006     54049      1850
17000000000000   061       406     1196673       166       65555     11919       473
17000000000000   062       657     1970365         0           0         0       657
17000000000000   079      1673     3899384       107       83421      6253      1708
17000000000000   089      2105     5073689       363      243134     29968      2271
17000000000000   162       317      636971        30       15020      2052       329
18000000000000   000     62702   148468857     23123    17487555   1753820     72965
18000000000000   005      5082    10071890       261      282048     20284      5204
18000000000000   016     12210    26974850     13445     7554855    968554     17866
18000000000000   018      6201    25449050      4779     4633536    253081      7658
18000000000000   021      3685     9206870       912      605080     55376      4021
18000000000000   022      1303     2884652        98      131118     14006      1388
18000000000000   023      3131     6333374       143      116084     13946      3215
18000000000000   025      3199     7490976       714      797576     94334      3767
18000000000000   029       865     2482224       109      153014     13576       947
18000000000000   032      2042     5245536        39       50966      4832      2071
18000000000000   040      5175    11255986       793     1446708    139821      5980
18000000000000   044      5412    11320984       133       97288      6834      5453
18000000000000   059      3055     6760683       929      802130     83658      3542
18000000000000   061      2037     2578614       191      203164     24598      2185
18000000000000   062       901     2443880        20       49012      2710       917
18000000000000   079      4513     8937326       189      236348     26356      4671
18000000000000   089      3137     7451676       352      296880     29786      3314
18000000000000   162       754     1580286        16       31748      2068       766
19000000000000   000     82586   188471261     25075    12725564   1600641     91636
19000000000000   005      6324    13510758        30        9248      1541      6333
19000000000000   016     13773    25653297     15087     4186694    753839     18032
19000000000000   018      7877    32662948      4937     4271205    405444     10168
19000000000000   021      3673     8597590       559      334119     31929      3855
19000000000000   022      1162     2737438        77       31481      6297      1198
19000000000000   023      2660     5729514       151       75579     10544      2721
19000000000000   025      1542     4876001        46       25500      3400      1561
19000000000000   029       923     1973855       263      227958     19708      1035
19000000000000   032      5554    12833661       380      153988     19954      5667
19000000000000   040     18986    36216372      2045     2415700    213964     20196
19000000000000   044      5628    11730826        29       23157      4021      5651
19000000000000   059      4329     9363400       909      536709     73254      4744
19000000000000   061       707     1421696       187      137771     18447       811
19000000000000   062       678     1746521         0           0         0       678
19000000000000   079      5866    12954153        12       11114       746      5870
19000000000000   087       538     1238181        53       32313      5131       567
19000000000000   089      1968     4478735       301      248399     31756      2147
19000000000000   162       398      746315         9        4629       666       402
20000000000000   000     19162    49189189      6921     3826750    382931     21331
20000000000000   001         7       17911         0           0         0         7
20000000000000   005      1199     3220403        13       14460      3994      1222
20000000000000   012        36       97983        11       14736       708        41
20000000000000   016      2943     7163016      5193     2061488    236998      4282
20000000000000   018      1100     4206525       289      321989     21438      1221
20000000000000   021      1047     2801665       336      240900     14763      1131
20000000000000   022       608     1451889        13       19051      1714       618
20000000000000   023      1073     2330174         9        8858       888      1078
20000000000000   025       523     1571549        58       64120      4995       552
20000000000000   029       317      929764       215      314985     20948       436
20000000000000   032      1007     2645223        28       32967      2579      1022
20000000000000   040      1411     3304379        73      120538      6051      1446
20000000000000   044      2652     6400497       157      237608     23422      2784
20000000000000   059      1212     3239890       396      221475     33029      1399
20000000000000   061       188      396930         6        4890       390       190
20000000000000   062       366     1188701         0           0         0       366
20000000000000   079      1854     4007320        49       58273      4421      1879
20000000000000   087        49      126096         5        6184       775        53
20000000000000   089      1217     3307107        29       39219      2710      1233
20000000000000   090       110      241105        12        7211       868       115
20000000000000   162       234      525070         2        1353       177       235
20000000000000   212         1        1612         2        2143       177         2
20000000000000   312         1        1685         1         545        53         1
20000000000000   412         0           0         7       10583       516         3
20000000000000   512         7       12695        17       23174      1317        15
21000000000000   000     69589   194323992     23844    30024365   1889017     80260
21000000000000   001       444     1101640         0           0         0       444
21000000000000   005      9467    25061505       409      675544     62264      9817
21000000000000   016      7479    21386420     11101    11287381    718246     11537
21000000000000   018      4274    21831850      5956     9778651    343812      6216
21000000000000   021      1891     5440880       216      290044     22437      2018
21000000000000   022       559     1430337       157      269971     23316       691
21000000000000   023      3682     9708175       189      224232     23225      3813
21000000000000   025      3109     7591364       510      786151     72646      3519
21000000000000   029       878     2440928       283      208473     16781       973
21000000000000   032      4951    13290368      1128     1458778    132041      5697
21000000000000   040      6743    16182678       476      474018     45914      7003
21000000000000   044      5030    11986744         0           0         0      5030
21000000000000   059      2022     5801883       453      629248     55224      2333
21000000000000   061       464     1292442       324      298529     41311       697
21000000000000   062      1579     4698296         6        6558       370      1581
21000000000000   079      6692    15645491      1025     1514925    162363      7610
21000000000000   087       377     1116742         0           0         0       377
21000000000000   089      6707    17504490      1338     1843926    158541      7603
21000000000000   094      2499     9352520       266      274177     10258      2557
21000000000000   162       742     1459239         7        3759       268       744
22000000000000   000     72192   217037728     26768    20869783   1655272     82067
22000000000000   001       902     3154640        73       84510      7281       943
22000000000000   005      5632    17000464       114      110394      6170      5669
22000000000000   016      9755    25713792     14528     5969741    799055     14562
22000000000000   018      5623    24329995      8167     7987420    476061      8486
22000000000000   021       693     2226826        63      127480      6275       730
22000000000000   022      2201     6218861       190      268061     18465      2312
22000000000000   023      4235    13280987       246      381466     26762      4396
22000000000000   025      6115    18256924       107      158669      9834      6174
22000000000000   029      1653     3905237       282      993189     33343      1856
22000000000000   032      3829    11187898       308      511001     29700      3998
22000000000000   040     12040    31166877      1457     2092723    131974     12786
22000000000000   044      4405    15301518       139      280577     16311      4496
22000000000000   059      1377     4233884        76       94621      7640      1423
22000000000000   061       801     1812990       190      362939     30528       974
22000000000000   062      1598     6042228         0           0         0      1598
22000000000000   079      6215    17856590       492     1099162     35446      6423
22000000000000   080      1122     3200643        13       25400      1493      1130
22000000000000   087       126      461551        10       11608      1032       132
22000000000000   089      2765     8757204       302      292526     16485      2865
22000000000000   162       312      763002         3        4491       492       315
23000000000000   000    109123   345145712     62195    59171621   4051922    132134
23000000000000   005     16033    48061284       265      361772     18461     16137
23000000000000   016     27024    70165793     39836    23565862   2397919     40633
23000000000000   018     12483    66775932     13808    26201467   1045182     18446
23000000000000   021       814     1720940        93       66863      3250       833
23000000000000   022      2152     5655980       288      165629      8916      2202
23000000000000   023      2498     6364771       767     1085618     68893      2888
23000000000000   025      2653     9813796        42       34554      2353      2666
23000000000000   029      1605     4567541       223      412698      1670      1615
23000000000000   032      1936     5664751       258      334223     19958      2049
23000000000000   040     11420    31566544      2933     4814500    281979     13013
23000000000000   044      3619    11868889       266      337546     25372      3762
23000000000000   059      3849    11580970      1595      845838    125573      4558
23000000000000   061       790     2192567       171      111692      9239       841
23000000000000   062      2009     8034367         0           0         0      2009
23000000000000   079     13604    43323540       523      452301     13700     13681
23000000000000   089      5273    14323812       952      265633     18505      5378
23000000000000   090       434     1247206         8       13202       799       439
23000000000000   162       927     2217029       167      102223     10153       984
24000000000000   000     54670   175677424     31320    28225802   2828469     70648
24000000000000   005      2940     8585945       184      214957     18527      3045
24000000000000   016     14122    37185938     17099    11235080   1601087     23166
24000000000000   018      8437    40673384      9122     9927871    674120     12248
24000000000000   021      1567     5157868       244      320762     22467      1694
24000000000000   022      1292     3815780       108      190887     14294      1373
24000000000000   023      2193     6603271       258      368796     28048      2350
24000000000000   025      1529     5874396       150      266459     17215      1625
24000000000000   029       909     2968857       337      635424     39687      1133
24000000000000   032      1867     6021148       240      389817     26421      2015
24000000000000   040      5869    16332984      1690     2207586    175555      6861
24000000000000   044      4748    14702975       277      435230     33965      4940
24000000000000   059      2837     8387909       623      708966     68978      3226
24000000000000   061       527     1447639       209      262186     22746       656
24000000000000   062       584     2222871         7        8632       467       587
24000000000000   079      1922     5611545       394      510657     42803      2164
24000000000000   089      3007     9241121       349      500842     38549      3225
24000000000000   162       320      843793        29       41650      3540       340
25000000000000   000     45076   101751802     10276     6221638    628820     48629
25000000000000   005      3087     5278410        23       11472      1457      3096
25000000000000   016      7723    15207699      5838     2206772    291962      9371
25000000000000   018      4504    19340855      2708     2100656    164654      5435
25000000000000   021      1471     3509368        60       53841      7840      1515
25000000000000   022       912     2144577       248      373440     36564      1119
25000000000000   023      1163     2724572         0           0         0      1163
25000000000000   025       370     1571643        12       19099       785       374
25000000000000   029       310      798386       175      146035     12439       380
25000000000000   032      3166     6607189        78      113960      9226      3218
25000000000000   040      8326    16964538       420      743569     53913      8631
25000000000000   044      3436     6109271         7       10023       618      3439
25000000000000   059      3054     6395157       376      252640     21444      3175
25000000000000   061       285      445309       214      108824     18120       387
25000000000000   062       574     1596000         0           0         0       574
25000000000000   079      3581     6490228         0           0         0      3581
25000000000000   087        68      187220        24       26037      2657        83
25000000000000   089      2529     5540849        93       55270      7141      2571
25000000000000   090       128      220087         0           0         0       128
25000000000000   162       389      620444         0           0         0       389
26000000000000   000     72094   158856179     24164    13179998   1374081     79886
26000000000000   005      6573    11125062        62       50234      3582      6593
26000000000000   016     10913    23526052     12514     3982443    704773     14923
26000000000000   018      7233    28873093      6691     5080916    286710      8854
26000000000000   021      2161     3879831       215      132203      4296      2185
26000000000000   022      1406     2967323       128      110548     11302      1470
26000000000000   023      2729     4716643        27       18255      1973      2740
26000000000000   025      2954     7718308       425      434416     55622      3268
26000000000000   029       688     1441249       358      529655     35665       889
26000000000000   032      3087     6241025       294      186818     17725      3187
26000000000000   040     12201    23078310      1763     1526700     96360     12745
26000000000000   044      6425    14974281       277      312133     38046      6640
26000000000000   059      2222     4842067       598      326169     49839      2504
26000000000000   061       514      894360       284      115697     23139       645
26000000000000   062       926     2782081         0           0         0       926
26000000000000   079      7100    11612877       338      199451     24049      7235
26000000000000   089      3966     8239588       190      174360     21000      4086
26000000000000   162       996     1944029         0           0         0       996
27000000000000   000     14498    34989657      8611     3860520    409356     16811
27000000000000   005       709     1545975        64       70409      6400       745
27000000000000   016      2643     5689860      5565     1470760    209982      3829
27000000000000   018      1671     6300134      1373      796672     55438      1984
27000000000000   021       574     1418109       343      305150     21696       697
27000000000000   022       694     1430377        50       53756      5814       727
27000000000000   023       864     1786636        85       83156      9171       916
27000000000000   025       137      484771        74      121104      5362       167
27000000000000   029       265      657272        52       48614      4546       291
27000000000000   032       440     1076982        77       77377      4904       468
27000000000000   040       989     1894422       105       95521     10926      1051
27000000000000   044      1735     4137191        81       99079      9810      1790
27000000000000   059      1307     3171037       374      296766     30766      1481
27000000000000   061        58      119671        41       20548      2486        72
27000000000000   062       210      504458         0           0         0       210
27000000000000   079      1146     2402389       183      183718     19138      1254
27000000000000   089       780     1787145       103      111725      9986       836
27000000000000   090        85      177386        23       11318      1293        92
27000000000000   162       191      405842        18       14847      1638       201
28000000000000   000     26005    58638097      9183     4689316    580060     29321
28000000000000   001        33       81790         0           0         0        33
28000000000000   005      1859     3866594        51       48635      4525      1885
28000000000000   016      5215     9771283      5866     2127320    332616      7093
28000000000000   018      2484     8157224      1005      875771     59877      2822
28000000000000   021       674     1690697        83       48619      3615       694
28000000000000   022       464     1131921        56       39110      3810       486
28000000000000   023       616     1494048        23       10850      1463       625
28000000000000   025       650     1821176        53       37815      2509       664
28000000000000   029       366      941263        82       80789      6438       403
28000000000000   032       692     1789191        63       70570      6427       729
28000000000000   040      4106     8257712       531      622501     51702      4398
28000000000000   044      2356     5366211        13       12755       660      2360
28000000000000   059      1468     2912978       774      424079     65093      1835
28000000000000   061       205      448699       306      156476     27721       362
28000000000000   062       447     1200718         0           0         0       486
28000000000000   079      2794     5697993       128       54728      6257      2830
28000000000000   089      1359     3534575       143       73035      6630      1395
28000000000000   162       217      474024         6        6263       717       221
29000000000000   000     17253    48254204      4015     3308718    375198     19379
29000000000000   005      2623     7508589        75      119855      7727      2667
29000000000000   016      2900     6983754      2350     1926258    258294      4359
29000000000000   018      1325     4645950       884      657030     53235      1626
29000000000000   021        78      235109        24       57024      3312        97
29000000000000   022      1582     4136009        41       61567      4973      1610
29000000000000   023       978     2535385        33       28238      3128       998
29000000000000   025       382     1535774         6       10328       532       386
29000000000000   029       414     1268825        92       70384      5561       446
29000000000000   032       679     1762139        35       48548      3295       698
29000000000000   040       804     2248286       101        2548       195       805
29000000000000   044      1474     4284750         1         257        44      1474
29000000000000   059       840     2439318       244      221848     24723       980
29000000000000   061       178      426512        16       17896      1705       188
29000000000000   062       322     1022162         0           0         0       322
29000000000000   079       881     2166158        37       39564      4036       904
29000000000000   089      1516     4493432        76       47373      4438      1542
29000000000000   092        12       35442         0           0         0        12
29000000000000   162       254      494122         0           0         0       254
30000000000000   000     14760    38717947      7711     5044891    422837     17182
30000000000000   005      1011     2595180        33       41085      3458      1031
30000000000000   016      2378     5039375      4507     1978680    214236      3595
30000000000000   018      1355     4944550      1480     1515760     66596      1739
30000000000000   021       335      822935        14       17073      1288       343
30000000000000   022       490     1147427        44       39528      3799       513
30000000000000   023       461     1141093        27       22755      2586       477
30000000000000   025       716     1884731       115       66693      9124       771
30000000000000   029       279      808127        31       23327      1953       291
30000000000000   032       809     2163857        71       81568      8090       858
30000000000000   040       977     2144584        87      103323     14365      1059
30000000000000   044      1924     5848618       319      452112     22145      2049
30000000000000   059       424     1010855       130       78952     10203       482
30000000000000   061       146      338740       171      150007     12870       218
30000000000000   062       303     1095886        31       20829      2227       316
30000000000000   079      1304     3192134        58       53116      3879      1327
30000000000000   087         5       11532         5        3158       360         7
30000000000000   089      1429     3623048       168      167337     13559      1511
30000000000000   090       315      645565       405      221077     31182       491
30000000000000   162        99      259710        15        8511       917       104
31000000000000   000    100701   357041596     24375    26398272   1177530    107876
31000000000000   005      8960    33113009       113      184643      7884      9011
31000000000000   012      3035    14516492         0           0         0      3035
31000000000000   016     15605    46145662     11461    10116309    438310     18275
31000000000000   018      6335    37804396      4760     6578154    199807      7545
31000000000000   021      3370    12134615       290      357152     16489      3475
31000000000000   022      1797     5465252       417      629493     37536      2039
31000000000000   023      5348    16802232       368      297745     15469      5448
31000000000000   025      3956    17741935        42       76815      2883      3975
31000000000000   029      1596     6018122        33       37890      1564      1606
31000000000000   032      2297     8562765       597      732807     35530      2513
31000000000000   040     16587    46110314      2172     3447180    143336     17500
31000000000000   044      7770    29257470       640      525659     60442      8112
31000000000000   059      2586     9275376       519      550184     29416      2765
31000000000000   061      2026     6480982      1934     1928391    137243      2809
31000000000000   062      1111     2950372         5        3640       206      1112
31000000000000   079      5537    18012898       290      492936     23717      5690
31000000000000   081       773     3125107         7       13833       531       776
31000000000000   087        94      329159         8       10492      1063       100
31000000000000   089      6941    25382553       577      360840     18510      7059
31000000000000   094       489     1783725        14       21905      1229       496
31000000000000   162      2487    11506406         0           0         0      2487
31000000000000   212       910     1721720         0           0         0       910
31000000000000   312       480     1187412         0           0         0       480
31000000000000   412        43       91820         0           0         0        43
31000000000000   512         5       11820         0           0         0         5
31000000000000   712         0           0       127       31566      6312        47
31000000000000   812       437     1122348         0           0         0       437
32000000000000   000     38366    87883740     13789     4624771    568633     41581
32000000000000   001         8       20969         0           0         0         8
32000000000000   005      3961     8661432        35       36305      3344      3980
32000000000000   016      9763    21184556      9248     2138558    310592     11518
32000000000000   018      3145     9142908      3277     1640717    190913      4224
32000000000000   021       790     1919288        76       39434      5369       821
32000000000000   022       617     1388933        11       15250      1251       625
32000000000000   023      2025     4698800        11       18010      1016      2031
32000000000000   025      1729     4625013       105       67694      5557      1760
32000000000000   029       234      672274         9       13815      1025       240
32000000000000   032      2277     4884940       231      150099     11529      2342
32000000000000   040      5417    11314076       585      321848     25094      5558
32000000000000   044      2688     6125602         0           0         0      2688
32000000000000   059      1395     3752876       165      133124     10292      1453
32000000000000   061       647     1267657         6        5818       443       650
32000000000000   062       418     1111114         0           0         0       418
32000000000000   079      1507     3070302        18       23553       903      1512
32000000000000   089      1596     3805379        12       20546      1305      1604
32000000000000   162       149      237621         0           0         0       149
33000000000000   000    254894   853071379     43481    43384537   2927655    272629
33000000000000   001        95      283717         9        8371       686        99
33000000000000   005     34228   112088212       651     1082894     52312     34546
33000000000000   016     24523    65477179     15864     7485768    876811     29881
33000000000000   018     14289    67110552     12348    13135392    639849     18227
33000000000000   021      5334    17471943       325      392743     28463      5505
33000000000000   022      4286    12548166       307      479995     35854      4502
33000000000000   023     18859    56989705       571      773978     58213     19212
33000000000000   025     16978    71454980       653     1099456     54546     17306
33000000000000   029      4295    11747674      1693     3391195    205418      5532
33000000000000   032      9058    33066310       528      975503     52803      9376
33000000000000   040     57065   168911470      5389     8340735    505358     60099
33000000000000   044     14359    42378820      1067      954947     96646     14911
33000000000000   059      3020    11181072       454      578456     38796      3252
33000000000000   061      2022     5841251      1875     1971288    123694      2767
33000000000000   062      4009    18465790         0           0         0      4009
33000000000000   079      7611    23592206       451     1174088     44307      7878
33000000000000   087      1101     3930213        12        8015      1297      1108
33000000000000   089     13546    46718626       727      909741     59967     13906
33000000000000   092      3377    17238955       190      277636     16826      3472
33000000000000   094     15362    62556108       265      289466     27560     15517
33000000000000   162      1477     4018430       102       54870      8249      1524
34000000000000   000     99398   246705782     30122    24802827   2253178    112128
34000000000000   005     12355    24959639        29       24296      2112     12367
34000000000000   016     18993    42598711     16726     8271153    970508     24476
34000000000000   018     10829    47550432      9887    11919477    936254     16121
34000000000000   021      3028     7407750       100       57560      5791      3059
34000000000000   022      2232     5257480       196      191212     21955      2356
34000000000000   023      3490     8119412        24       28509      2452      3505
34000000000000   025      5334    14567747         3        4807       317      5336
34000000000000   029       641     1922662       229      249533     17280       739
34000000000000   032      1679     4295620       233      167872     21674      1801
34000000000000   040     15002    33799027       975     1213847    102710     15581
34000000000000   044     12961    24494190         0           0         0     12961
34000000000000   059      3456     7739632      1075     2367460    130915      4197
34000000000000   061       567     1164179       326      136740     20585       683
34000000000000   062      2441     6428785         0           0         0      2441
34000000000000   079      1079     2851181       236       98997     13620      1156
34000000000000   081       125      309748         2        1465       105       126
34000000000000   087       304      881466        14       11906      1664       313
34000000000000   089      4037    10538354        67       57993      5236      4065
34000000000000   162       845     1819767         0           0         0       845
35000000000000   000     13037    31093126      8510     4306333    560916     16201
35000000000000   005       479      986109        51       35677      4276       502
35000000000000   016      3057     6176388      4795     1312753    233348      4376
35000000000000   018      1827     6988046      1899     2003835    171296      2795
35000000000000   021       313      637226        38       16164      1793       323
35000000000000   022       391      919313        71       41714      4756       418
35000000000000   023       633     1227400        28       13937      2053       644
35000000000000   025       329      945626        28        4322       953       335
35000000000000   029        99      266217       105       22271      1101       105
35000000000000   032      1241     2749541       193      172173     15034      1326
35000000000000   040      1309     2446615       241       40007      7851      1353
35000000000000   044       950     2076670       135      126756     20232      1064
35000000000000   059       898     2252809       705      366259     78988      1344
35000000000000   061        87      179201        48       40441      5484       118
35000000000000   062       118      317907         0           0         0       118
35000000000000   079       189      332572        37       13860      2507       202
35000000000000   089      1020     2394392       136       96164     11244      1081
35000000000000   162        97      197094         0           0         0        97
36000000000000   000    119586   342764894     59075    41525561   3796123    141040
36000000000000   005     13110    38001455        95      132400     10727     13171
36000000000000   016     31203    69954226     36534    16525356   2003395     42526
36000000000000   018     16304    63568665     16024    16164672   1092022     22475
36000000000000   021      2308     7279506       134      135416      8473      2356
36000000000000   022      3083     8598644        34       37341      2528      3097
36000000000000   023      8497    24304375       197      223243     19898      8610
36000000000000   025      2112     6932322       366      401996     20160      2226
36000000000000   029       906     2398270       130       68216     10483       965
36000000000000   032      3525    11615684       308      239758     29288      3691
36000000000000   040     15752    42441716      3135     5284387    381843     17909
36000000000000   044      8657    25606951       406      462434     35125      8856
36000000000000   059      3138     8825851       676      867931     77343      3576
36000000000000   061       664     1820036       381      324973     35953       867
36000000000000   062      1327     5051400         0           0         0      1327
36000000000000   079      2056     6484013        99       82956     11748      2122
36000000000000   089      5459    16484496       287      254019     24423      5596
36000000000000   090       370      806844       253      305295     31142       546
36000000000000   162      1115     2590440        16       15168      1572      1124
37000000000000   000     60671   117138163     22005    11638923   1298049     68065
37000000000000   005      6624     9276559       123      109672     14152      6704
37000000000000   016     12352    20558686     13094     5206355    798481     16905
37000000000000   018      6228    20335843      5204     4277089    248357      7650
37000000000000   021      1989     4366960       108       55742      5088      2017
37000000000000   022      1674     3332801       268      129219     11421      1738
37000000000000   023      1990     3826364        13       10133       941      1996
37000000000000   025      1893     5083875        91       47992      3276      1912
37000000000000   029      1160     2366424        84       43647      3829      1183
37000000000000   032      3047     6017752       221      161141     17121      3144
37000000000000   040      5202    10183040       584      519196     47969      5471
37000000000000   044      4282     6854702         0           0         0      4282
37000000000000   059      2175     4608384       736      332668     55720      2490
37000000000000   061      1513     2254599      1011      523309     63064      1869
37000000000000   062       899     2303434         0           0         0       899
37000000000000   079      6733     9424687       155      102684     14356      6814
37000000000000   089      1719     3474105       288      107951     12792      1792
37000000000000   092       474     1483830         1         204        34       474
37000000000000   162       717     1386118        24       11921      1448       725
38000000000000   000     43182   120041841     21427    20397341   1362349     50884
38000000000000   005      2521     6968766       196      238892     16331      2613
38000000000000   016      5268    11917976      9993     2169457    216946      6494
38000000000000   018      5334    21801042      6955    11454870    572743      8570
38000000000000   021       809     2259224       128      208036     16140       900
38000000000000   022      2167     5657801       212      436784     26042      2314
38000000000000   023      3190     8773387       158      219154     17381      3288
38000000000000   025      2253     6262907       198      266725     19370      2362
38000000000000   029       620     1793680       117      123497     10313       678
38000000000000   032      1397     3983609       187      231434     19993      1511
38000000000000   040      4820    12180501      1970     3628656    325622      6660
38000000000000   044      3410     8274389         0           0         0      3410
38000000000000   059      2760     6312299       605      566455     65503      3131
38000000000000   061       406      868428        10       17656      1176       413
38000000000000   062       785     3282346        11       16080      1000       791
38000000000000   079      4456    11419447       310      581413     31966      4636
38000000000000   089      2421     6726673       223      207900     18634      2530
38000000000000   090       162      448054        12        8603       830       167
38000000000000   162       403     1111312       142       21729      2359       416
39000000000000   000    136052   398210514     46757    36871378   2410831    150332
39000000000000   001        99      268124         0           0         0        99
39000000000000   005     11265    29773035        75      105898      7093     11308
39000000000000   016     24880    64640075     28926    13131487   1278110     32489
39000000000000   018     12676    69410361     10730    15453405    771334     17196
39000000000000   021      2890     8081707       233      129438      9853      2949
39000000000000   022      3394     8833320        12       15753       941      3400
39000000000000   023      6541    17445339       101       80499      8539      6593
39000000000000   025      2332     8904738       111      462346     16982      2447
39000000000000   029      3881    10448883      1011     1101476     49894      4173
39000000000000   032      2665     7769701       140      123384      3825      2689
39000000000000   040     20769    50457090      2940     4585170    157299     21697
39000000000000   044     12845    32281000         7       13709       726     12849
39000000000000   059      4791    13949537       736      983976     35092      4990
39000000000000   061      1351     3718145        91       88368      8433      1402
39000000000000   062      4254    14945164         0           0         0      4254
39000000000000   079     11231    30263485        74       92454      6598     11271
39000000000000   089      6401    18156705       164       91376      7648      6448
39000000000000   090      2666     6251047      1405      409825     48380      2957
39000000000000   162      1121     2613058         1        2814        84      1121
40000000000000   000     16894    52554453      5968     4119534    313579     18772
40000000000000   005      1725     7221421         6        1993       279      1727
40000000000000   016      2392     5222031      3143      716620    112300      3041
40000000000000   018      1836     7083708      2065     2619363    159177      2795
40000000000000   021       425     1538305       165      278908       813       431
40000000000000   022       594     1616027        75       95922      9932       658
40000000000000   023       810     2124442         5        8384       452       813
40000000000000   025      1050     3328152        18       30435      1458      1060
40000000000000   029       456     1206609       158       10368       658       461
40000000000000   032      1346     4649236         3        8962       377      1348
40000000000000   040      1263     4039140        49      123774      5424      1294
40000000000000   044       938     2830949        15       13828      1262       946
40000000000000   059       556     1533380        49       19935      3631       577
40000000000000   061        85      172937         0           0         0        85
40000000000000   062       171      853149         0           0         0       171
40000000000000   079      1493     4198811        53       79380      3945      1518
40000000000000   080       243      681668         0           0         0       243
40000000000000   089       933     2572024       116       57540      7493       981
40000000000000   094       510     1481257        48       54122      6378       555
40000000000000   162        68      201207         0           0         0        68
41000000000000   000     70792   154720079     19757     9529502    961018     76487
41000000000000   005      7580    13879896        13       24086      1560      7589
41000000000000   016     11458    22136962      9559     3092308    468504     14236
41000000000000   018      7957    28564282      8990     4979353    380468     10234
41000000000000   021      2910     6622262        42       37884      2368      2924
41000000000000   022      1367     3130884         1        3994       160      1368
41000000000000   023      2811     6368712        43       30816      4138      2835
41000000000000   025       551     1767262         8       13510       854       556
41000000000000   029       592     1473110       331      342497     20208       711
41000000000000   032      7205    15946990       246      417540     26544      7355
41000000000000   040      9356    14628151       231      391043     33213      9543
41000000000000   044      4992     8723788        19       13834      1950      5003
41000000000000   059      2437     4452736       180       89078     10614      2499
41000000000000   061       609     1085134         5        4482       714       613
41000000000000   062      1345     3467646         1        1124        86      1346
41000000000000   079      4958     9743438        31       31190      3844      4979
41000000000000   087       400     1242521         0           0         0       400
41000000000000   089      1518     3744478        31       24503      2774      1533
41000000000000   092      1814     5921819        20       28160      2491      1828
41000000000000   162       932     1820008         6        4100       528       935
42000000000000   000     12499    28838081      5588     2612357    309653     14252
42000000000000   005       644     1246587        39       33787      3985       667
42000000000000   016      2427     4293120      3128      646019    125755      3138
42000000000000   018      1420     5762036       999      671812     49216      1699
42000000000000   021       451     1001527        71       55196      6604       488
42000000000000   022       285      569722        13       14227      1641       294
42000000000000   023       487     1196205         9       16872      1012       494
42000000000000   025       454     1032257       141      318845     15009       538
42000000000000   029       232      491814       128       45314      2717       247
42000000000000   032       529     1292884       109      127533     14072       609
42000000000000   040      1394     2559782       165      161859     15968      1484
42000000000000   044      1219     2854497        76       88967     12890      1292
42000000000000   059       791     1911008       374      169875     26277       939
42000000000000   061       101      220891        64       43833      7548       144
42000000000000   062       177      484835         1         830       106       178
42000000000000   079       978     1949978       226      167414     22047      1103
42000000000000   089       814     1790528        43       47760      4560       841
42000000000000   162        96      180410         2        2214       246        97
43000000000000   000     70855   172525502     23495    17736537   1432764     79530
43000000000000   005      7081    15136950        14        8300      1196      7088
43000000000000   016     14368    29638616     14432     9170442    906147     19934
43000000000000   018      9300    35375051      7050     6864039    390176     11610
43000000000000   021      2150     5070199       126       68777      5074      2180
43000000000000   022      1441     3483042       267      214662     21576      1571
43000000000000   023      2701     6623413        42       24246      3019      2719
43000000000000   025      1689     5834559        54       49795      4900      1719
43000000000000   029       483     2094346       148      251138       924       489
43000000000000   032      3647     7612587       109      124878     12985      3721
43000000000000   040     10076    21536042       520      627571     46210     10341
43000000000000   044      4814     9877720         0           0         0      4814
43000000000000   059      3158     7240242       502      223355     24636      3300
43000000000000   061      1048     1764496       108       59774     11268      1116
43000000000000   062       934     2955600         0           0         0       934
43000000000000   079      4553    10614664        22       15674      1540      4563
43000000000000   089      2766     6420599        91       30562      2519      2782
43000000000000   162       646     1247376        10        3324       594       649
44000000000000   000    238780   595039295     59884    45349880   4206229    262543
44000000000000   005     36852    74454052        93      120690      8155     36898
44000000000000   016     45462    99854013     35623    17782472   2234025     58086
44000000000000   018     19276   100973817     16976    19794386   1283043     26525
44000000000000   021      4843    11338207       296      236931     22146      4968
44000000000000   022      5360    12535066       184      270726     14859      5444
44000000000000   023      9154    23661854       267      270446     24727      9294
44000000000000   025      5343    19821647        20       23566      1702      5352
44000000000000   029      1422     3969990       228      180022     19296      1532
44000000000000   032     10555    22473978       694     1404259     74685     10976
44000000000000   040     39642    88941585      1863     2561498    241235     41004
44000000000000   044     14397    32280347       286      200498     26386     14546
44000000000000   059     11714    29765484      2506     1705426    160410     12621
44000000000000   061       830     1743547       427      360008     52331      1126
44000000000000   062      1491     4293171         0           0         0      1491
44000000000000   079     24598    48599405       174      234760     21718     24721
44000000000000   089      6043    16312848       201      177734     17463      6138
44000000000000   094         2        7897         0           0         0         2
44000000000000   162      1796     4012387        46       26458      4048      1819
45000000000000   000     36325    90111169     12355     7547963    836402     41054
45000000000000   005      2153     4951204       405      176206     15879      2243
45000000000000   016     13153    22768754      7786     3873450    558568     16310
45000000000000   018      4071    18921058      1860     1648124     90523      4583
45000000000000   021       794     1984769       213      149713     15560       882
45000000000000   022       580     1544686       210      268682      9299       633
45000000000000   023      1326     3109276        68       60210      7377      1367
45000000000000   025      1078     3157733       123       90329      9710      1132
45000000000000   029       220      593508        81       53565      1744       232
45000000000000   032      1260     3294501       151      166123     10712      1320
45000000000000   040      3794    10075951       242      149007     19373      3904
45000000000000   044      1707     4738991       127      134850     17085      1804
45000000000000   059       965     2462068       354      192344     17843      1064
45000000000000   061       213      528201       102       78371     11743       279
45000000000000   062       378     1049394         0           0         0       378
45000000000000   079      2551     5689964       248      281361     26579      2702
45000000000000   089      1581     4075731       176      111547      9252      1634
45000000000000   090       184      366295       137       67715     10184       242
45000000000000   162       317      799085        72       46366      4971       345
46000000000000   000     11385    26836514      3000     2039368    200802     12562
46000000000000   005       815     1576908        52       40454      4744       842
46000000000000   016      2402     4933817      1362      499198     67487      2809
46000000000000   018      1182     4523879       658      663703     43296      1443
46000000000000   021       325      848483        50       50605      4354       351
46000000000000   022       348      675386        20       22304      1974       359
46000000000000   023       485      966520        14        9504      1058       491
46000000000000   025       450     1137308        86       83944      6952       489
46000000000000   029       280      502620        24       23666      1442       289
46000000000000   032       438      963144        80      102136      6866       476
46000000000000   040       270      559137        33       40954      2897       286
46000000000000   044      1100     2659332         7       12008      1140      1106
46000000000000   059       642     1429542        64       60306      5692       674
46000000000000   061       196      295960        11       12858      1106       202
46000000000000   062       310     1079626         8        3008       362       312
46000000000000   079      1023     2228066       379      287122     39028      1244
46000000000000   089       914     1942324       112      100230      9022       965
46000000000000   090        69      134276        19        7426      1206        76
46000000000000   162       136      380186        21       19942      2176       148
47000000000000   000    102235   250280775     46046    30595044   3034332    119375
47000000000000   005     11696    24203574       663      423898     46194     11958
47000000000000   016     19672    43572492     24030     8618369   1264391     26810
47000000000000   018     11469    46025948     11433    13343227    827634     16145
47000000000000   021      2835     6718817       556      378895     35265      3036
47000000000000   022      1346     2761330       544      308260     33544      1536
47000000000000   023      4045     9839306       633      568731     68755      4432
47000000000000   025      2612     8462724       445      359492     24692      2751
47000000000000   029       504     1395387       323      514410     26647       661
47000000000000   032      5890    14695096      1255     1322754    129180      6621
47000000000000   040     18375    36479845      2244     1317133    141021     19172
47000000000000   044     11196    23031802      1022      994108    150083     12044
47000000000000   059      3000     8099797       698      666120     86426      3488
47000000000000   061       571      998356       588      350684     50809       858
47000000000000   062      1788     5463566         0           0         0      1788
47000000000000   079      2127     5143072       293      345627     26222      2274
47000000000000   087       133      361870         5        7642       608       136
47000000000000   089      3479     9905949       409      429918     41825      3711
47000000000000   090       847     1759968       751      544092     68498      1234
47000000000000   162       650     1361876       154      101684     12538       720
48000000000000   000     81298   244498225     45296    35831919   2594895     95958
48000000000000   005      7294    15228008      1062     1672812     31746      7473
48000000000000   016     15382    40776688     26552    14678895   1379703     23175
48000000000000   018     10419    43622364     10272     8220198    432793     12862
48000000000000   021       677     2137742        74       95480      5968       711
48000000000000   022      4000    10143218       687      219708     26722      4151
48000000000000   023      2512     8447860       136      231622     13458      2589
48000000000000   025      1429     5609690       152      122000     12596      1502
48000000000000   029       820     2558694       178      250091     15729       909
48000000000000   032      6157    17904905       966     1546156    126528      6872
48000000000000   040      6705    21074548      2413     5372098    254060      8140
48000000000000   044      6172    20283300       338      598181     30382      6343
48000000000000   059      5002    14117928       885      761706     82334      5468
48000000000000   061       460     1222906       176      132722     20042       573
48000000000000   062       972     3555000         0           0         0       972
48000000000000   079      7136    20664090       676     1101536     92242      7658
48000000000000   089      4868    13768562       240      239296     18984      4975
48000000000000   090       468     1208236       488      588190     51512       759
48000000000000   162       825     2174486         1        1228        96       826
49000000000000   000     30826    66665526      9670     4715578    502028     33815
49000000000000   005       752     1283428         6        4806       364       754
49000000000000   016      6218    12454184      5172     1490395    229233      7599
49000000000000   018      3286    12749376      3038     2283182    132874      4086
49000000000000   021      1392     3004486       197      136292     15534      1484
49000000000000   022       768     1478288        63       35200      5114       799
49000000000000   023      1559     2835412        54       42154      6524      1598
49000000000000   025      1027     2372234        40       32580      2928      1043
49000000000000   029       263      560124       109       15613      1369       272
49000000000000   032       701     1499046        29       28344      3344       720
49000000000000   040      1999     3060594        79       77202      7126      2040
49000000000000   044      5608    11080902        28       40133      4014      5631
49000000000000   059      1769     4044016       175      114704     17372      1875
49000000000000   061       505      797280       594      352236     70448       903
49000000000000   062       538     1481206         0           0         0       538
49000000000000   079      2548     4154190         0           0         0      2548
49000000000000   081         7       17340         0           0         0         7
49000000000000   089      1521     3244964        78       56529      4818      1548
49000000000000   090        51       91264         0           0         0        51
49000000000000   162       314      457192         8        6208       966       319
50000000000000   000     54257   166343901     33878    28297073   2553328     68688
50000000000000   005      5658    14448810      1070      863883     64174      6020
50000000000000   016     14395    40263172     17648    12887133   1370505     22137
50000000000000   018      9440    39400794      7627     5444577    391339     11651
50000000000000   021      1110     3404568       357      258724     17405      1209
50000000000000   022       712     1838468        40      107580      7080       752
50000000000000   023      2584     7022741       654      774953     69445      2977
50000000000000   025      1746     7430015       238      370466     24209      1883
50000000000000   029       791     2213257       291      552542     34175       990
50000000000000   032      1540     4858147       369      419603     30882      1715
50000000000000   040      6020    15140226      2746     3487955    276761      7583
50000000000000   044      1942     6551009       266      306395     29037      2106
50000000000000   059      2043     6016555       761      650057     72208      2451
50000000000000   061       193      400272       230      267197     15316       280
50000000000000   062       476     1489537        74      236010     13065       550
50000000000000   079      1002     2620245       380      515514     42971      1244
50000000000000   089      4290    12399270      1084     1096128     89929      4798
50000000000000   162       315      846815        43       58356      4827       342
51000000000000   000      9719    20933141      3220     1902198    250558     11132
51000000000000   005       478      904944         1        1528       173       479
51000000000000   016      1438     2733085      1915      601703    130956      2178
51000000000000   018       744     2404750       672      541899     44527       996
51000000000000   021       146      322628         9        4986       632       150
51000000000000   022       350      754065        49       53982      6147       385
51000000000000   023       465     1060570         9        6278       778       469
51000000000000   025       339      955489        42       46259      3581       358
51000000000000   029        90      212388        62        7927       769        95
51000000000000   032       506     1081252        43       40851      4568       532
51000000000000   040      1391     2495092       127      134366     13518      1467
51000000000000   044      1729     3663170       123      302892     26776      1880
51000000000000   059       672     1593950        83       76201     10018       728
51000000000000   061       113      226096        15       12728      1201       120
51000000000000   062       153      346312         0           0         0       153
51000000000000   079       307      564304         0           0         0       307
51000000000000   089       677     1393927        64       42550      4942       703
51000000000000   090        34       56413         0           0         0        34
51000000000000   162        87      164706         6       28048      1972        98
