01000000000000   000     73927   178941240     21977    11699014   1231888     80993
01000000000000   023      2190     5823878         2        2743       239      2192
01000000000000   029       471     1222454        41       86220      3067       488
01000000000000   025      2677     7982676       151      137820     14484      2759
01000000000000   062       647     2351801         0           0         0       647
01000000000000   162       368      723414         0           0         0       368
01000000000000   005      4314    10022243        17       13756      1653      4323
01000000000000   044      4282    10228850        58       36445      5136      4311
01000000000000   087       456     1117802         1         400        40       456
01000000000000   079      4275    10244087         0           0         0      4275
01000000000000   032      6496    13605346       556      423044     61085      6841
01000000000000   040     11765    22675365      1023     1460248     83281     12236
01000000000000   022      1466     3416423        56       25040      3684      1487
01000000000000   061       456      847865       486      338321     63753       817
01000000000000   059      2554     6513216       611      338295     43818      2803
01000000000000   018      8392    33953021      6287     3651114    279883      9992
01000000000000   016     16779    32185137     11535     4463558    609096     20303
01000000000000   021      3722     9850350       849      537551     37895      3937
01000000000000   090       649     1284727         0           0         0       649
01000000000000   089      1968     4892585       304      184459     24774      2109
02000000000000   000     20341    75820637      4578     3938937    296044     22060
02000000000000   023       961     3662620        20       28213      1471       971
02000000000000   029       417     1327295        33       40377      2141       430
02000000000000   025      1108     4278924        65       99005      4939      1138
02000000000000   062       268     1474714         0           0         0       268
02000000000000   162       148      465383         3        6818       306       150
02000000000000   005      1255     4700098         1        2237        80      1255
02000000000000   044      2808    11401203        18       22739      1911      2820
02000000000000   079      1667     5287401       154      197292     20568      1790
02000000000000   032       532     1945129        26       39696      1992       544
02000000000000   040       315     1026334         7        6987       685       319
02000000000000   022       409     1377129         4        6816       380       411
02000000000000   061        94      300656         2        2005       100        95
02000000000000   059      2276     8375747        88      120039      8157      2323
02000000000000   094       522     2322745         0           0         0       522
02000000000000   012      1815     7044389       501      406661     37583      2043
02000000000000   212       301      968607       107       85387      6343       339
02000000000000   312       254      716076       181      152504     13188       335
02000000000000   412        97      184584       101       99432      7650       144
02000000000000   512         5        7117        12        7658       881        10
02000000000000   612        16       18133        10        3810       471        19
02000000000000   712         0           0        24        1252       275         1
02000000000000   812        53      142688         4        3785       379        54
02000000000000   018       966     5097868       919      910822     32938      1152
02000000000000   016      1924     6124634      2006     1484848    139438      2712
02000000000000   021       451     1554745        32       24692      1814       462
02000000000000   089      1679     6016418       260      185862     12354      1753
03000000000000   000     49689   127708317     22024    14571671   1498944     58163
03000000000000   023      3638     7835919        30       18569      1611      3647
03000000000000   029       612     1507649        93      108345      5216       642
03000000000000   025      1172     3828412        63       86822      4744      1199
03000000000000   062       955     3328922         0           0         0       955
03000000000000   162       739     1929680         4        6356       399       741
03000000000000   005      7563    15879335        20       14612      1827      7573
03000000000000   044      2931     7360846         0           0         0      2931
03000000000000   079      5194     9912674       167      184732     18710      5300
03000000000000   032      2084     5438984        59       70464      5227      2114
03000000000000   040       648     1457647        38       52594      3436       667
03000000000000   022      1331     2731106       313      311911     28209      1490
03000000000000   061       237      640907      1016      509209     81502       698
03000000000000   059      2027     5003648       707      528594     58517      2359
03000000000000   092         8       25304         5         330        25         8
03000000000000   018      4524    21924365      5249     5567239    407624      6827
03000000000000   016     10735    27135353     13941     6839892    852775     15553
03000000000000   021      2259     4637047       221      187530     23162      2390
03000000000000   089      3032     7130519        98       84472      5960      3069
04000000000000   000     43386   102094777     10368     6489091    742682     47590
04000000000000   023      1729     3666858        74       50949      7881      1774
04000000000000   029       458     1189423       146      150748      5868       491
04000000000000   025       353     1596923         6        3098       424       355
04000000000000   062       509     1526294         0           0         0       509
04000000000000   162       386      792435         0           0         0       386
04000000000000   005      3386     6285904         6        3983       784      3391
04000000000000   044      3600     8770551        36       23194      3846      3622
04000000000000   079      3663     7091808         0           0         0      3663
04000000000000   032      3993     7611706        17       13014      1271      4000
04000000000000   040      4776     9283916       171      163227     14387      4857
04000000000000   022       874     2402339       177      120880     14925       958
04000000000000   061       572     1038038       321      175479     37738       785
04000000000000   059      1996     4607833       239      168098     27246      2152
04000000000000   018      4292    18829929      3221     3027113    185680      5342
04000000000000   016      7732    15441557      5357     2155395    394657      9967
04000000000000   021      3030     7069439       499      364720     40304      3257
04000000000000   089      2037     4889824        98       69193      7671      2081
05000000000000   000    287120  1051997622    121896   134498240   9077040    338422
05000000000000   023     16402    52495897      2321     1814543    171985     17374
05000000000000   029      3140    10988999       536      945026     52318      3455
05000000000000   025      2665    11834270       274      440544     20974      2782
05000000000000   062      6091    24316215       363      446203     12231      6160
05000000000000   162      4641    14674455       805      586670     32473      4825
05000000000000   005     40082   139104887      4001    10390396    527703     43064
05000000000000   044     16902    64330887      1008     1467683     69632     17295
05000000000000   087        55      210673        13        3448      1059        61
05000000000000   079      3500    11886651       338      521854     33192      3688
05000000000000   032      9545    38850562      1137     2138681    100031     10110
05000000000000   040     30508   106401105      7404    12753676    697575     34450
05000000000000   022     17373    54930490      3975     6323765    414299     19713
05000000000000   081       397     1548188        25       65575      3496       417
05000000000000   061      1909     5620195      1955     2859620    317883      3705
05000000000000   059     15835    41689992      2486     5229986    319822     17642
05000000000000   018     18694   104341566     23635    31853463   2002618     30008
05000000000000   016     59230   205609435     68614    54344314   4129018     82558
05000000000000   021      4369    14828625       705      768732     50549      4654
05000000000000   089     35782   148334530      2301     1544061    120182     36461
06000000000000   000     41951   135652159     33336    46763909   2727248     57359
06000000000000   023      2049     6509692       106      159775      8700      2098
06000000000000   029       327     1045888       113      134107      6859       365
06000000000000   025      2536     8478484       569      925166     51193      2826
06000000000000   062       692     2097123         0           0         0       692
06000000000000   162       383     1072965        12       13772       284       385
06000000000000   005      4169    11875892        77      120336      7366      4210
06000000000000   044      3006     9267083       183      250558     14738      3089
06000000000000   079       966     3547520        62      112500      5327       996
06000000000000   032      1129     4303587       157      267467     13804      1207
06000000000000   040      3747    10207964      1294     2915954    153036      4611
06000000000000   022       708     2472627       316      671353     35334       908
06000000000000   061       175      629047       301      158910     14446       257
06000000000000   059      1373     5091816       312      381845     20230      1487
06000000000000   018      8759    37838381      9249    15804076    729178     12880
06000000000000   016      9402    23129036     19842    24232195   1623064     18571
06000000000000   021      1060     3206324       613      452873     32393      1244
06000000000000   089      1470     4878730       130      163022     11296      1533
07000000000000   000     57052   189465382     15801    15437111    964460     63075
07000000000000   023      2461     6928454        54      103486      7344      2509
07000000000000   029       969     3237152        62      120081      6604      1011
07000000000000   025      3414     9655710        79      165680      8602      3470
07000000000000   062       977     3893540         0           0         0       977
07000000000000   162       586     1698123        36       47729      3595       610
07000000000000   005      7394    21749165        82      172849      7624      7443
07000000000000   044      4003    13137548         0           0         0      4003
07000000000000   001       118      387175         0           0         0       118
07000000000000   079      4732    14178584       145      331005     16723      4842
07000000000000   032      2515     7937494       116      179132      9605      2573
07000000000000   040     10665    34830880      2319     4148548    264957     12261
07000000000000   022      1147     3281547         1        1450        93      1148
07000000000000   081        59      224022         2         930        86        60
07000000000000   061       373     1303386        35       57949      6438       415
07000000000000   059       589     1764191        38       68391      5524       625
07000000000000   018      4379    24257555      3743     4655671    214735      5703
07000000000000   016      7114    24169463      8708     4811902    373534      9498
07000000000000   021      2621     8036179       212      311623     21034      2756
07000000000000   089      2936     8795214       169      260685     17962      3053
08000000000000   000     19455    53372923      7049     5068841    425119     22011
08000000000000   023       711     1620864        59       44824      5176       743
08000000000000   029       235      696602        37       25244      2488       250
08000000000000   025      1316     3463380        19       22584      1542      1325
08000000000000   062       525     2292244         0           0         0       525
08000000000000   162       245      618032        19       25046      2206       257
08000000000000   005      1782     4656580       126       97126      9948      1840
08000000000000   044      1403     3233216        71       59476      9170      1458
08000000000000   079      1888     4288310       120      138688     11662      1958
08000000000000   032      1671     4675827       265      165860     17911      1774
08000000000000   040      2225     5057136       147      148724     11748      2297
08000000000000   022       238      489740         2        1664       170       239
08000000000000   081        73      200912        14       10663      1295        81
08000000000000   061       168      402002       167       86490     13840       251
08000000000000   059       455     1239740       105       67304      8106       505
08000000000000   094       399     1022120        70      103072     12188       467
08000000000000   018      1459     6689254      2135     2225260    152013      2375
08000000000000   016      3211     8705292      3518     1746158    157198      4164
08000000000000   021       271      963188         6       10478       658       275
08000000000000   089      1180     3058484       169       90180      7800      1227
10000000000000   000    159436   396606002     34741    26283615   2704477    174717
10000000000000   023      7072    17200340       286      159530     31460      7249
10000000000000   029      1931     5428323       247      233069      9042      1983
10000000000000   025     11734    40681847       302      501020     35150     11934
10000000000000   062      2177     9065877         0           0         0      2177
10000000000000   162      1592     3077162        75       48737      6859      1631
10000000000000   005     30921    74284438       404      300050     24769     31062
10000000000000   044     10223    23110004       550      360293     59306     10558
10000000000000   087         1        3427         5        5000       200         2
10000000000000   079     11115    17249305       142      108539     15707     11203
10000000000000   032     14343    30351421       589      795266     63466     14701
10000000000000   040     15203    31375427      3094     1942395    218699     16438
10000000000000   022      4505    11871942        29       26481      2552      4519
10000000000000   061      1075     2082768        11        6884       924      1080
10000000000000   059      6602    15273747      1505     1062707    126820      7319
10000000000000   094       467     1108904        13        4012       527       470
10000000000000   018     10389    40978909      8976     9636773    653923     14084
10000000000000   016     18018    43381107     17128    10053809   1330582     25535
10000000000000   021      2493     7154525       214      135457     17061      2589
10000000000000   089      9575    22926529      1171      903593    107430     10183
11000000000000   000    100292   246318711     30805    25561717   2563869    114778
11000000000000   023      2609     6695156       402      321460     48456      2881
11000000000000   029       659     1936671       387      569522     50901       947
11000000000000   025      1134     4622016        23       36217      1969      1145
11000000000000   062      1160     3467244         0           0         0      1160
11000000000000   162      1152     2768367        41       35866      4969      1180
11000000000000   005     18849    37955121       542      468580     46415     19111
11000000000000   044      6069     8864659        18       34027      2170      6080
11000000000000   087       620     1594258         0           0         0       620
11000000000000   079      7477    16112066       251      280304     38791      7697
11000000000000   032      4237    10955460       251      352792     29358      4402
11000000000000   040     13285    27750673      1834     2435955    197549     14401
11000000000000   022      1858     4529786        80       69752      8841      1908
11000000000000   061      1644     3222680      1993     1473710    215533      2861
11000000000000   059      4729    11199248      1156      810399    101630      5304
11000000000000   018      9045    42308730      6345     8372901    561502     12217
11000000000000   016     17220    37649729     14541     8032273    986953     22797
11000000000000   021      4931    14322486      2258     1379141    126969      5650
11000000000000   089      3614    10364361       683      888818    141863      4417
12000000000000   000     45251   118747816     19758    14617952    994298     51371
12000000000000   023       966     2704966         0           0         0       966
12000000000000   029       418     1252956        81      208970     15160       503
12000000000000   025      2122     6304236        58       67016      2882      2138
12000000000000   005      2119     5091418        21       36612      1988      2131
12000000000000   044       793     2029408         0           0         0       793
12000000000000   001       993     2168886         0           0         0       993
12000000000000   087       188      476238         0           0         0       188
12000000000000   079      1074     2688292         2        3482       152      1074
12000000000000   032      2795     6839444        72      117982      6840      2834
12000000000000   040      3109     7551820       164      323936     13890      3189
12000000000000   022       297      804768         5       10472       580       300
12000000000000   061       158      362480       413      142496     16658       252
12000000000000   059      1382     3972124       305      215326     11316      1446
12000000000000   012     13945    35583874      6059     4956262    315282     15979
12000000000000   212      2358     6168650       586      457028     45700      2653
12000000000000   312      1436     2248034      2954     1110704    139360      2335
12000000000000   412      1325     1917412       292      564144     61254      1720
12000000000000   712         0           0       602      100110     16666       108
12000000000000   812       126      330000      1617      417186     47952       435
12000000000000   018      2132     9919948      1922     2913282    110184      2755
12000000000000   016      3335     9810924      4344     2835538    172486      4309
12000000000000   021       134      362600         3        3390       240       135
12000000000000   052       523     1156916       186       66560      9964       579
12000000000000   089      3523     9002422        72       67456      5744      3556
13000000000000   000     18043    44667450      8657     4567501    500786     20870
13000000000000   023      1116     2813101       166       90079     11320      1180
13000000000000   029       162      437577       136      135375      8632       210
13000000000000   025       414     1619518        21       22675      2834       430
13000000000000   062       236      947674         0           0         0       236
13000000000000   162       198      631785         0           0         0       198
13000000000000   005      1469     3507797       104      117041     13805      1546
13000000000000   044      1628     4316691       156      182469     21646      1750
13000000000000   079      1742     3771830       158      246942     17811      1843
13000000000000   032      1176     2729270       116      120506     12157      1244
13000000000000   040       925     2029275       137      116381     12223       994
13000000000000   022       442     1247731       162      240611     30075       612
13000000000000   061       155      342408        85       38754      4844       182
13000000000000   059      1301     3451075       328      324632     40405      1530
13000000000000   018      2455     8168522      1352      803189     53689      2758
13000000000000   016      3064     5051775      4980     1778221    228701      4357
13000000000000   021       410     1080020       450      162086     20261       525
13000000000000   090        93      237060       150       73252      9157       145
13000000000000   089      1057     2284341       156      115288     13226      1130
14000000000000   000    119803   362617826     47331    31344871   3467721    140538
14000000000000   023      6269    16475608       231      250508     21960      6401
14000000000000   029      2438     7373264        19       23971      1425      2447
14000000000000   025      2840    13943309       152      213864     13326      2920
14000000000000   062      2067     8510186         0           0         0      2067
14000000000000   162      1662     5011492         7        7407       670      1666
14000000000000   005     13615    39232584        25       55212      1020     13621
14000000000000   044      7458    25816327      1295     2368928    169098      8413
14000000000000   087       105      360650         2        4700       210       106
14000000000000   079     13135    38552470       314      437622     36706     13356
14000000000000   032      3183    10269402        34       40664      3064      3202
14000000000000   040     14655    38955942       895     1416449     89548     15185
14000000000000   022      3116     8958772       529     1051617     57492      3462
14000000000000   061       664     1804134       147      154088     23498       806
14000000000000   059      3369    10012108      1252      989984    154050      4296
14000000000000   018     12318    48758263     13075    11301127    756395     16856
14000000000000   016     22951    58733894     28973    12497690   2102549     35556
14000000000000   021      2885     8430689        54       78602      4630      2912
14000000000000   089      7073    21418732       327      452438     32080      7266
15000000000000   000     72140   186334207     38448    36742762   2890207     88559
15000000000000   023      2706     6441927        33       30321      4379      2731
15000000000000   029       384     1149141       100           0         0       384
15000000000000   025       896     3369561       161      391561     22632      1024
15000000000000   062      1151     3057977         0           0         0      1151
15000000000000   162       820     1398115         5        2555       350       822
15000000000000   005      6263    13867772        18       34748      1747      6273
15000000000000   044      4576     9161094         0           0         0      4576
15000000000000   087        34       96185         2        2013       175        35
15000000000000   079      5171     9014516        52       42038      4711      5198
15000000000000   032      1707     4003683         2        3199       217      1708
15000000000000   040     10046    24902427      1186     1941824    177224     11055
15000000000000   022      1532     3177945       125       89618     11092      1599
15000000000000   061        85      167186        35       27451      4661       113
15000000000000   059      2124     4950316      1030     1162580    118965      2822
15000000000000   018      8968    41836715     12966    16599068   1390933     16846
15000000000000   016     19171    47086971     21362    15126402   1020763     24968
15000000000000   021      4029     7425374      1357     1269317    131090      4771
15000000000000   089      2477     5227302        14       20067      1268      2483
16000000000000   000     40135   125460097     22063    27289789   2325589     53280
16000000000000   023      1219     3304634       111      129629     13457      1296
16000000000000   029       460     1419514        50       70525      4179       484
16000000000000   025      2031     6553642       290      433267     36057      2235
16000000000000   062       583     2073679         0           0         0       583
16000000000000   162       328      904680        23       14854      1237       335
16000000000000   005      2264     6337819        87      169506     10724      2326
16000000000000   044      2565     6738683       157      164088     19388      2675
16000000000000   079      2688     7140338        82      138452      9932      2744
16000000000000   032       320     1029752         9       10592       875       325
16000000000000   040      6286    18858665      2049     4573248    313615      8058
16000000000000   022       407     1285668        14       19979      1240       414
16000000000000   061       151      382557        60       36394      5586       182
16000000000000   059      2107     6032124      1372      976581     59202      2442
16000000000000   018      4359    24226164      4096     8859109    354311      6360
16000000000000   016     10104    26745118     13349    11278720   1463992     18375
16000000000000   021      1101     3225111        70       64131      5619      1135
16000000000000   089      3162     9201949       244      350714     26175      3311
17000000000000   000     43661   101498183     13762     7148732    755227     47932
17000000000000   023      2388     4676521        82       66447      5974      2422
17000000000000   029       290      851740        50       19852      2869       306
17000000000000   025      1842     4560819       201      104106     11722      1912
17000000000000   062       608     1858702         0           0         0       608
17000000000000   162       346      711231        16        9302      1357       354
17000000000000   005      3579     7971789        23       22990      1668      3589
17000000000000   044      3631     8893587       225      200229     29045      3795
17000000000000   079      1669     4266865       107       83421      6253      1704
17000000000000   032       935     2947436        63       24175      2197       948
17000000000000   040      6202    13079803       992      983863     76428      6635
17000000000000   022       103      232161        15       10160      1088       109
17000000000000   061       418     1017343       204      106594     22207       543
17000000000000   059      1530     4379516       646      612578     52903      1829
17000000000000   018      4286    17705127      2308     1884891    125651      4997
17000000000000   016     13112    21515792      8421     2744522    379666     15257
17000000000000   021       659     1708411       124       75362     10996       721
17000000000000   089      2063     5121340       285      200240     25203      2203
18000000000000   000     62501   155474846     37159    17386820   1872827     73458
18000000000000   023      3194     6793184       132      106172     11502      3264
18000000000000   029       946     2771046       164      212792     19140      1061
18000000000000   025      3226     7873216       747      869214     96812      3809
18000000000000   062       901     2443880        20       49012      2710       917
18000000000000   162       783     1656824        15       30232      1894       794
18000000000000   005      5169    10515530       281      268738     19030      5284
18000000000000   044      5370    11897920        55       96708      7486      5415
18000000000000   079      4402     9215450       252      276768     28898      4576
18000000000000   032      1942     4781824        41       58258      5330      1974
18000000000000   040      4727    10875067       745     1382241    132381      5490
18000000000000   022      1328     3066984       110      159684     15594      1422
18000000000000   061      2028     2681346       213      246164     30232      2211
18000000000000   059      3257     7562974       877      607377     64417      3640
18000000000000   018      6259    27146725      5079     5165677    323436      8138
18000000000000   016     12220    28869160     15241     6729685   1012685     18104
18000000000000   021      3653     9616484     12762      763232     64080      4038
18000000000000   089      3096     7707232       425      364866     37200      3321
19000000000000   000     83809   197671990     24761    13157207   1598301     92843
19000000000000   023      2427     5470780        79       45373      8245      2473
19000000000000   029      1079     2687725       298      230022     20662      1196
19000000000000   025      1608     5071239        92       52111      5488      1641
19000000000000   062       678     1746521         0           0         0       678
19000000000000   162       398      746315         9        4629       666       402
19000000000000   005      6751    13001164        92       34408      6801      6789
19000000000000   044      5630    11742880        31       25575      4375      5655
19000000000000   087       554     1337730        49       29893      4936       582
19000000000000   079      6044    13607795        12       14052       821      6049
19000000000000   032      5154    12782248       369      297958     25735      5300
19000000000000   040     17564    35833696      1899     2307013    209871     18749
19000000000000   022      1162     2737438        77       31481      6297      1198
19000000000000   061       750     1316126       270      110813     19009       857
19000000000000   059      4321     9716997       979      531425     75414      4745
19000000000000   018      7964    34602503      5497     4482175    388537     10160
19000000000000   016     15836    31706905     14064     4283829    746516     20054
19000000000000   021      3680     8772429       590      354292     32913      3868
19000000000000   089      2209     4791499       354      322158     42015      2447
20000000000000   000     19201    50277554      6906     3943993    375514     21332
20000000000000   023      1057     2259838         8        9656       805      1062
20000000000000   029       319      940732       213      313512     20835       437
20000000000000   025       485     1517215        49       52456      4041       508
20000000000000   062       333     1081584         0           0         0       333
20000000000000   162       127      237920         0           0         0       127
20000000000000   005      1184     3017571        12       12314      3905      1206
20000000000000   044      2646     6466715       186      294221     27998      2804
20000000000000   001        12       31124         0           0         0        12
20000000000000   087        55      126198        10       10242      1218        62
20000000000000   079      1913     4609178        63       82578      6006      1947
20000000000000   032      1045     2741638        29       36409      2506      1060
20000000000000   040      1438     3542809        55      111094      4937      1467
20000000000000   022       584     1338231         8        9362       821       589
20000000000000   061       186      388690         7        6174       514       189
20000000000000   059      1235     3284117       237      303311     14645      1319
20000000000000   012        30       84285         9       12921      1395        39
20000000000000   212         1        1660         2        1636       177         2
20000000000000   312         1        1685         2        1452       142         2
20000000000000   412         0           0         6        9374      1072         7
20000000000000   512         6       11203        17       21821      2635        23
20000000000000   612         6       14692         0           0         0         6
20000000000000   018      1109     4458783       330      360844     23987      1244
20000000000000   016      2971     7411987      5382     2102682    242458      4340
20000000000000   021      1033     2880089       241      148874     11706      1100
20000000000000   090       110      241937         9        7393       890       115
20000000000000   089      1315     3587673        31       35667      2821      1332
21000000000000   000     69952   198344602     23821    30644215   1949553     80964
21000000000000   023      3650    10173244       177      247771     23901      3785
21000000000000   029       871     2475361       226      183908     14722       955
21000000000000   025      3118     7803364       486      780607     69071      3508
21000000000000   062      1552     5559841         0           0         0      1552
21000000000000   162       758     1893382        12       14061      1041       764
21000000000000   005     10145    27089092       514      901625     79715     10596
21000000000000   044      5030    11986744         0           0         0      5030
21000000000000   001       444     1101640         0           0         0       444
21000000000000   087       377     1116742         0           0         0       377
21000000000000   079      6896    16268792      1160     1894300    182061      7926
21000000000000   032      5229    14335185      1187     1616335    141744      6030
21000000000000   040      6596    16256343       581      567730     56023      6911
21000000000000   022       727     1953412       197      329492     28824       890
21000000000000   061       463     1329569       309      294570     38504       681
21000000000000   059      1840     5343854       444      637000     55313      2152
21000000000000   094      2066     7242713       230      275209     24776      2206
21000000000000   018      4254    21804790      5959     9822714    354189      6254
21000000000000   016      7394    21273031     10991    11162613    711392     11412
21000000000000   021      1920     5751293       215      305255     20929      2038
21000000000000   089      6622    17586210      1133     1611025    147348      7453
22000000000000   000     71981   220834944     26003    21028772   1631193     81762
22000000000000   023      4175    13648768       246      423375     25257      4327
22000000000000   029      1655     3920739       282      995381     33418      1859
22000000000000   025      6308    20050588       143      212452     13024      6386
22000000000000   062      1598     6042228         0           0         0      1598
22000000000000   162       312      763002         3        4491       492       315
22000000000000   005      6053    18816393        86      123494      7429      6098
22000000000000   044      4478    15917410       128      271524     16103      4569
22000000000000   001       902     3154640        73       84510      7281       943
22000000000000   087       126      461551        10       11608      1032       132
22000000000000   079      6264    18277810       544     1107896     54088      6585
22000000000000   032      3692    10223860       350      561731     33140      3880
22000000000000   040     11111    29028231      1558     1888858    117818     11777
22000000000000   022      2161     6172671       216      292633     20104      2282
22000000000000   080      1122     3200643        13       25400      1493      1130
22000000000000   061       844     2200656       204      393623     32978      1075
22000000000000   059      1293     4855901        95      114814      8354      1343
22000000000000   091       793     2165617         8       13805       925       799
22000000000000   018      5551    23316439      8189     8068613    462968      8336
22000000000000   016      9983    26918564     13483     5994429    771263     14623
22000000000000   021       696     2232988        63      127525      6285       734
22000000000000   089      2864     9466245       309      312610     17741      2971
23000000000000   000    110910   370665918     62665    54964011   5260535    140747
23000000000000   023      2317     7533110       833     1446536     93639      2846
23000000000000   029      1546     4763037       224      413164      1925      1557
23000000000000   025      2700    10578303        40       42318      3195      2718
23000000000000   062      2009     8034367         0           0         0      2009
23000000000000   162       927     2217029       167      102223     10153       984
23000000000000   005     16372    52902582       232      392551     18146     16474
23000000000000   044      3651    12504942       219      346385     23070      3781
23000000000000   079     14314    43942314       539      921630     46076     14574
23000000000000   032      1973     6912412       247      267313     16672      2066
23000000000000   040     11897    37927827      4750     8067455    661037     15631
23000000000000   022      2129     6366833       191      152571      9257      2181
23000000000000   061       656     1568310       499      237433     22481       783
23000000000000   059      4094    13558662      1297      926838    102472      4672
23000000000000   018     12487    70437974     13551    17594251   1303401     19906
23000000000000   016     26401    64819035     38521    23390223   2906292     42886
23000000000000   021       548     1916051        69       82533      4605       574
23000000000000   090       434     1247206         8       13202       799       439
23000000000000   089      6455    23435924      1278      567385     37315      6666
24000000000000   000     55319   180646348     30037    27231724   3070444     72674
24000000000000   023      2247     7031911       155      258749     19982      2361
24000000000000   029       981     2814851       280      597187     36863      1190
24000000000000   025      1635     6423969       119      206974     11559      1701
24000000000000   062       502     2228836         0           0         0       502
24000000000000   162       342      988857        18       24139      2026       353
24000000000000   005      3297     9935544       100      181858     14294      3378
24000000000000   044      4750    15271426       178      301299     25291      4893
24000000000000   079      1655     5073036       655      973797     96602      2200
24000000000000   032      1996     6411759       137      247215     15790      2086
24000000000000   040      5909    17858623      1655     2204389    223439      7171
24000000000000   022      1147     3854585       106      179193     13135      1221
24000000000000   061       487     1406842       124      168911     14515       569
24000000000000   059      2780     8190228       347      482682     45390      3036
24000000000000   018      8402    40560609      9197     9937704    659900     12134
24000000000000   016     14548    38022997     16626    11029005   1858268     25046
24000000000000   021      1454     4733355       153      171413     12065      1522
24000000000000   089      3187     9838920       187      267209     21325      3311
25000000000000   000     46465   111254249     10208     6147343    662430     50208
25000000000000   023      1184     2924180         2         858       166      1185
25000000000000   029       435      981275        54       46251      2462       449
25000000000000   025       408     1770215        18       21318       749       412
25000000000000   062       574     1596000         0           0         0       574
25000000000000   162       389      620444         0           0         0       389
25000000000000   005      3692     6488903        16        6338       741      3696
25000000000000   044      3437     6119315         7       10654       541      3440
25000000000000   087        58      136063         0           0         0        58
25000000000000   079      3446     6593585         0           0         0      3446
25000000000000   032      3210     7126523        99      159750     11929      3277
25000000000000   040      8729    19517075       381      722936     49665      9009
25000000000000   022       896     2153736       225      351124     33914      1088
25000000000000   061       296      472176       212       79603     13112       370
25000000000000   059      3099     6688600       376      256957     19673      3210
25000000000000   018      4720    21730361      2649     2054643    180368      5740
25000000000000   016      7615    16372015      6029     2354378    337729      9523
25000000000000   021      1506     3740202        46       30894      4899      1533
25000000000000   090       155      228670         0           0         0       155
25000000000000   089      2616     5994911        94       51639      6482      2654
26000000000000   000     70689   157794663     24517    12343855   1519901     79302
26000000000000   023      2726     4752697        24       15475      1930      2737
26000000000000   029       869     1683022       286      389077     33661      1059
26000000000000   025      1002     2778960        12        7199    198947      2125
26000000000000   062      1106     3414747         0           0         0      1106
26000000000000   162      1083     2354412        38       21645      3200      1101
26000000000000   005      6627    11358113        72       59415      4360      6652
26000000000000   044      6496    15447520       225      235329     27989      6654
26000000000000   079      7256    12738921       473      311033     34417      7450
26000000000000   032      3193     6740313       385      229405     21800      3316
26000000000000   040     11903    23625733      2238     1193371     89832     12410
26000000000000   022      1375     3017046        31       31238      2975      1392
26000000000000   061       516      941673       278      188728     28745       678
26000000000000   059      2145     4869665       777      569769     42270      2383
26000000000000   018      7096    29631602      6668     5074741    314122      8874
26000000000000   016     11585    22501702     12595     3837543    693464     15531
26000000000000   021      1852     3060965       101       17876      2088      1863
26000000000000   089      3859     8877572       314      162011     20101      3971
27000000000000   000     15166    38427809      8845     4580181    515115     18078
27000000000000   023       867     1888071        95       78353      8907       917
27000000000000   029       242      631414        28       35652      2926       259
27000000000000   025       142      534580        83      147151      8684       190
27000000000000   062       237      585708         3        2256       241       238
27000000000000   162       165      391581        13       15177      1246       172
27000000000000   005       800     1756200        45       40768      4202       824
27000000000000   044      1771     4499023        87      101879      9686      1826
27000000000000   079      1105     2477577       350      391058     33586      1294
27000000000000   032       384      965341        65       78392      5135       414
27000000000000   040      1231     2237785       139      148243     13760      1308
27000000000000   022       752     1651860        58       63714      6566       789
27000000000000   061        59      127146        50       19581      2677        74
27000000000000   059      1515     3777659       514      415905     40875      1746
27000000000000   018      1703     6558644      1400     1041465     73338      2118
27000000000000   016      2782     6818423      5449     1573727    270318      4310
27000000000000   021       568     1403249       354      316625     22551       695
27000000000000   090        64      187752        10        8338       870        69
27000000000000   089       779     1935796       102      101897      9547       835
28000000000000   000     26145    59878369      9326     4849728    613317     29609
28000000000000   023       598     1493050         4        3279       355       600
28000000000000   029       303      723085        73       73774      6026       337
28000000000000   025       622     1966590        64       39785      4331       647
28000000000000   062       453     1218326         0           0         0       453
28000000000000   162       215      470130         6        6529       717       219
28000000000000   005      1912     4018350        80       49884      6779      1950
28000000000000   044      2386     5649778        10       10503      1018      2392
28000000000000   001        32       80226         0           0         0        32
28000000000000   079      2794     5885654       122       40162     10884      2855
28000000000000   032       692     1789191        63       70570      6427       729
28000000000000   040      4106     8257712       531      622501     51702      4398
28000000000000   022       506     1225511        54       41753      3638       526
28000000000000   061       220      491439       295      164519     29476       387
28000000000000   059      1447     3022786       796      437230     67375      1828
28000000000000   018      2487     8215606      1121      998579     71961      2894
28000000000000   016      5267     9917289      5830     2144098    334539      7157
28000000000000   021       677     1761835        78       55074      9657       731
28000000000000   089      1428     3691811       199       91488      8432      1474
29000000000000   000     18439    52816713      4090     3444651    384184     20609
29000000000000   023       917     2388098        29       27144      2910       934
29000000000000   029       515     1567126        89       64835      5520       546
29000000000000   025       423     1733683         6        6724       540       427
29000000000000   062       339     1156835         0           0         0       339
29000000000000   162       263      531619         0           0         0       263
29000000000000   005      2854     8436312        73      126386      7532      2896
29000000000000   044      1474     4284750         1         257        44      1474
29000000000000   079       997     2572498        31       37786      3784      1018
29000000000000   032       693     1868982        36       52188      3350       712
29000000000000   040      1603     4561455       199      139944     10831      1664
29000000000000   022      1419     4022439        29       45228      2998      1436
29000000000000   061       177      451074        13       16636      1444       185
29000000000000   059       835     2391438       260      234757     25806       981
29000000000000   091        11       32488         0           0         0        11
29000000000000   092        12       35442         0           0         0        12
29000000000000   018      1325     4645950       884      657030     53235      1626
29000000000000   016      2900     6983754      2350     1926258    258294      4359
29000000000000   021        85      261907        21       54976      3195       103
29000000000000   089      1597     4890863        69       54502      4701      1623
30000000000000   000     14526    38766659      7558     4665744    406626     16853
30000000000000   023       460     1189713        24       20068      2790       477
30000000000000   029       264      775724        36       24530      1884       275
30000000000000   025       716     1884733       115       66693      9124       771
30000000000000   062       305     1081349        27       20632      1986       316
30000000000000   162        97      238706        13        9128      1032       103
30000000000000   005      1018     2983436        41       47668      4248      1042
30000000000000   044      1916     5999028       186       88781     10990      1978
30000000000000   087         5       11532         5        3158       360         7
30000000000000   079      1300     3030419        36       37682      2867      1316
30000000000000   032       783     2175746        77       74924      5829       818
30000000000000   040       911     1842438        80       92059     13108       985
30000000000000   022       435     1031279        31       22757      1875       447
30000000000000   061       138      349146       167      138629     11144       201
30000000000000   059       389      874905       136       84953     10720       450
30000000000000   018      1343     4970830      1471     1545381     67297      1731
30000000000000   016      2373     5054809      4522     2023367    216278      3602
30000000000000   021       313      803024        18       20580      1698       323
30000000000000   090       315      645565       405      221077     31182       491
30000000000000   089      1445     3824277       168      123677     12214      1520
31000000000000   000    116118   413687198     25053    26903083   1459712    125006
31000000000000   023      4842    15854715       443      548124     24148      4998
31000000000000   029      1549     5956591        37       45723      1835      1561
31000000000000   025     11394    36705174       121      139113      6466     11435
31000000000000   062      1111     3282837         7       13944       731      1116
31000000000000   162      2583    13700101         0           0         0      2583
31000000000000   005      8950    33305040        89      159120      6627      8993
31000000000000   044      7612    28799637       868      723179     76163      8043
31000000000000   087       117      340900         5        6156       629       121
31000000000000   079      5259    17630682       339      536771     25023      5420
31000000000000   032      2345     8775807       567      674300     33196      2546
31000000000000   040     16215    45872637      1970     2933140    137376     17090
31000000000000   022      1742     5414007       424      558791     27865      1922
31000000000000   081       780     3106153         5        9695       376       782
31000000000000   061      1772     5924148      1769     1740104    115494      2431
31000000000000   059      2406     8759863       503      510509     27028      2570
31000000000000   091       125      383381         0           0         0       125
31000000000000   094       489     1783725        14       21905      1229       496
31000000000000   012      8294    40240182         0           0         0      8294
31000000000000   212      1564     3090454         0           0         0      1564
31000000000000   312      1110     2635290         0           0         0      1110
31000000000000   412       871     1436431         0           0         0       871
31000000000000   512       153      279245         0           0         0       153
31000000000000   612       116      369992         0           0         0       116
31000000000000   712         0           0       127       31566      6312        47
31000000000000   812      2599     5634274         0           0         0      2599
31000000000000   018      6330    38744844      4771     6548952    198733      7539
31000000000000   016     15560    47743532     12273    10836765    733268     20012
31000000000000   021      3437    12635131       264      354076     15705      3538
31000000000000   089      6793    25282425       457      511150     21508      6931
32000000000000   000     38774    92659162     13896     4781439    646118     42428
32000000000000   023      1989     5075391        16       24893      1235      1997
32000000000000   029       242      699586         4        6739       461       245
32000000000000   025      1889     5387200        95       87460      8289      1938
32000000000000   062       418     1111114         0           0         0       418
32000000000000   162       149      237621         0           0         0       149
32000000000000   005      3911     9367987        23       40089      3744      3932
32000000000000   044      2713     6301715         0           0         0      2713
32000000000000   001         8       21784         0           0         0         8
32000000000000   079      1448     3160946         0           0         0      1448
32000000000000   032      2773     6543837       279      233053     13555      2850
32000000000000   040      5285    11462347       604      313436     24344      5422
32000000000000   022       499     1117828        11       14750       885       504
32000000000000   061       625     1339900        80      104882      9452       678
32000000000000   059      1470     4078130       176      159521     24338      1607
32000000000000   018      3146     9216428      3239     1609085    216808      4371
32000000000000   016      9651    21167888      9251     2112384    334018     11539
32000000000000   021       900     2211809        98       51447      7151       940
32000000000000   089      1658     4157651        20       23700      1838      1669
33000000000000   000    240457   823180503     41942    40592735   2900931    257495
33000000000000   023     18545    55562830       531      715985     55230     18880
33000000000000   029      4289    13403853      1373     2190948    131360      5079
33000000000000   025     16215    70232030       652     1098352     54411     16542
33000000000000   062      3962    16805673         0           0         0      3962
33000000000000   162      1434     3889172        96       57467      8686      1483
33000000000000   005     33520   110037473       652     1064215     54675     33855
33000000000000   044     13367    39912893      1145     1128531    120625     14055
33000000000000   001        89      276994         5        7822       469        92
33000000000000   087      1001     3561969        13       10194      1579      1010
33000000000000   079      7242    23073019       440     1208109     42938      7499
33000000000000   032      8569    30693899       503      886015     47179      8853
33000000000000   040     52672   158927914      5286     8229606    483024     55570
33000000000000   022      4151    12541110       277      414264     30640      4336
33000000000000   061      1861     5418829      1972     1998166    125375      2616
33000000000000   059      3296    11139484       442      555604     35130      3506
33000000000000   092      3309    17634317       194      322075     19691      3420
33000000000000   094     15096    64326592       301      317663     27245     15249
33000000000000   018     13058    63869642     11508    11764137    627069     16712
33000000000000   016     21710    63734652     15585     7441948    953837     27214
33000000000000   021      4944    16112977       325      392743     28463      5115
33000000000000   089     12127    42025181       642      788891     53305     12447
34000000000000   000     99997   256960968     30201    24948458   2600355    114692
34000000000000   023      3816     8786221        17       21194      1781      3827
34000000000000   029       672     2154136       253      287466     21134       792
34000000000000   025      5343    14623838         6        6849       577      5346
34000000000000   062      2488     6484337         0           0         0      2488
34000000000000   162       858     1881385         0           0         0       858
34000000000000   005     12355    24959639        29       24296      2112     12367
34000000000000   044     12622    27374171         8       14694      1041     12628
34000000000000   087       308      904408         1        2080       160       309
34000000000000   079      1249     3348076       108       50780      6715      1287
34000000000000   032      1938     5887927       194      146320     18611      2042
34000000000000   040     15085    36239456       901     1181422     88888     15586
34000000000000   022      2248     5438312       210      270736     25459      2392
34000000000000   081       125      309748         2        1465       105       126
34000000000000   061       571     1165737       343      152013     22103       696
34000000000000   059      3287     8023616      1224     2546407    167349      4234
34000000000000   018     10629    46698332      9660    11933444   1159378     17180
34000000000000   016     19345    44440883     17073     8170675   1072344     25405
34000000000000   021      3014     7440868        94       77264      6832      3053
34000000000000   089      4044    10799878        78       61353      5766      4076
35000000000000   000     13258    32351162      8194     4453493    573330     16493
35000000000000   023       646     1293313        22       12513      1813       655
35000000000000   029        93      253333        83       14779       568        96
35000000000000   025       371     1141355        42        7180      1522       380
35000000000000   062       127      364510         0           0         0       127
35000000000000   162       102      215376         0           0         0       102
35000000000000   005       493     1025832        45       31485      3714       514
35000000000000   044       949     2179710        95       87251     13721      1027
35000000000000   079       278      544557        43       17424      3099       295
35000000000000   032      1169     2665900       194      164230     14558      1251
35000000000000   040      1298     2435696       273       67646     10514      1357
35000000000000   022       398      932996        46       26429      2972       414
35000000000000   061        90      197559        58       43480      5925       124
35000000000000   059       898     2321542       695      380525     75335      1324
35000000000000   018      1805     6998301      1860     2205117    190198      2880
35000000000000   016      3064     6402696      4561     1295358    236311      4399
35000000000000   021       455      919850        66       27428      3362       474
35000000000000   089      1022     2458636       111       72648      9718      1074
36000000000000   000    118034   363851856     61269    45554355   4336494    142580
36000000000000   023      8308    24579990       226      260101     22688      8436
36000000000000   029       905     2500779       144       75904     11055       968
36000000000000   025      2168     7251269       341      241550     18670      2273
36000000000000   062      1327     5051400         0           0         0      1327
36000000000000   162      1115     2590440        16       15168      1572      1124
36000000000000   005     14618    42674465        98      146233     11575     14684
36000000000000   044      8415    25851168       358      420766     37124      8624
36000000000000   079      2093     6891713       105       97910     12833      2165
36000000000000   032      3594    12862769       335      322337     35934      3797
36000000000000   040     15038    45072425      3230     6160452    463275     17654
36000000000000   022      2963     8710133        27       42705      2891      2979
36000000000000   061       657     1865957       477      435768     47603       926
36000000000000   059      3136     9185782       660      869880     77095      3573
36000000000000   018     15677    67892747     18586    17618337   1304295     23085
36000000000000   016     29907    74533952     36101    18213760   2239159     42564
36000000000000   021      2339     7694852       113      122693      7498      2382
36000000000000   090       266      813105       164      245274     19977       379
36000000000000   089      5508    17828910       288      265517     23250      5640
37000000000000   000     59913   120891798     20836    10368155   1343321     67534
37000000000000   023      1972     3802383        20       15290      1733      1982
37000000000000   029      1063     2191577        62       44513      3884      1085
37000000000000   025      2048     5381480        72       35733      2279      2061
37000000000000   062       933     2388373         0           0         0       933
37000000000000   162       723     1406871        29       11522      1468       731
37000000000000   005      7741    11088965       133      117538     14540      7824
37000000000000   044      4101     6580699        22        9112      1519      4110
37000000000000   079      5682     9749761       150       95226     13312      5758
37000000000000   032      3663     7420241       210      168166     17306      3760
37000000000000   040      6020    12743840       408      507916     20100      6133
37000000000000   022      1793     3526224       119       50828      4487      1819
37000000000000   061      1457     2166683       966      514321     62023      1807
37000000000000   059      1536     3009483       217      125228     15578      1625
37000000000000   092       463     1561334         2        1100       164       464
37000000000000   018      5390    19840921      5470     3861369    332605      7276
37000000000000   016     11464    19884431     12781     4688431    839876     16231
37000000000000   021      2007     4419733        77       52535      4779      2035
37000000000000   089      1857     3728799        98       69327      7668      1900
38000000000000   000     42748   121735783     21895    22654555   1662891     52143
38000000000000   023      3279     9029974       131      172364     14040      3358
38000000000000   029       585     1659359        95       99642      7174       625
38000000000000   025      2377     6626478       175      250750     21486      2498
38000000000000   062       839     3394495         6        5446       408       841
38000000000000   162       387     1089160       153       33909      2335       400
38000000000000   005      2778     7697868       202      240556     16821      2873
38000000000000   044      3410     8274389         0           0         0      3410
38000000000000   079      4418    11119168       370      724527     36118      4622
38000000000000   032      1376     3991457       187      240719     21895      1500
38000000000000   040      4825    12411788      1885     3476951    431093      7261
38000000000000   022      2140     5785391       225      488235     36833      2348
38000000000000   061       450      888176        25       48756      4062       473
38000000000000   059      2726     6225112       685      638486     68548      3112
38000000000000   018      5006    23024612      7376    12159330    607967      8441
38000000000000   016      4694    10970474      9998     3674305    367430      6770
38000000000000   021       903     2516139       151      212651     10804       965
38000000000000   090       157      441866        16       17098      1246       164
38000000000000   089      2398     6589877       215      170830     14631      2482
39000000000000   000    135800   410814363     51304    43901265   2702871    151950
39000000000000   023      7160    19828711       321      443664     41526      7410
39000000000000   029      2897     7854335      1587     1792537    132169      3685
39000000000000   025      2341     9067196       107      457847     17110      2457
39000000000000   062      5247    18290097       107      144368     16428      5346
39000000000000   162      1090     3802189         0           0         0      1090
39000000000000   005     12543    34115549       302      568797     43739     12806
39000000000000   044     12887    35010208      1134     1694463    131733     13676
39000000000000   001        96      269269        15       36597      2269       110
39000000000000   079     11280    30250656       305      529481     45697     11556
39000000000000   032      1636     4974389       129      195334      5876      1672
39000000000000   040     19997    50355853      2209     4907503    175598     21032
39000000000000   022      4507    12507730       455      814717     75471      4962
39000000000000   061       875     2455715       191      284196     25235      1027
39000000000000   059      6232    18927959       985     1380299     59368      6580
39000000000000   018     12485    71330656      9886    15893484    309886     14360
39000000000000   016     24209    62159796     31414    13905814   1510036     33197
39000000000000   021      2942     8664728       242      120078     12526      3018
39000000000000   090      2811     7185429      1525      319936     48112      3101
39000000000000   089      4565    13763898       390      412150     50092      4865
40000000000000   000     18129    58729553      6422     4187917    346316     20147
40000000000000   023       536     1466617         2        3677       177       537
40000000000000   029       753     1513019       160       15999       461       756
40000000000000   025      1152     3710955        21       29217      1450      1163
40000000000000   062       201     1015914         0           0         0       201
40000000000000   162        69      207263         0           0         0        69
40000000000000   005      1639     7440705        38       23319      2915      1655
40000000000000   044       908     2792310        20       20637      1579       917
40000000000000   079      1814     6366787        39      112064      3980      1839
40000000000000   032      1317     4739202         3        8962       377      1319
40000000000000   040      1470     4484760        25       83727      5581      1502
40000000000000   022       695     1984946        35       60832      4360       723
40000000000000   081        73      291220         4        5643       531        77
40000000000000   080       248      728340         1        1643        66       248
40000000000000   061        78      190012        74       58009      6553       117
40000000000000   059       444     1265159        49       19935      3631       465
40000000000000   094       505     1565164        48       56266      5625       537
40000000000000   012       281     1153999        59       40990      6830       325
40000000000000   212        28       90097         5        5276       879        34
40000000000000   312        28       60597         5        5801       828        33
40000000000000   412         0           0        27       10191      1698        11
40000000000000   512         5       11685        25       19888      3314        26
40000000000000   612         5       24192         1        1054       151         6
40000000000000   812         0           0        16        5807       968         6
40000000000000   018      1833     7091021      2413     2678935    163892      2778
40000000000000   016      2397     5261646      3144      714942    116390      3062
40000000000000   021       649     2652767        95      144855      7208       696
40000000000000   089      1001     2621176       113       60248      6872      1045
41000000000000   000     72425   167860577     19024     9681346    955482     78118
41000000000000   023      2833     6782244        40       31508      3918      2857
41000000000000   029       706     1779820       319      317995     29212       881
41000000000000   025       565     1924334         2        1084       166       566
41000000000000   062      1335     3606522         1        1166        86      1336
41000000000000   162       960     2000712         7        7884       658       964
41000000000000   005      8072    15167150         7       14432       692      8076
41000000000000   044      5063     9257920        14       11060      1474      5072
41000000000000   087       449     1406056         0           0         0       449
41000000000000   079      4916    10127704        15       16036      1768      4927
41000000000000   032      7907    18188465       249      451096     27348      8072
41000000000000   040      9646    15934349       240      407693     34305      9843
41000000000000   022      1406     3250866         2        7858       314      1408
41000000000000   061       619     1184862        12        7420      1254       626
41000000000000   059      2460     6222825       235      103696     14892      2550
41000000000000   092      1822     6258836        15       16459      2303      1835
41000000000000   018      7672    30464384      8625     5133307    375597      9925
41000000000000   016     11648    23587296      9181     3087674    456737     14356
41000000000000   021      2873     6915720        42       48398      3028      2892
41000000000000   089      1473     3800512        18       16580      1730      1483
42000000000000   000     12274    28909593      5330     2756523    328684     14135
42000000000000   023       452     1139238        13       22734      1539       462
42000000000000   029       253      582485       273      332059     25839       399
42000000000000   025       459     1068654       138      319843     14027       538
42000000000000   062       179      505407         2        1242       210       180
42000000000000   162        88      169503         2        2446       255        89
42000000000000   005       645     1262294        35       29262      3536       666
42000000000000   044      1199     2728514        31       26369      3084      1216
42000000000000   079       940     1909747        69       68016      7503       983
42000000000000   032       490     1206643       102      116166     12948       565
42000000000000   040      1302     2383925       201      188540     20109      1415
42000000000000   022       272      583196         5        6027       731       276
42000000000000   061        96      215325        27       20502      2922       113
42000000000000   059       744     1773256       295      114255     17026       840
42000000000000   018      1529     5368113       997      695441     71292      1931
42000000000000   016      2418     5090713      3046      721937    138490      3201
42000000000000   021       400      875513        57       42010      5094       429
42000000000000   089       808     2047067        37       49674      4079       832
43000000000000   000     71444   170705161     24127    18416557   2239930     84407
43000000000000   023      2555     6394677        43       29011      3725      2578
43000000000000   029       505     1428516       150      128174       969       511
43000000000000   025      1772     6095576        56       50769      3204      1791
43000000000000   062       934     2955600         0           0         0       934
43000000000000   162       646     1247376        10        3324       594       649
43000000000000   005      7024    14498144        14        9194      1448      7033
43000000000000   044      4684     9897708         0           0         0      4684
43000000000000   079      4570    10651116        23       15680      1480      4580
43000000000000   032      3471     7398644       111      118950     14032      3551
43000000000000   040     10127    21579009       497      624242     77568     10568
43000000000000   022      1407     3377812       177      162440     15688      1502
43000000000000   061      1030     1742866       157       82450     15710      1125
43000000000000   059      3122     7228847       511      448109     66814      3502
43000000000000   018      9320    33223639      7572     7081573    461282     12050
43000000000000   016     15397    31463696     14611     9573320   1570349     24426
43000000000000   021      2130     5026933       121       59891      4671      2158
43000000000000   089      2750     6495002        74       29430      2396      2765
44000000000000   000    243947   608001688     58127    53778757   4273662    268087
44000000000000   023      9183    24676753       274      315935     25116      9325
44000000000000   029      2007     4980717       415      352282     36344      2212
44000000000000   025      4756    15869742        36       50522      3439      4774
44000000000000   062      1547     4402146         0           0         0      1547
44000000000000   162      1802     4343629        43       25494      3440      1821
44000000000000   005     42977    86948380        51       43565      4031     43000
44000000000000   044     13932    31817270       338      140771     16920     14028
44000000000000   079     23870    47989335       157      233045     20846     23988
44000000000000   032     10057    21856754       591     1234209     64244     10420
44000000000000   040     39052    86403132      1694     2271135    213932     40260
44000000000000   022      5011    12395633       180      132876     16113      5102
44000000000000   061       844     1843694       477      415318     57251      1167
44000000000000   059     11510    29479347      2587     1829083    163681     12433
44000000000000   094         2        7897         0           0         0         2
44000000000000   018     19189   104249226     16423    27493373   1285990     26456
44000000000000   016     47237   102152827     34384    18824809   2323822     60367
44000000000000   021      4603    11217837       260      218243     19418      4713
44000000000000   089      6368    17367369       217      198097     19075      6472
45000000000000   000     37258    94030288     12632     8242572    840136     42003
45000000000000   023      1352     3254035        66       56759      5203      1380
45000000000000   029       228      626072        74       78788      2250       243
45000000000000   025      1178     3377977       151      118038     12230      1247
45000000000000   062       379     1069194         0           0         0       379
45000000000000   162       310      792726        41       25700      2626       325
45000000000000   005      2317     5500893       405      317639     32821      2502
45000000000000   044      1715     4813779       125      146702     16904      1810
45000000000000   079      2827     6404568       255      295711     24727      2966
45000000000000   032      1310     3254567       125      155737      9317      1362
45000000000000   040      3821    10168664       247      143293     18903      3928
45000000000000   022       575     1572265       189      249181      8413       623
45000000000000   061       227      578233       108       86180     16764       322
45000000000000   059       950     2610349       297      175258     16427      1042
45000000000000   018      4178    19693700      2187     2087756    106763      4782
45000000000000   016     13278    23395457      7797     3944665    530439     16275
45000000000000   021       808     2067318       227      160771     15206       894
45000000000000   090       195      383365       139       65712     10284       253
45000000000000   089      1610     4467126       199      134682     10859      1670
46000000000000   000     11622    28715383      2843     1975186    171202     12630
46000000000000   023       492     1082410        11       10508      1148       499
46000000000000   029       308      643206        28       27182      1432       316
46000000000000   025       467     1333204        71       82968      6576       504
46000000000000   062       312     1358610        51        9284       964       317
46000000000000   162       142      447602        30       25910      3586       162
46000000000000   005       854     1733982        23       24800      2424       868
46000000000000   044      1100     2659332         7       12008      1140      1106
46000000000000   079       981     2187716       153      199154     18370      1085
46000000000000   032       462     1118980        95      126966      8214       508
46000000000000   040       265      551969        27       42066      2601       280
46000000000000   022       333      755184        28       24034      2056       345
46000000000000   061       203      316100        11       16148      1318       210
46000000000000   059       637     1528686        45       61758      4973       666
46000000000000   018      1186     4610601       636      608933     38726      1419
46000000000000   016      2442     5042883      1465      537589     64330      2830
46000000000000   021       345      923222        46       37192      3279       364
46000000000000   090        62      134390         0           0         0        62
46000000000000   089      1031     2287306       116      128686     10065      1089
47000000000000   000     99145   253164865     45626    33250485   2940783    115767
47000000000000   023      3731     9793286       552      442100     51180      4019
47000000000000   029       473     1387538       307      499656     25376       624
47000000000000   025      2632     8428306       730      336638     24174      2769
47000000000000   062      1736     5512580         0           0         0      1736
47000000000000   162       677     1471710       177       98888     11794       744
47000000000000   005     12460    30479660       580      371998     48902     12736
47000000000000   044     11196    23031718      1022      994108    150083     12044
47000000000000   087       120      344032         2        3978       248       121
47000000000000   079      2206     5215644       146      139682     13156      2281
47000000000000   032      5386    13107754       839      817416     79146      5833
47000000000000   040     17361    35324691      1815     1319329    114536     18009
47000000000000   022      1141     2925352       433      306764     32716      1326
47000000000000   061       565     1127686       635      389807     51959       860
47000000000000   059      2720     7442043       626      576355     73262      3133
47000000000000   018     11380    47495766     13338    13826319    865026     16267
47000000000000   016     18760    41859356     22668    11743615   1262173     25890
47000000000000   021      2555     6894404       578      459851     29385      2720
47000000000000   090       720     1444236       813      577626     74598      1141
47000000000000   089      3326     9879103       365      346355     33069      3514
48000000000000   000     80292   248459542     45110    35723171   2697095     95535
48000000000000   023      2501     8826732       154      283640     16210      2593
48000000000000   029       868     2936581       206      337162     18706       973
48000000000000   025      1519     6153836       167      139888     16548      1613
48000000000000   062       915     3660868         0           0         0       915
48000000000000   162       895     2551328         1        1276        96       896
48000000000000   005      6595    14213810       861     1256742    142014      7398
48000000000000   044      6052    20368716       279      516800     25114      6194
48000000000000   079      6827    19939212       692     1127332     90294      7337
48000000000000   032      6250    19552902       938     1604895    125825      6962
48000000000000   040      6723    21343506      2381     5340712    245028      8107
48000000000000   022      4057    10382337       617      202124     23900      4193
48000000000000   061       453     1284650       135      110616     16394       546
48000000000000   059      4605    13589408      1154      996900    108563      5218
48000000000000   018     10426    44173650     10266     8185488    430093     12858
48000000000000   016     15507    41754140     26401    14665400   1363100     23207
48000000000000   021       676     2203946        88      101070      6430       712
48000000000000   090       453     1218144       479      551554     46738       717
48000000000000   089      4970    14305776       291      301572     22042      5096
49000000000000   000     31101    68810020      9288     4796489    570018     34560
49000000000000   023      1678     3042560        24       15700      2378      1694
49000000000000   029       255      552961       125       17424      1456       264
49000000000000   025      1027     2500964        32       27380      3454      1046
49000000000000   062       563     1555006         0           0         0       563
49000000000000   162       323      487922         2         288        26       323
49000000000000   005       794     1336640         5        3628       262       796
49000000000000   044      6023    11339414        43       41262      5274      6053
49000000000000   079      2592     4261744        11       17108      1040      2598
49000000000000   032       708     1404140        32       28668      3600       728
49000000000000   040      1501     2212130        78       89888      8302      1548
49000000000000   022       792     1541634        35       19198      2588       808
49000000000000   081         9       19824         0           0         0         9
49000000000000   061       519      859662       618      344304     76858      1015
49000000000000   059      1798     4153106       170       94549     16719      1896
49000000000000   018      3278    13352382      3794     2411456    196966      4466
49000000000000   016      6211    13344364      4142     1568340    238891      7650
49000000000000   021      1393     3238330       100       81768      9210      1450
49000000000000   090        52       97086         0           0         0        52
49000000000000   089      1585     3510151        77       35528      2994      1601
50000000000000   000     53184   167704058     22334    29055233   1997116     64478
50000000000000   023      2327     6578748       515      691503     56685      2648
50000000000000   029       790     2334396       255      539713     30630       969
50000000000000   025      1735     7472529       305      532383     29407      1900
50000000000000   062       571     1834361         0           0         0       571
50000000000000   162       304      854940        27       22603      2110       316
50000000000000   005      6021    15205584       791     1122387     84651      6502
50000000000000   044      1887     6414009       291      273896     25680      2032
50000000000000   079      1018     2670885       341      463986     37252      1229
50000000000000   032      1550     5095348       369      490974     33168      1738
50000000000000   040      5551    14682022      3375     5073507    355662      7560
50000000000000   022       664     1771280        16       36148      2435       678
50000000000000   061       174      457297       250      178285     19384       284
50000000000000   059      2461     6792522      1307     1376234    127892      3184
50000000000000   018      9345    38029377      4132     5574669    275638     10903
50000000000000   016     13163    40208168      8927    10982044    791469     17635
50000000000000   021      1095     3344327       336      348316     23030      1224
50000000000000   089      4528    13958265      1097     1348585    102023      5105
51000000000000   000      9421    20758179      3255     1928455    255267     10863
51000000000000   023       458     1073248         0           0         0       458
51000000000000   029        89      230303        63        8137       796        94
51000000000000   025       342      967358        44       46394      3722       361
51000000000000   062       137      337466         0           0         0       137
51000000000000   162        84      166121         3        7546       648        88
51000000000000   005       484      914883         1        1536       173       485
51000000000000   044      1586     3392530       119      295430     26122      1734
51000000000000   079       306      596968        26       23928      3278       325
51000000000000   032       508     1131923        56       50761      6102       543
51000000000000   040      1367     2536527       121      135285     13309      1443
51000000000000   022       350      754065        49       53982      6147       385
51000000000000   061       103      233466        14       11741      1249       110
51000000000000   059       624     1543365        99       98092     12085       692
51000000000000   018       744     2404750       672      541899     44527       996
51000000000000   016      1438     2733085      1915      601703    130956      2178
51000000000000   021       140      311578         7        4335       525       143
51000000000000   090        31       50867         0           0         0        31
51000000000000   089       630     1379676        66       47686      5628       660
