01000000000000   000     72982   186323759     23224    17561670   1659561     82483
01000000000000   023      2591     7153069       140      102167     12802      2663
01000000000000   029       450     1290516        53      100312      4117       475
01000000000000   025      2882     8538955       143      172225     18617      2987
01000000000000   062       774     3108989         0           0         0       774
01000000000000   162       449     1207889        39       16574      2221       462
01000000000000   005      4374    10472180        15       12890      1428      4382
01000000000000   044      3720     9050263        56       43029      4959      3748
01000000000000   087       440     1115440         1         600        48       440
01000000000000   079      3823     9402057        35       46778      3388      3842
01000000000000   032      7018    15329980       681      592889     87533      7513
01000000000000   040     10796    22089458      1227     1698937    101410     11369
01000000000000   022      1449     3327339        48       23659      3775      1470
01000000000000   061       465      868513       485      337602     63717       825
01000000000000   059      2211     6015469       439      253117     36885      2418
01000000000000   018      8721    35640935      5982     6984787    405456     11047
01000000000000   016     16977    35889116     12598     6233407    821402     21705
01000000000000   021      3191     9126088       706      455596     32385      3376
01000000000000   090       641     1302088         0           0         0       641
01000000000000   089      2010     5395415       576      487101     59418      2346
02000000000000   000     20447    77257277      5093     4175369    291706     22147
02000000000000   023       941     3550064        22       29460      1754       953
02000000000000   029       528     1890470        46       49814      3467       549
02000000000000   025      1149     4783285        81       98373      5047      1179
02000000000000   062       250     1457003         0           0         0       250
02000000000000   162       172      555216        59       16025      1408       180
02000000000000   005      1282     5218701         3        5253       288      1284
02000000000000   044      2621    10668244        14       17976      1324      2629
02000000000000   079      1764     5756098       171      195839     19638      1883
02000000000000   032       606     2279973        34       46147      2702       623
02000000000000   040       220      749677         7       11211       572       223
02000000000000   022       396     1397021         3        4647       233       397
02000000000000   061        87      288031         0           0         0        87
02000000000000   059      1961     7525453        66       95564      6670      2001
02000000000000   012      1888     7246361       526      393832     30284      2077
02000000000000   112       803     2247634       408      372740     26102       967
02000000000000   212       299      941554       104       88926      5556       334
02000000000000   312       239      665834       150      165683     11448       311
02000000000000   412        95      181684       106       99218      7227       141
02000000000000   512         2        3686        16        9969      1053         9
02000000000000   612        15       16119         5        2833       210        16
02000000000000   712         0           0        20        1058       180         0
02000000000000   812       153      438757         7        5053       428       156
02000000000000   018       934     5049445      1448     1438312     47094      1200
02000000000000   016      2154     6287539      2105     1283910    138191      2934
02000000000000   021       466     1643000        42       29904      2074       478
02000000000000   089      2225     8664062        58       86362      4858      2253
03000000000000   000     53124   151163896     23067    18210748   1553311     61904
03000000000000   023      3476     8681160        24       37711      2433      3491
03000000000000   029       606     1598137       111      140357      5972       640
03000000000000   025      1316     4529425        93      211612      7592      1359
03000000000000   062       956     3465835         0           0         0       956
03000000000000   162       753     2096517        12        5181       445       756
03000000000000   005      8126    20489871        73      130790      5883      8159
03000000000000   044      3034     8570897         0           0         0      3034
03000000000000   079      5770    12815929       132      133794     10838      5832
03000000000000   032      2038     5007689        38       49592      4129      2061
03000000000000   040       648     1457647        38       52594      3436       667
03000000000000   022      1871     4315168       186      177618     17493      1970
03000000000000   061       289      697505       152      119024     13038       362
03000000000000   059      2096     5984718       689      591025     56658      2417
03000000000000   092         8       29102         5         210        15         8
03000000000000   018      4789    25193534      5837     7221091    448644      7323
03000000000000   016     11408    32038087     15183     8653768    938572     16711
03000000000000   021      2558     5906720       392      609272     32003      2739
03000000000000   089      3382     8285955       102       77109      6160      3419
04000000000000   000     45809   117413758     10853     7613432    625419     49351
04000000000000   023      1769     4041914       116       99262     15581      1856
04000000000000   029       490     1352533       107      117886      4365       516
04000000000000   025       394     1802475         8        6532       523       396
04000000000000   062       597     1732105         0           0         0       597
04000000000000   162       485     1056497         0           0         0       485
04000000000000   005      3513     7048405         7        6453       852      3518
04000000000000   044      3550     9121603        51       31837      4782      3577
04000000000000   079      3663     7092286         0           0         0      3663
04000000000000   032      4889    10854721        94       79474      8666      4939
04000000000000   040      4398    10295043       101      212710     14466      4480
04000000000000   022       881     2493196       224      219875     27483      1036
04000000000000   061       556     1086797       244      132966     24133       692
04000000000000   059      2078     4937698       183      140749     22606      2207
04000000000000   018      4899    21209855      3752     3560574    157046      5788
04000000000000   016      8943    21338343      5107     2461293    292735     10599
04000000000000   021      2604     6518884       717      422536     40594      2838
04000000000000   089      2100     5431403       142      121285     11587      2164
05000000000000   000    281873  1123982760    131677   140432634   9463649    335353
05000000000000   023     16331    56352908      3594     3674868    365185     18397
05000000000000   029      3439    13221791       397      696710     40173      3681
05000000000000   025      2949    14270444       284      598916     24439      3087
05000000000000   062      7036    31238670       351      408117     22030      7160
05000000000000   162      4885    14756690       657      689885     44321      5135
05000000000000   005     43096   165244914      3376     7400552    458434     45686
05000000000000   044     16060    81765815       969     2879414    137642     16838
05000000000000   087        67      247469        18        9653       900        72
05000000000000   079      3504    11938825       370      528386     32482      3688
05000000000000   032     10097    39308961      1276     2296133    118177     10764
05000000000000   040     27222   104079289      7168    13576302    712447     31246
05000000000000   022     15253    52740732      2694     5511878    345379     17204
05000000000000   081       326     1382000        51      135943      6098       360
05000000000000   061      1889     6305635      1507     1759850    171663      2859
05000000000000   059     11113    42444571      3599     4207646    480638     13826
05000000000000   018     18781   109391644     25627    34456081   1809193     29003
05000000000000   016     60527   215414651     77001    57111717   4456012     85703
05000000000000   021      4326    15153633       744     1078659     72870      4739
05000000000000   089     34972   148724118      1994     3411924    165566     35905
06000000000000   000     43351   154086297     34800    56008180   3207793     61476
06000000000000   023      1943     6543020       165      230418     12061      2013
06000000000000   029       457     1330744       112      235021     18354       561
06000000000000   025      2721     9506257       711     1250442     65508      3091
06000000000000   062       867     2989659         0           0         0       867
06000000000000   162       426     1355946        46       87328      4682       452
06000000000000   005      4863    14888060        77      149008      8342      4910
06000000000000   044      2963     9606866       198      339201     18515      3068
06000000000000   079      1759     5778800       174      257250     13860      1837
06000000000000   032      1023     4130214       132      254138     11316      1087
06000000000000   040      3249     9273462       969     1646766    100259      3815
06000000000000   022       893     3118954        79      110249      5588       925
06000000000000   061       189      716464       100       68980      4693       216
06000000000000   059      1247     4888499       279      285327     13283      1322
06000000000000   018      8877    44352480      9179    23007348    790917     13346
06000000000000   016      9419    27149238     21778    27106007   2085506     21201
06000000000000   021       967     3099948       700      813101     46249      1229
06000000000000   089      1488     5357686       101      167596      8660      1536
07000000000000   000     55629   203288358     15125    14810765    847727     60853
07000000000000   023      2586     8880956        55      112148      6577      2628
07000000000000   029      1176     3987047        66      129935      6951      1217
07000000000000   025      3577    11482760        94      231894     10348      3644
07000000000000   062      1035     4793959         1        2827       111      1036
07000000000000   162       559     1871023        38       71292      4556       588
07000000000000   005      8541    28094985        53      103936      4407      8569
07000000000000   044      3547    12779487        14       17816      1018      3553
07000000000000   001       116      393348         0           0         0       116
07000000000000   079      4412    15473161       156      390183     18638      4533
07000000000000   032      1867     6534813        64      111033      5763      1901
07000000000000   040      8833    34712435      1778     3490197    182137      9940
07000000000000   022       944     3276284        11       32962      1397       953
07000000000000   081        49      243108         0           0         0        49
07000000000000   061       373     1303386        35       57949      6438       415
07000000000000   059       547     1914110        37       67235      5431       582
07000000000000   012      2287    11096104       650      814927     67910      2765
07000000000000   112       807     1652108       313       71523      8900       869
07000000000000   212       290     1016512         0           0         0       290
07000000000000   312       248      232128         0           0         0       248
07000000000000   412       101       94536       253       65357      7873       156
07000000000000   512         1        1128         0           0         0         1
07000000000000   612        53      189314         0           0         0        53
07000000000000   712         0           0        60        6166      1027         7
07000000000000   812       114      118490         0           0         0       114
07000000000000   018      3527    17020652      3288     3709244    166564      4517
07000000000000   016      5925    21769274      8117     4817228    312126      7806
07000000000000   021      2678     8199332       228      356943     23563      2831
07000000000000   089      2243     7810026       127      221493     14892      2341
08000000000000   000     19480    56838265      7444     5605996    432655     22080
08000000000000   023       731     1803230        57       48338      5288       763
08000000000000   029       210      643716       109      184144      8882       261
08000000000000   025      1406     4014660        24       27696      1660      1416
08000000000000   062       564     2331304         0           0         0       564
08000000000000   162       258      658408        33       42538      3586       278
08000000000000   005      2102     5705462       128       89680      8818      2152
08000000000000   044      1306     3030810       306      154424     17836      1411
08000000000000   079      1446     3742740       149      181386     15576      1540
08000000000000   032      1586     5040946       251      243422     18546      1696
08000000000000   040      2131     4648728       171      171652     11744      2201
08000000000000   022       172      430236         3        6394       442       175
08000000000000   081        77      208047        16       12950      1497        86
08000000000000   061       164      412818        93       46306      5326       196
08000000000000   059       434     1180116        92       68866      6752       474
08000000000000   094       484     1384000        25       27438      2675       499
08000000000000   018      1519     7405422      2233     2361110    153035      2441
08000000000000   016      3408    10065196      3491     1800428    160144      4379
08000000000000   021       296     1005088         3        5934       366       299
08000000000000   089      1186     3127338       260      133290     10482      1249
10000000000000   000    162730   462897278     54212    32220969   2517856    176953
10000000000000   023      6889    19249582       314      246151     34245      7082
10000000000000   029      2626     7724780       340      789544     34697      2822
10000000000000   025     15409    50757675       542      866642     63767     15769
10000000000000   062      2188     7751288         0           0         0      2188
10000000000000   162      1615     3553669       119      124675     12800      1687
10000000000000   005     31739    93700947     18621      401808     72322     32147
10000000000000   044      9865    25943036       401      394515     28297     10025
10000000000000   087         1        3638         0           0         0         1
10000000000000   079     12175    25936930       100       98368      9397     12228
10000000000000   032     13621    32832341       864     1179042     98604     14178
10000000000000   040     10312    22170797        72       99077      6563     10350
10000000000000   022      4602    13465453        21       31000      2026      4613
10000000000000   061      1075     2082768        11        6884       924      1080
10000000000000   059      6268    14803517      2148     1888254    207591      7442
10000000000000   094       475     1320316        29       22851      2737       490
10000000000000   018     11986    54166365     11075    13383658    687564     15871
10000000000000   016     20516    54711148     18187    11576813   1149766     27010
10000000000000   021      1909     5688836       191       37561      1920      1920
10000000000000   089      9459    27034192      1177     1074126    104636     10050
11000000000000   000     99122   265414330     34254    29117055   2345251    112373
11000000000000   023      2535     7334894       394      436703     49184      2812
11000000000000   029       589     1987164       379      614484     31342       767
11000000000000   025      1150     5207646        90      156186      7507      1192
11000000000000   062      1067     3411788         0           0         0      1067
11000000000000   162      1021     2639274        50       50787      5104      1050
11000000000000   005     17593    38813807       731      872535     65347     17963
11000000000000   044      6081     9936978        21       26442      1940      6092
11000000000000   087       758     2092406         4        2839       434       760
11000000000000   079      8943    20311419       196      205952     21454      9064
11000000000000   032      3329    10296684       197      310942     24428      3467
11000000000000   040     11064    25854803      1438     2162024    162608     11982
11000000000000   022      1910     5051005       151      161885     18068      2012
11000000000000   061       832     1893975      1307     1133190    141911      1634
11000000000000   059      3978    10521317      1081      783941     93360      4505
11000000000000   018      9694    45656495      8623     9540654    452746     12253
11000000000000   016     19545    46571016     16183    10047529   1040707     25424
11000000000000   021      5699    18226839      2938     2190295    178008      6704
11000000000000   089      3334     9606820       471      420667     51103      3625
12000000000000   000     48424   132522424     18952    11227328    716186     52615
12000000000000   023       756     2128612         5        2192       306       757
12000000000000   029      1039     2463652        41       32398      2690      1055
12000000000000   025      2147     6783376        53       62100      2516      2162
12000000000000   005      2251     5475912        25       33512      2098      2263
12000000000000   044       875     2347148        11        5786       642       879
12000000000000   001       990     2260570        18        8116      1168       997
12000000000000   087       212      547214         8        2794       478       215
12000000000000   079       908     2343640         4        3574       308       910
12000000000000   032      2998     7931350       123      153988     11042      3060
12000000000000   040      2978     7414898       213      342402     16990      3072
12000000000000   022       391      976036        41       64564      5088       420
12000000000000   061       160      376288       411      119106     13174       234
12000000000000   059      1080     3393096       364      389428     25502      1224
12000000000000   012     16985    46685444      6244     3911530    213510     18271
12000000000000   112      4299     8320862      4325     1717880    161640      5273
12000000000000   212      1637     3917278        65       30646      2786      1654
12000000000000   312      1273     1980388      2215      906458     90644      1819
12000000000000   412      1296     2122950         0           0         0      1296
12000000000000   612        69      271652       235      461978     27174       233
12000000000000   712         0           0       423       66610      9514        57
12000000000000   812        24       28594      1387      252188     31522       214
12000000000000   018      2104     9955724      1325     1323680     51068      2393
12000000000000   016      3434    10094392      5085     2687180    168308      4385
12000000000000   021       136      401128         2        2942       160       137
12000000000000   052       494     1157562       230      117874     11312       562
12000000000000   089      4187    11465520       424      246282     28186      4346
13000000000000   000     18962    52023009      7709     7638693    545418     22041
13000000000000   023      1265     3395202       215      106243     13022      1338
13000000000000   029       155      477653       131      123625      6746       194
13000000000000   025       426     1806033        14       11318       817       431
13000000000000   062       243      791401         0           0         0       243
13000000000000   162       165      447804        28       23980      2347       178
13000000000000   005      1562     3967260        96       97208     10907      1624
13000000000000   044      1565     4112301       103       97270      9799      1620
13000000000000   079      1617     3902102       181      312105     20395      1732
13000000000000   032      1155     2748920       150      157586     14428      1236
13000000000000   040       846     1996410       176      157048     14942       930
13000000000000   022       461     1600514       182      273834     24168       597
13000000000000   061       150      367070        69       32462      4058       173
13000000000000   059      1432     3981985       783      813226     87615      1926
13000000000000   018      2294     8316027      1121     1630147     63597      2654
13000000000000   016      4190    10198286      3707     3571015    245089      5574
13000000000000   021       496     1478740       364       98857     12355       565
13000000000000   090       111      316582       116       28237      3529       131
13000000000000   089       829     2118719       273      104532     11604       895
14000000000000   000    118943   391305737     46804    31447776   3348884    138539
14000000000000   023      5964    17115210       278      318682     27902      6132
14000000000000   029      2092     6989115        24       35174      1890      2105
14000000000000   025      2955    14531896       159      256445     12712      3030
14000000000000   062      2176     9706428         0           0         0      2176
14000000000000   162      1804     5946150         2        1872       200      1805
14000000000000   005     14797    45908460        18       29554       914     14803
14000000000000   044      6440    22093312      1902     3789769    230990      7745
14000000000000   087        95      348992         4        8326       446        98
14000000000000   079     12352    39572634       322      416358     35056     12563
14000000000000   032      3087    10779171        14       24146       922      3093
14000000000000   040     14676    41551583       778      854744     43873     14941
14000000000000   022      2446     8423636       319      847906     36882      2668
14000000000000   061       686     2001088       140      173376     20120       807
14000000000000   059      3168    10035243      1193     1002255    147228      4006
14000000000000   018     12589    59668381     12923    10508315    704517     16729
14000000000000   016     23493    63380216     28470    12812490   2059356     35560
14000000000000   021      2972     9752662        44       70248      3534      2993
14000000000000   089      7151    23501560       214      298116     22342      7285
15000000000000   000     70651   189279119     36359    30268070   2134425     82850
15000000000000   023      2572     6402542       158      127402     18898      2685
15000000000000   029       296      888118       109       15974      1068       303
15000000000000   025       924     3546493       161      400818     22739      1054
15000000000000   062      1248     4494143         0           0         0      1248
15000000000000   162       785     1661477         1         859       106       786
15000000000000   005      6161    14019763        14       24934      1405      6169
15000000000000   044      4329     9067212         0           0         0      4329
15000000000000   087        30       94660         3        2652       224        31
15000000000000   079      5114    10554864        25       19614      2028      5126
15000000000000   032      1713     4733202         8       12104       720      1717
15000000000000   040      5658    11177707       103      101310      8949      5711
15000000000000   022      1441     3306353       172      149492     18600      1553
15000000000000   061        93      189895        64       48403      4308       119
15000000000000   059      2298     5404472      2031     1800141    200927      3495
15000000000000   018     12173    56690305     12505    17132085    819424     16827
15000000000000   016     22187    48044518     20940    10342510   1029553     28036
15000000000000   021      1237     3336866        47       66154      3989      1261
15000000000000   089      2392     5666529        18       23618      1487      2400
16000000000000   000     40284   131950270     23114    28283661   2255983     53032
16000000000000   023      1183     3222998       209      238495     25359      1325
16000000000000   029       498     1506611       311      557313     50878       785
16000000000000   025      2161     6798464       288      386218     32272      2344
16000000000000   062       637     2199534         0           0         0       637
16000000000000   162       299      916100        33       28063      1425       307
16000000000000   005      2645     7027444       121      222098     14172      2727
16000000000000   044      2975     8134513         0           0         0      2975
16000000000000   079      2675     6968110       122      212640     13364      2751
16000000000000   032       299      949888        23       38113      2894       315
16000000000000   040      5767    18115017      2003     4765011    342818      7703
16000000000000   022       348     1030619        17       29741      1827       358
16000000000000   061       109      342550         5        2967       314       111
16000000000000   059      2123     6475920      1503     2023947    142895      2931
16000000000000   018      4315    25262313      3659     9269753    588843      7642
16000000000000   016     10151    30940241     14494    10034200   1007876     15846
16000000000000   021      1106     3251266        78       90720      6371      1144
16000000000000   089      2993     8808682       248      384382     24675      3131
17000000000000   000     37677   108776373     17262    12649693   1188782     44395
17000000000000   023      1972     5181719        71       97552      8607      2021
17000000000000   029       330     1007381       292      342542     24069       467
17000000000000   025      1965     5389623       251      158933     19517      2074
17000000000000   062       607     1863325         0           0         0       607
17000000000000   162       379      816918        16        8678      1141       385
17000000000000   005      3411     8030850        25       29404      2334      3425
17000000000000   044      3386     9593205        72       62085      6018      3420
17000000000000   079      2138     6497707         0           0         0      2138
17000000000000   032       930     2854940        68       25822      1901       941
17000000000000   040      4390    10973752       903     1441342     75707      4819
17000000000000   022       126      381052         0           0         0       126
17000000000000   061       407      960520       136       56920      9814       462
17000000000000   059      1412     4079629       492      709095     43630      1659
17000000000000   018      3799    19521467      2211     3344481    173519      4780
17000000000000   016      8411    20640397     12410     6138630    794432     12899
17000000000000   021       761     2375118        43       36606      3951       783
17000000000000   089      3253     8608770       272      197603     24142      3389
18000000000000   000     60758   170824371     25366    19732530   2031263     72606
18000000000000   023      3015     7099448       133      110312     11892      3086
18000000000000   029      1054     3598636       475      841180     58052      1402
18000000000000   025      3401     9615008       807     1062014     90506      3946
18000000000000   062       957     2987572        21       33156      1888       968
18000000000000   162       830     2011778        16       24482      2028       843
18000000000000   005      5231    11553972       255      309128     21674      5362
18000000000000   044      5478    13427562       162      266286     21054      5604
18000000000000   079      4455    10313348       154      217178     22556      4590
18000000000000   032      1889     6406939        51       80902      6690      1928
18000000000000   040      4282    10629693       553      851695     93484      4824
18000000000000   022      1237     3261700        26       42082      2946      1255
18000000000000   061      1398     2404950       257      312564     38372      1629
18000000000000   059      3268     7919067       845      653304     70241      3686
18000000000000   018      6606    33273913      4752     5124420    269229      8175
18000000000000   016     10963    26806467     15406     8364493   1214721     17975
18000000000000   021      3580    10612030      1051      975150     66820      3982
18000000000000   089      3114     8902288       402      464184     39110      3351
19000000000000   000     85403   211331898     26760    15940928   1583001     94349
19000000000000   023      2424     5418991       254      330650     30388      2596
19000000000000   029      1230     3632406       569      626693     59563      1566
19000000000000   025      1661     5556568        96       57856      6011      1697
19000000000000   062       678     1746521         0           0         0       678
19000000000000   162       417      794933         8        4091       520       420
19000000000000   005      6751    13001164        92       34408      6801      6789
19000000000000   044      5672    12411921        26       23621      3810      5694
19000000000000   087       531     1330567        20       16618      1432       538
19000000000000   079      6097    14441014        15       13638      1187      6104
19000000000000   032      5484    13634137       259      314904     24536      5623
19000000000000   040     18825    41460144      2457     3256984    287829     20451
19000000000000   022       982     2514860        64       39728      3664      1003
19000000000000   061       822     1753459       331      260532     35634      1023
19000000000000   059      4472    10381451       976      534048     69253      4863
19000000000000   018      7973    38196302      5203     4978670    314036      9748
19000000000000   016     15225    29290852     15492     4783168    674993     19037
19000000000000   021      3509     9248145       555      405163     33967      3702
19000000000000   089      2650     6518463       343      260156     29377      2817
20000000000000   000     17559    49311694      6738     4720908    421345     19982
20000000000000   023      1100     2823639        23       25444      1942      1110
20000000000000   029       309      904398       209      241435     16028       419
20000000000000   025       593     1924374        47       51894      3859       616
20000000000000   062       308     1123510         0           0         0       308
20000000000000   162        54      115199         0           0         0        54
20000000000000   005      1129     2939996        11       12029       685      1152
20000000000000   044      2421     6341512       164      323065     27974      2579
20000000000000   087        63      138470         5        6600       762        67
20000000000000   079      1897     4727846        62       96466      6341      1933
20000000000000   032      1136     3210871        57      103619      4713      1163
20000000000000   040       462     1565967        25       34417      1647       472
20000000000000   022       523     1403547         5        9408       657       526
20000000000000   061        87      254416        14       15591      1610        96
20000000000000   059      1132     3233702       215      225065     16715      1226
20000000000000   012        27       78090         9       12660      1395        36
20000000000000   112         6       10999        26       32144      3674        30
20000000000000   212         1        1731         2        1946       177         2
20000000000000   312         0           0         2        1455       142         1
20000000000000   412         0           0         6        8759       875         6
20000000000000   512         5        9268        16       19984      2480        21
20000000000000   018      1024     4316474       213      235472     14135      1104
20000000000000   016      3008     8177712      5183     2903692    291471      4655
20000000000000   021       932     2447398       418      335040     23060      1062
20000000000000   090       119      276874         6        6131       638       123
20000000000000   089      1229     3296700        46       50736      4039      1251
21000000000000   000     77342   235911352     18262    28602836   1997301     88627
21000000000000   023      3377     9773586       251      304025     24438      3516
21000000000000   029      1261     3837615       402      610741     41359      1495
21000000000000   025      3348    10066989       521      908783     76225      3778
21000000000000   062      1594     6655851         0           0         0      1594
21000000000000   162       755     1647574        23       44369      2675       770
21000000000000   005     10546    29715077       663     1152432     97296     11095
21000000000000   044      4633    13356909         0           0         0      4633
21000000000000   001       443     1380006         0           0         0       443
21000000000000   087       356     1297107         0           0         0       356
21000000000000   079      6119    15691620      1357     2290593    166010      7057
21000000000000   032      5041    14439321      1035     1469779    128524      5767
21000000000000   040      5667    14344767       602      623426     54898      5979
21000000000000   022       984     2745367       305      573778     49337      1263
21000000000000   061       451     1451946       182      269625     22468       578
21000000000000   059      1931     6406212       329      528658     44091      2180
21000000000000   094      2073     7400385       222      276091     24630      2212
21000000000000   018     11100    40791394      3277     8013237    291976     12750
21000000000000   016      9129    29540653      7716     9351230    819818     13761
21000000000000   021      1858     5822281       237      369004     23500      1990
21000000000000   089      6676    19546692      1140     1817065    130056      7410
22000000000000   000     75052   247004986     27084    23963837   1525942     84073
22000000000000   023      4364    14761559       305      559830     33168      4552
22000000000000   029      1655     5160444       233      964944     30888      1840
22000000000000   025      6469    21111864       228      439149     24720      6611
22000000000000   062      1598     6042228         0           0         0      1598
22000000000000   162      1069     3342830        13       24357      1492      1077
22000000000000   005      6111    19906123        74      118567      7123      6152
22000000000000   044      4347    15272207       144      306526     17724      4448
22000000000000   001       993     4535186       149      192861      7840      1037
22000000000000   087       156      711395        15       18996      1435       164
22000000000000   079      6947    21785300       589     1126252     63894      7307
22000000000000   032      6923    20675468      1003     1792619    112680      7561
22000000000000   040      8076    21672036      1163     1788632    110278      8697
22000000000000   022      1979     6551361       133      264877     15930      2072
22000000000000   081         5       21196         0           0         0         5
22000000000000   080      1230     4961481        42      117772      5164      1259
22000000000000   061       898     2478341         7        5302       602       901
22000000000000   059      1195     4591131       122      286469     14642      1282
22000000000000   091       721     2534314        19       46035      2196       734
22000000000000   018      5560    24908731      8260     8636047    406451      8005
22000000000000   016     10421    30395619     14408     6899708    649226     14314
22000000000000   021       682     2550749        61      128420      7015       724
22000000000000   052        18       53210         3        5104       393        20
22000000000000   089      3635    12982213       113      241370     13081      3713
23000000000000   000    107395   394401041     63676    56586503   5040194    135996
23000000000000   023      2240     7876635      1083     1873805    109661      2859
23000000000000   029      1538     4844100        19       23006      1151      1544
23000000000000   025      2006     7603503        32       31742      2019      2017
23000000000000   062      2009     8034367         0           0         0      2009
23000000000000   162       927     2217029       167      102223     10153       984
23000000000000   005     17383    59185950       194      370927     17883     17484
23000000000000   044      2882    10498494       141      210547     12177      2951
23000000000000   079     12448    40251399       297      493797     26483     12597
23000000000000   032      2919    10808192       222      317838     17210      3016
23000000000000   040      9911    32609703      3978     7209167    497789     12724
23000000000000   022      1284     4130458        94       49859      2340      1297
23000000000000   061       314      770884        49       78214      4552       340
23000000000000   059      4070    14556093      1041      905172     87368      4563
23000000000000   012        12       24613         1         221        44        18
23000000000000   112         2        6011         6        2314       476         5
23000000000000   212         1        4683         1         744       106         2
23000000000000   412         1        1328         0           0         0         1
23000000000000   712         0           0         5        1570       370         2
23000000000000   018     12951    81810797     14822    20831822   1394053     20881
23000000000000   016     27571    83618635     40176    23355036   2807641     43501
23000000000000   021       418     1603149        61       89118      4362       443
23000000000000   089      6510    23951029      1293      641695     44832      6763
24000000000000   000     56498   210141926     22191    24863292   2247624     69199
24000000000000   023      2432     8219722       181      299685     24529      2571
24000000000000   029      1117     3972600       212      340667     25942      1264
24000000000000   025      1987     8044231       111      236899     12653      2058
24000000000000   062       503     2358917         0           0         0       503
24000000000000   162       343     1064352        23       28813      2280       356
24000000000000   005      3484    11398055       132      242736     17894      3585
24000000000000   044      4875    17433388       210      302592     25490      5019
24000000000000   079      1671     5648169       835     1414574    134106      2429
24000000000000   032      2031     7516768       171      333329     20606      2148
24000000000000   040      3658    12977505      1232     2223084    203706      4809
24000000000000   022      1296     4333649         3        5001       283      1298
24000000000000   061       482     1638141       162      185405     16010       572
24000000000000   059      2652     9130713       584      697972     60918      2997
24000000000000   018      8517    47455788      7003     9733944    587682     11837
24000000000000   016     14935    45851656     10194     7495769    988717     20521
24000000000000   021      3253    11843646       934     1016230    103967      3841
24000000000000   089      3262    11254626       204      306592     22841      3391
25000000000000   000     47743   118538248     11026     6873064    721851     51817
25000000000000   023      1180     3204411         0           0         0      1180
25000000000000   029       414     1215986        75       80905      6066       448
25000000000000   025       457     2159102        16       24676      1150       463
25000000000000   062       617     1774495         0           0         0       617
25000000000000   162       310      734148         0           0         0       310
25000000000000   005      4130     7401720        12        6811       981      4136
25000000000000   044      3280     6933767         2        1974       320      3282
25000000000000   087        52      136722         4        3251       504        55
25000000000000   079      3110     6090880         0           0         0      3110
25000000000000   032      2982     7037981        88      159759     10315      3040
25000000000000   040      9375    21236562       386      733003     49307      9653
25000000000000   022       845     2019342       240      407922     41280      1078
25000000000000   061       311      491454       192       76236     12448       381
25000000000000   059      3007     6809643       774      425662     56667      3327
25000000000000   018      5449    22400959      2374     1927176    147244      6280
25000000000000   016      7983    18817021      6727     2915137    384368     10154
25000000000000   021      1518     3924829        58       46705      5999      1552
25000000000000   090       128      245754         0           0         0       128
25000000000000   089      2595     5903472        78       63847      5202      2623
26000000000000   000     78929   197433515     24885    13328782   1361349     86633
26000000000000   023      2624     5614218        28       26186      3219      2642
26000000000000   029      1042     2367133       155      126856     10201      1099
26000000000000   025      3243     9402602       283      200135     23627      3376
26000000000000   062      1232     3964262         0           0         0      1232
26000000000000   162      1121     2576426        53       35545      4863      1148
26000000000000   005     10292    19923575       504      345440     29428     10458
26000000000000   044      6424    17023795       176      162580     19355      6533
26000000000000   079      7468    14784108       457      424617     42534      7708
26000000000000   032      4118     9005031       611      309355     30460      4290
26000000000000   040     12450    25666471      1914     1603166     94043     12981
26000000000000   022      1127     2705563        12       20059      1912      1138
26000000000000   061       538     1108622       247       15762      3152       556
26000000000000   059      2448     6169452       506      323191     47025      2714
26000000000000   018      7738    32955728      6354     4966213    323806      9569
26000000000000   016     10892    28797158     12980     4389128    698356     14850
26000000000000   021      2059     4921190       264      159489      7306      2101
26000000000000   089      4113    10448181       341      221060     22062      4238
27000000000000   000     15886    40805058      7580     5382982    597027     19264
27000000000000   023       854     1931723       113      106659     12154       924
27000000000000   029       259      748978        65       49388      4532       285
27000000000000   025       162      636737        70      131614      5463       193
27000000000000   062       217      545778         3        2318       248       218
27000000000000   162       204      520361        14       17320      1280       211
27000000000000   005       843     1944968        67       76301      7335       884
27000000000000   044      1805     4835567       138      129036     11900      1872
27000000000000   079      1364     3323212       168      211434     19585      1475
27000000000000   032       805     1555952       124       91974     10335       863
27000000000000   040       534     1125819        95       96324     11347       598
27000000000000   022       607     1460466        40       46018      3956       630
27000000000000   061        56      131910        31       12560      1284        63
27000000000000   059      1157     3072592       355      362238     27391      1313
27000000000000   018      1859     7428286      1099     1786674    123809      2559
27000000000000   016      3646     7541671      4829     1957415    329627      5509
27000000000000   021       491     1229576       268      185566     16237       583
27000000000000   090        76      229344         5        6722       726        80
27000000000000   089       947     2542118        96      113421      9818      1004
28000000000000   000     25602    61489964      9157     5189002    632854     29176
28000000000000   023       573     1501666       148      113425     15504       660
28000000000000   029       392     1015804        68       47839      6112       426
28000000000000   025       635     2122307        82       52313      6752       673
28000000000000   062       434     1183269        18       22485      1441       442
28000000000000   162       220      509567         7        8555       859       225
28000000000000   005      1872     4253328        63       65868      6223      1907
28000000000000   044      2318     6600662        11       14962      1262      2325
28000000000000   001        30       81525         1         585        88        30
28000000000000   079      2730     5853969       127       39513      9296      2783
28000000000000   032       717     1788172        80       92527      8185       763
28000000000000   040      3962     8285366       944     1222550    117592      4626
28000000000000   022       454     1192530        13       13152      1214       461
28000000000000   061       229      497381       137       85670     14863       313
28000000000000   059      1384     2897124       662      378287     55916      1700
28000000000000   018      2399     7932565       905      784440     53580      2701
28000000000000   016      5117     9593824      5599     2081998    319951      6925
28000000000000   021       591     1862048        97       42514      3440       610
28000000000000   089      1545     4318857       195      122319     10576      1606
29000000000000   000     20899    66838979      5740     6500045    571861     24132
29000000000000   023      1152     3004916        23       26135      2256      1165
29000000000000   029       598     2072930        52       49835      3469       617
29000000000000   025       507     2259792        11       19279       972       513
29000000000000   062       353     1456812         0           0         0       353
29000000000000   162       273      853666         1         890        97       274
29000000000000   005      3047     9584662        76      130053      7745      3091
29000000000000   044      1539     4997815         7        3031       469      1542
29000000000000   079       933     2598857        11       12288      1065       939
29000000000000   032      1616     5283515       128      204672     13889      1694
29000000000000   040      1715     5263193       213      316475     23300      1847
29000000000000   022      1476     4639326        20       39454      2176      1489
29000000000000   061       204      525635        12       17154      1244       211
29000000000000   059       872     2582271       394      336470     36434      1078
29000000000000   091        10       44340         0           0         0        10
29000000000000   092        10       31107         0           0         0        10
29000000000000   018      1606     8234090      1447     2602344    139900      2396
29000000000000   016      2980     7037233      3234     2612444    329580      4842
29000000000000   021        98      323003        23       70706      3711       119
29000000000000   089      1910     6045816        88       58815      5554      1942
30000000000000   000     14710    38226355      7594     4535155    406173     17061
30000000000000   023       442     1075792        32       22941      3065       461
30000000000000   029       284      780325        50       49949      4975       313
30000000000000   025       894     2619338        32       25880      1920       906
30000000000000   062       299     1140983         0           0         0       299
30000000000000   162       107      280090        18       12582      1680       116
30000000000000   005      1118     2916168        65       60086      5858      1152
30000000000000   044      1804     4312879       205      152795     16793      1905
30000000000000   087         5       15115         6        4452       492         8
30000000000000   079      1292     3138746        50       45076      4153      1317
30000000000000   032       852     2378771        76       62548      6264       890
30000000000000   040       783     1797755       101      120570      5707       815
30000000000000   022       429     1032705        66       58263      5444       461
30000000000000   061        80      187021       439      257926     36055       297
30000000000000   059       407      975037       129       78301     10346       466
30000000000000   018      1529     5308013      1508     1421804     61173      1885
30000000000000   016      2164     4532304      4248     1795381    196295      3273
30000000000000   021       305      794551        26       31169      2435       319
30000000000000   052        51      113678         6        5103       600        54
30000000000000   090       299      695780       340      176967     27852       467
30000000000000   089      1566     4131304       197      153362     15066      1657
31000000000000   000    114227   431718099     23910    19960674   1430382    123098
31000000000000   023      4732    16374487       603      909194     86920      5293
31000000000000   029      1365     5532072        37       52745      4151      1392
31000000000000   025     12291    42496655       155      196123     13977     12381
31000000000000   062      1001     2902388        14       17770      1698      1012
31000000000000   162      2625    14108004         0           0         0      2625
31000000000000   005      9316    35458235        22       30848      2949      9335
31000000000000   044      6992    27247349       943      729891     75762      7421
31000000000000   087       109      386479         5        5736       531       112
31000000000000   079      5515    19250584       209      294597     27057      5689
31000000000000   032      2515     9786831       376      241888     23123      2664
31000000000000   040     14903    45155060      1557     1656637    144868     15827
31000000000000   022      1740     5457335       367      629391     46076      2037
31000000000000   081       654     2853430         3        1842       175       655
31000000000000   061      1530     5120452      1065      868559     76084      1966
31000000000000   059      2373     8977686       440      471314     20488      2499
31000000000000   091       110      361077         0           0         0       110
31000000000000   094       489     1783725        14       21905      1229       496
31000000000000   012      8333    39213046       397      205834      8200      8391
31000000000000   112      5843    12710870       410      174778     23596      6009
31000000000000   212      1274     3023038         5        4078       370      1277
31000000000000   312      1244     3004924        36       31308      3130      1266
31000000000000   412       877     1468035       313      115476     16496       993
31000000000000   512       165      313859         6        4500       520       169
31000000000000   612       121      389088         7        6570       610       125
31000000000000   712         0           0        43       12846      2470        17
31000000000000   812      2162     4511926         0           0         0      2162
31000000000000   018      6564    43670718      4783     6258366    210588      7860
31000000000000   016     15162    53573396     12102     6568268    613550     18943
31000000000000   021      3387    13241586       276      440121     35716      3617
31000000000000   089      6678    26056634       132      184867     13644      6764
32000000000000   000     38330    93874715     14410     8420644    787455     42784
32000000000000   023      1769     4327658         7       13410       978      1775
32000000000000   029       217      616814         4        4756       310       219
32000000000000   025      2171     6058812       109      114974      9844      2228
32000000000000   062       462     1569958         0           0         0       462
32000000000000   162       171      584303         0           0         0       171
32000000000000   005      3760     8557568        37       56776      5097      3789
32000000000000   044      2347     5630007         0           0         0      2347
32000000000000   001         7       20907         0           0         0         7
32000000000000   079      1311     2947290         7        9965       788      1315
32000000000000   032      2633     5196653       166       96511      7496      2676
32000000000000   040      4855     9169309      1542     2472390    129314      5586
32000000000000   022       517     1142373         8       10971       744       522
32000000000000   061       728     1316759        26       45329      4032       751
32000000000000   059      1496     3992641       132      116979     12819      1569
32000000000000   018      3765    11775667      3371     2525810    161111      4675
32000000000000   016      9780    25086813      8914     2882635    446600     12303
32000000000000   021       838     1979648        78       60560      7250       880
32000000000000   089      1503     3901535         9        9578      1072      1509
33000000000000   000    231443   844471080     45711    48770248   3392669    251587
33000000000000   023     17556    54558201      1152     1705631     58766     17891
33000000000000   029      4764    14466039       848     1083185    123437      5461
33000000000000   025     16797    76209026       871     1409166     75955     17228
33000000000000   062      3989    18924302         0           0         0      3989
33000000000000   162      1390     4050801       164      145695     14311      1471
33000000000000   005     34576   119121479      1063     1890360     84455     35053
33000000000000   044     12525    39159955      1074     1024717     92277     13045
33000000000000   001        96      326859        10       14632      1085       102
33000000000000   087       858     3213643        46       93347      5585       889
33000000000000   079      7894    26489638       629      956272     57381      8221
33000000000000   032      8696    34192960      1071     2210450    114293      9343
33000000000000   040     44433   144698204      6502    10629700    565732     47660
33000000000000   022      4453    14103552        92      190809     10178      4512
33000000000000   061      1696     5463071      1177     1440147    163619      2620
33000000000000   059      2976    10870522       481      700959     39028      3197
33000000000000   092      3215    19848012        97      158921      8590      3267
33000000000000   094     14063    64647647       452      384826     39208     14284
33000000000000   018     12634    66345042     12402    12818401    732861     17124
33000000000000   016     24052    74128229     15862     9234485   1057026     30606
33000000000000   021      3842    13513094       493      923168     48295      4114
33000000000000   089     10938    40140804      1225     1755377    100587     11510
34000000000000   000    108343   306793346     31490    25879622   2653093    123329
34000000000000   023      3300     8613829       123      134800     13469      3376
34000000000000   029       625     2169364       507      887040     73434      1041
34000000000000   025      5819    18168826       218      287092     28762      5982
34000000000000   062      2263     8208277        18       26336      2883      2279
34000000000000   162      1025     2567019        10       16629      1295      1032
34000000000000   005     19065    48892681        94       39435      4200     19089
34000000000000   044     12254    28318457        12       22902      2081     12266
34000000000000   087       282     1007490         0           0         0       282
34000000000000   079      1313     3939557        65       25586      1722      1323
34000000000000   032      2479     7688330       213      189332     23518      2612
34000000000000   040     14942    37508505      1277     1169867     82635     15408
34000000000000   022      2401     6368048       226      223791     22714      2529
34000000000000   081       164      474064         3        3490       264       165
34000000000000   061       864     1815941        18       15603      1634       872
34000000000000   059      3574     9312479      1042     2343455    137237      4350
34000000000000   018     11350    50713493     10067    11542710   1164066     17926
34000000000000   016     19528    50826347     17344     8635783   1067399     25557
34000000000000   021      2955     8714498        92       68533      5138      2985
34000000000000   089      4140    11486141       161      247238     20642      4255
35000000000000   000     12881    32979072      7838     4296337    428953     15297
35000000000000   023       561     1282443        88       71219     10405       620
35000000000000   029       174      422377       115      437095     13438       249
35000000000000   025       395     1244937        49       13011      1790       405
35000000000000   062       127      361899         0           0         0       127
35000000000000   162        95      202512         1        2850       176        96
35000000000000   005       435      950018        28       17841      2424       448
35000000000000   044       900     2194570        19       19277      2376       913
35000000000000   079       270      552554        43       21450      3354       288
35000000000000   032      1160     2696798       179      159366     13268      1235
35000000000000   040      1117     2195988       159       31670      5554      1148
35000000000000   022       404      945893        29       20124      2090       415
35000000000000   061        94      216085        26       20619      2510       108
35000000000000   059       870     2330133       602      336973     60230      1210
35000000000000   018      1822     7317540      1907     1887385    100916      2391
35000000000000   016      3066     6624837      4450     1148684    198363      4186
35000000000000   021       309      718420        52       35920      3612       329
35000000000000   089      1082     2722068        91       72853      8447      1129
36000000000000   000    112054   356820447     60150    49194675   4202380    135824
36000000000000   023      8005    27546786       546      666347     56272      8325
36000000000000   029       878     2534964       176       99431     13664       954
36000000000000   025      2372     8474350       454      873344     53652      2675
36000000000000   062      1307     5565531         0           0         0      1307
36000000000000   162      1122     3123551        14       20066      1752      1132
36000000000000   005     17022    51339140        99      146478     11136     17085
36000000000000   044      7361    24732672       361      350286     35503      7562
36000000000000   079      2024     7331070       185      151332     20271      2139
36000000000000   032      3579    13487036       322      254943     25523      3724
36000000000000   040     10363    24922908      3081     5479557    344143     12308
36000000000000   022      2915     9326017        47       55939      3398      2934
36000000000000   061       631     1904184       204      196685     17694       731
36000000000000   059      3422     9793009       841     1071491     84639      3899
36000000000000   018     15336    71973494     16825    19234071   1087525     21494
36000000000000   016     28297    68755155     36512    20079509   2408917     41919
36000000000000   021      2134     7587529       136      174905      9472      2186
36000000000000   089      5286    18423051       347      340291     28819      5450
37000000000000   000     63413   130063337     20722    12094100   1386449     71325
37000000000000   023      2122     3971314        14       17589      1493      2130
37000000000000   029      1179     2473964       164      192748     15486      1268
37000000000000   025      2232     6407444        85       51058      2930      2248
37000000000000   062       952     2563824         0           0         0       952
37000000000000   162       753     1614526        24       13261      1588       762
37000000000000   005     10623    14410062       178      142455     18866     10730
37000000000000   044      4093     6688851        25       16298      1871      4104
37000000000000   079      5900    10107901       179      117417     16166      5992
37000000000000   032      4077     8816262       252      140531     16716      4171
37000000000000   040      3659     6612860        37       14765      1749      3668
37000000000000   022      1635     3498841        97       53921      4607      1662
37000000000000   061      1527     2418867       535      137411     23415      1659
37000000000000   059      1485     3083017       152       71597      9239      1538
37000000000000   092       448     1501860         1         112        16       448
37000000000000   018      5590    22218748      5332     5856042    374128      7719
37000000000000   016     12791    24005583     13464     5144581    886910     17864
37000000000000   021      2115     4894601       114       75092      6566      2153
37000000000000   089      2232     4774812        69       49222      4703      2257
38000000000000   000     45431   136193654     22804    24982920   1800911     55605
38000000000000   023      3794    11483263       445      646948     52623      4093
38000000000000   029      1207     3378637       190      181278     17505      1306
38000000000000   025      2433     7272184       268      698109     46484      2695
38000000000000   062       901     3387109        52       70054      5200       930
38000000000000   162       436     1160568        69       95088      5130       464
38000000000000   005      3838    10702896       277      332418     32302      4020
38000000000000   044      3598    11972000       453      778000     45765      3857
38000000000000   079      4921    13726989       423      921537     38715      5139
38000000000000   032      1508     4500173       194      332496     24324      1645
38000000000000   040      4542    11009306      1903     3503725    434182      6995
38000000000000   022      2009     6334906       233      525917     34402      2203
38000000000000   061       676      875993        17       21836      2634       691
38000000000000   059      2638     7446303       508      440902     44380      2888
38000000000000   018      5006    23024612      7376    12159330    607967      8441
38000000000000   016      4694    10970474      9998     3674305    367430      6770
38000000000000   021       942     2684843       196      426990     28208      1102
38000000000000   090       156      418890        24       20510      1655       165
38000000000000   089      2132     5844508       178      153477     12005      2201
39000000000000   000    130966   417496989     47648    41037996   3090733    149185
39000000000000   023      6950    21191905       603      882467     94065      7516
39000000000000   029      2855     8240695      1296     1961912    117207      3549
39000000000000   025      2338     9186164        93      442074     15556      2445
39000000000000   062      4112    15757578         0           0         0      4112
39000000000000   162      1162     4427796       117      163710     19428      1279
39000000000000   005     13903    41369960       288      570318     43476     14164
39000000000000   044     12715    36454889       948     1655534    154619     13637
39000000000000   001        42      128563         1        1647       166        43
39000000000000   087        71      297690         3        6939       498        74
39000000000000   079     11926    36217636       180      362614     29125     12102
39000000000000   032      1562     5086685        65      184003      4461      1590
39000000000000   040     14561    37224930       918     1402712     94445     15125
39000000000000   022      4274    13288880       204      407239     33020      4473
39000000000000   061       893     2708929       436      750519     65992      1290
39000000000000   059      6606    21639739      1242     1692768    112977      7267
39000000000000   018     12328    70993808      9250    15619462    719828     16520
39000000000000   016     24719    62968498     30504    13839069   1472683     33369
39000000000000   021      2695     8417314       232      199422     18507      2806
39000000000000   090      2743     7202436       911      418871     46884      3025
39000000000000   089      4511    14692894       357      476716     47796      4799
40000000000000   000     18231    60080343      6072     3981743    332822     20232
40000000000000   023       686     1992195         6       10024       540       689
40000000000000   029       764     1588579       159       13793       381       766
40000000000000   025      1068     3911958        33       35468      1156      1075
40000000000000   062       209     1038891         0           0         0       209
40000000000000   162        70      218083         1         500        14        70
40000000000000   005      1719     7273964         0           0         0      1719
40000000000000   044       872     2816079        20       22419      1590       881
40000000000000   079      1839     6040895        42       54741      3451      1861
40000000000000   032      1295     4587945         3        8962       377      1297
40000000000000   040      1229     4017819        36       84686      3930      1251
40000000000000   022       690     1961738        43       67446      5404       725
40000000000000   081        80      314831         0           0         0        80
40000000000000   080       252      762371         0           0         0       252
40000000000000   061        75      169856         0           0         0        75
40000000000000   059       536     1749489        51       25018      3821       558
40000000000000   094       516     1678866        25       40423      4044       539
40000000000000   012       324     1288634        47       41116      3467       350
40000000000000   112        58      133704        83       70688      7459       114
40000000000000   212        27       57232         3        3277       266        29
40000000000000   312        25       58472         3        3055       332        27
40000000000000   412         0           0        22       12970      2236        17
40000000000000   512         6       18000        26       34870      2874        28
40000000000000   812         0           0        29       16516      1751        13
40000000000000   018      1857     7134353      2566     2617816    151709      2768
40000000000000   016      2359     5364768      2760      623863    125920      3096
40000000000000   021       504     2430255       130      196264     13691       593
40000000000000   089      1229     3605070        67       68516      5868      1264
41000000000000   000     73655   183123070     21917    11460083   1067507     80022
41000000000000   023      2567     7139150        14       11422      1262      2574
41000000000000   029       503     1404272       559      396851     38012       732
41000000000000   025       666     2379984         4        2260       308       668
41000000000000   062      1340     3764472         0           0         0      1340
41000000000000   162      1402     3376216        15       13518       806      1407
41000000000000   005      8968    18778522         5        7160       444      8970
41000000000000   044      4879     9519508         5        4780       360      4881
41000000000000   087       517     1773199         0           0         0       517
41000000000000   079      4979    10843948         9        9822       996      4985
41000000000000   032      7955    19235991        99      134372      8967      8008
41000000000000   040      8995    15797789       157      228593     24093      9131
41000000000000   022      1355     3330942         2        2632        84      1356
41000000000000   061       630     1277933        13        9759      1415       638
41000000000000   059      2493     6721596       322      130286     21054      2619
41000000000000   092      1679     6504462        17       43485      2176      1691
41000000000000   018      8003    33247953      9239     6222948    385709     10316
41000000000000   016     12422    26884367     11424     4205575    579359     15873
41000000000000   021      2834     7092260        20       22314      1264      2841
41000000000000   089      1468     4050506        13       14306      1198      1475
42000000000000   000     11504    29441543      5148     2285380    274663     13056
42000000000000   023       421     1091693        12       13601      1384       430
42000000000000   029       297      740687       157       34187      2274       310
42000000000000   025       474     1358756        94       58932      6618       511
42000000000000   062       185      535819         2        1242       210       186
42000000000000   162        85      168330         5        2570       303        87
42000000000000   005       843     1634506        29       25248      2768       859
42000000000000   044       904     2387456       131       89452     10060       961
42000000000000   079       894     1898905        60       51575      6242       929
42000000000000   032       482     1217166        36       53969      4346       507
42000000000000   040       889     1839862        77       81289      7056       929
42000000000000   022       293      604001         5        5502       523       296
42000000000000   061       116      256775        23       16908      2274       129
42000000000000   059       736     1790253       322      110108     15947       827
42000000000000   018      1402     5965365       826      737090     67879      1785
42000000000000   016      2130     4324670      3208      882449    135292      2894
42000000000000   021       358      843429        35       27183      2956       374
42000000000000   089       995     2783870       126       94075      8531      1042
43000000000000   000     70398   182822724     22040    19627113   1766449     80727
43000000000000   023      2517     6866968        56       48050      4702      2545
43000000000000   029       681     1808400        61       46060      2816       699
43000000000000   025      1847     6831114        53       60008      2972      1865
43000000000000   062       956     3019840         0           0         0       956
43000000000000   162       801     1667196         6        2550       430       804
43000000000000   005      6061    12190775        15       12795       754      6066
43000000000000   044      4769    10198602         0           0         0      4769
43000000000000   079      5138    12444922        25       19686      1960      5150
43000000000000   032      2949     7641832       117      120046      9347      3003
43000000000000   040      9590    26464546       471      985401     69773      9987
43000000000000   022      1432     3450338       240      270082     26020      1589
43000000000000   061      1006     1689964        84       46000      8246      1056
43000000000000   059      3069     7332487       622      590810     67584      3462
43000000000000   018      8732    36612906      6933     8019248    572429     12127
43000000000000   016     16280    33393988     13198     9314677    992415     22036
43000000000000   021      1956     4879726       116       70916      5123      1987
43000000000000   089      2614     6329120        43       20784      1878      2626
44000000000000   000    244431   694825167     57082    50612188   4171713    268005
44000000000000   023      9058    25638162       268      311794     23268      9190
44000000000000   029      2043     5625309       445      471622     40496      2272
44000000000000   025      4751    17147917        89      128026      3093      4768
44000000000000   062      1469     4665004         0           0         0      1469
44000000000000   162      2092     5510645        40       30337      3200      2110
44000000000000   005     46159    97779646        62       50432      1264     46166
44000000000000   044     13696    35917358       123      157824     15468     13783
44000000000000   079     20995    45806918       141      187344      8658     21044
44000000000000   032     10044    23522811       535     1244049     58113     10372
44000000000000   040     38356   120249879      1489     2718693    197652     39474
44000000000000   022      6030    14177066        61       78125      6102      6065
44000000000000   061       734     1505747       350      268636     40913       965
44000000000000   059     10403    31161714      3515     2383337    226161     11681
44000000000000   018     19455   108207701     15131    22417935   1241865     26471
44000000000000   016     48110   126912456     33722    18986748   2217664     60644
44000000000000   021      4271    11583125       596      861644     72957      4684
44000000000000   089      6765    19413709       515      315642     14839      6847
45000000000000   000     41311   109545969     14902     9603435    915478     46485
45000000000000   023      1438     4068353       244      211701     26870      1589
45000000000000   029       173      628643        29       42002      3333       192
45000000000000   025      1456     4495713       195      200296     17641      1556
45000000000000   062       386     1308901         0           0         0       386
45000000000000   162       319      906600        42       32451      3440       338
45000000000000   005      2663     6790670       393      263284     29958      2833
45000000000000   044      1715     5351057        64       87411      8365      1762
45000000000000   079      2938     7345773       387      411479     34984      3136
45000000000000   032      1403     4131920       148      185059     11522      1468
45000000000000   040      4804    11676366        80       59698      8061      4850
45000000000000   022       769     2427337       219      106285     19873       881
45000000000000   061       280      766834        52       52647      6451       316
45000000000000   059      1023     2969948       253      195286     18492      1128
45000000000000   018      4434    22719604      3520     3164756    170029      5398
45000000000000   016     14889    26617825      8539     4061308    506867     17752
45000000000000   021       872     2384719       323      270460     23338      1003
45000000000000   090       203      491362       191       93561     13107       277
45000000000000   089      1546     4464344       223      165751     13147      1620
46000000000000   000     11396    31762894      2758     2525989    193208     12530
46000000000000   023       488     1391604        15       23335      2511       503
46000000000000   029       361      935297       155      358308      3837       382
46000000000000   025       516     1657002        70      108555      7343       558
46000000000000   062       304     1192409        26        7370       753       308
46000000000000   162       139      389573        36       31354      3921       161
46000000000000   005       882     2138259        26       39051      3615       902
46000000000000   044       978     2786923        16       23579      2172       990
46000000000000   079       986     2717262       141      253908     24416      1123
46000000000000   032       465     1279145        79      164845     10005       521
46000000000000   040       182      449143         9       14097      1196       189
46000000000000   022       304      822054        31       64620      5032       332
46000000000000   061       113      316480        10       19315      1337       121
46000000000000   059       600     1789516        45       78505      6047       635
46000000000000   018      1184     4643521       671      630247     42040      1437
46000000000000   016      2462     5196625      1296      543241     65279      2856
46000000000000   021       394     1163706        42       43397      3668       416
46000000000000   090        51      145475         0           0         0        51
46000000000000   089       987     2748900        90      122262     10036      1045
47000000000000   000     95763   288552514     45700    33109693   2639917    110675
47000000000000   023      3667    10651242       634      581495     60136      4006
47000000000000   029       636     1901593       340      315254     26556       789
47000000000000   025      3027     9426011       532      575720     34316      3219
47000000000000   062      1764     6159938         0           0         0      1764
47000000000000   162       681     1661958       145      103846     10430       740
47000000000000   005     13377    30728228       504      473610     46636     13640
47000000000000   044      9696    25627814       848      458595     42015      9933
47000000000000   087       128      387968         6        6132       652       132
47000000000000   079      1841     4971164       194      263490     22958      1972
47000000000000   032      4809    13962478       740      756460     69832      5203
47000000000000   040     11127    27928849      1325     1612223    100374     11695
47000000000000   022      1090     3115640       462      478222     44206      1340
47000000000000   061       513     1324862       624      372283     53353       814
47000000000000   059      2794     8671652       536      488242     49233      3072
47000000000000   018     12293    68566819     12659    15153868    738035     16460
47000000000000   016     21750    53705900     24137     9777557   1175637     28392
47000000000000   021      2559     7487982       591      559752     47730      2829
47000000000000   090       685     1667030       876      630434     75962      1114
47000000000000   089      3326    10605386       547      502510     41856      3561
48000000000000   000     86427   282737540     50890    45839684   3533830    106432
48000000000000   023      2430     7743458       140      266406     15502      2520
48000000000000   029      1244     3596808       209      133872     16040      1335
48000000000000   025      1609     6890934       173      146390      9620      1665
48000000000000   062       925     4133600         0           0         0       925
48000000000000   162      1207     3299308         1         218        16      1207
48000000000000   005      7705    22729838       262      329060     19586      7816
48000000000000   044      6042    21876276       337      608946     28882      6205
48000000000000   079      7114    22419036       674     1181758     75578      7541
48000000000000   032      6019    19932815       751     1195890     65893      6391
48000000000000   040      6389    17963766      2385     4781876    189899      7462
48000000000000   022      3653    11224406       404      499534     37196      3863
48000000000000   061       501     1235240        52       44270      4816       528
48000000000000   059      4402    14067548      1093     1236513    116525      5061
48000000000000   018      9979    41141568     11227    17049102    622661     13503
48000000000000   016     19339    59190241     29607    15467732   2144201     31482
48000000000000   021      2379     8659298      2753     1902617    111157      3006
48000000000000   090       485     1375756       460      574092     46994       751
48000000000000   089      5005    15257644       362      421408     29264      5171
49000000000000   000     28762    69878259      9056     5884822    540640     32004
49000000000000   023      1175     2251382        26       18426      2527      1189
49000000000000   029       267      690190       334      792255     38095       501
49000000000000   025      1093     2810406        34       32902      2854      1112
49000000000000   062       645     1944294         0           0         0       645
49000000000000   162       299      541342        15        8520      1276       306
49000000000000   005       959     1826072         7        6110       484       961
49000000000000   044      5562    11164414        25       27963      3084      5579
49000000000000   079        75       98558         1         800       146        76
49000000000000   032       687     1493538        27       42114      3514       707
49000000000000   040      1697     2745204        62       42058      4738      1723
49000000000000   022       766     1579252        11        5230       680       770
49000000000000   081         8       23338         0           0         0         8
49000000000000   061       428      652730       298      165896     29362       594
49000000000000   059      1890     4645407       164       71255     12598      1963
49000000000000   018      3284    14050620      3966     2825641    208715      4542
49000000000000   016      6152    14388904      3837     1694427    218183      7465
49000000000000   021      1353     3390194       150       94096      7500      1398
49000000000000   090        50      104662         2         468        70        50
49000000000000   089      2372     5477752        97       56661      6814      2415
50000000000000   000     52591   175922790     24392    32072782   2143563     64703
50000000000000   023      2501     7536420      1085     1108093    112712      3137
50000000000000   029       868     2773438       233      126498      9160       921
50000000000000   025      1759     8608975       331      718523     33990      1951
50000000000000   062       566     1770747         1         870        42       566
50000000000000   162       260      774732        25       22824      1893       270
50000000000000   005      6865    18536413       794     1233309     79261      7312
50000000000000   044      1803     6176611       249      240865     20639      1920
50000000000000   079       883     2510137       324      427344     33799      1074
50000000000000   032      1642     5785506       538     1213104     50192      1926
50000000000000   040      5580    15170542      3253     4823982    332812      7462
50000000000000   022       778     2259702        35       62377      4785       805
50000000000000   061       126      340817       119      115073      8652       175
50000000000000   059      2064     6117513      1143     1322501    107361      2671
50000000000000   018      7390    35834091      6061     7927382    448301      9923
50000000000000   016     13263    41531578      8697    11058096    773165     17631
50000000000000   021      1066     3386609       306      216535     23623      1199
50000000000000   089      5177    16808959      1198     1455406    103176      5760
51000000000000   000      9704    22382418      3254     1818544    244448     11085
51000000000000   023       465     1163259         3        2046       206       466
51000000000000   029       109      306772       223      197320     21311       230
51000000000000   025       364     1066232        36       42645      2976       381
51000000000000   062       111      323659         0           0         0       111
51000000000000   162        78      221168         0           0         0        78
51000000000000   005       723     1555282         5        5348       563       726
51000000000000   044      1685     3819748        90       92681     11580      1750
51000000000000   079       599     1180113        45       40735      3628       619
51000000000000   032       466     1180637        89      127377     11282       530
51000000000000   040       954     1737113         9        9700      1100       960
51000000000000   022       301      694122        31       38967      4001       324
51000000000000   061       101      230353         4        4422       408       103
51000000000000   059       632     1656036        28       21117      2275       645
51000000000000   018       744     2404750       672      541899     44527       996
51000000000000   016      1438     2733085      1915      601703    130956      2178
51000000000000   021       142      354843        18       13253      1390       150
51000000000000   090        32       53053         0           0         0        32
51000000000000   089       760     1702193        86       79331      8245       806
