01000000000000   000     71626   197247349     24215    16856626   1632511     81001
01000000000000   023      3426     9623327       158      109950     19750      3538
01000000000000   029       434     1477947       116      188011     10972       496
01000000000000   025      2935     9453701       158      177510     18870      3042
01000000000000   062       766     2380584         0           0         0       766
01000000000000   162       616     1458057        37       18735      2306       629
01000000000000   005      4431    11517642        21       18757      2143      4443
01000000000000   044      3442     8677662        56       44499      4959      3470
01000000000000   087       447     1218842         1        1500        20       447
01000000000000   079      3774     9981840        36       49323      3666      3794
01000000000000   032      4965    12832776       526      481165     65715      5337
01000000000000   040     10690    23330676      1233     1745985    101768     11265
01000000000000   022      1375     3414136        40       22142      3314      1394
01000000000000   061       403      855571       404      339191     28715       565
01000000000000   059      2146     6427496       440      288146     36471      2354
01000000000000   018      9581    40939633      6502     5870120    376539     11759
01000000000000   016     16323    37013664     13188     6575540    868074     21325
01000000000000   021      3244     9689651       690      429885     29311      3411
01000000000000   090       633     1252258         7        6567       846       638
01000000000000   089      1995     5701886       602      489600     59072      2328
02000000000000   000     20861    80029142      5150     4595354    308984     22647
02000000000000   023       965     3730520        28       38959      2153       978
02000000000000   029       516     1855350        60       66107      4462       543
02000000000000   025      1170     4901340        76      113808      5437      1203
02000000000000   062       248     1415977         0           0         0       248
02000000000000   162       172      517032        80       22743      1927       184
02000000000000   005      1279     5072600         2        3168       172      1280
02000000000000   044      2728    11108295        28       31805      2785      2745
02000000000000   079      1878     6181611       158      181306     18796      1991
02000000000000   032       628     2376629        41       57573      3058       646
02000000000000   040       226      805746        10       15852      1071       232
02000000000000   022       373     1289040         5        8295       444       376
02000000000000   061        77      273757         0           0         0        77
02000000000000   059      1959     7604059        94      111334      8109      2006
02000000000000   012      1805     7072034       527      446895     31646      1995
02000000000000   112       953     2421779       499      432845     30036      1136
02000000000000   212       284      963777        71       73210      4579       312
02000000000000   312       247      701853       164      174750     11485       316
02000000000000   412        85      167877       121      119580      8103       135
02000000000000   512         1        2655        16       11064      1099         8
02000000000000   612        22       34607         2         827        67        22
02000000000000   712         0           0        34        4683       668         3
02000000000000   812       314      551010        91       48731      4035       340
02000000000000   018       901     4968112      1442     1446690     46441      1163
02000000000000   016      2172     7293199      1993     1513572    145579      2994
02000000000000   021       472     1697735        55       41528      2982       490
02000000000000   089      2339     9444327        52       62874      3886      2360
03000000000000   000     54185   161367673     23187    18643803   1529275     62823
03000000000000   023      3453     8973916        26       37633      2026      3465
03000000000000   029       547     1499826       116      169096      7795       591
03000000000000   025      1253     5070322       110      195569     10344      1312
03000000000000   062       990     3922517         0           0         0       990
03000000000000   162       810     2540348        12        5400       299       812
03000000000000   005      8799    23474299        94      170119      9883      8855
03000000000000   044      3034     8570897         0           0         0      3034
03000000000000   079      5827    13374335       154      123348     11416      5892
03000000000000   032      2121     5325777        37       51374      3994      2143
03000000000000   040       648     1457647        38       52594      3436       667
03000000000000   022      1875     4351635       186      196293     16357      1967
03000000000000   061       311      715317       160      121396      9943       367
03000000000000   059      2090     6013070       732      615822     58037      2418
03000000000000   092         8       28000         5         480        75         8
03000000000000   018      4913    26397176      5928     7306190    448935      7449
03000000000000   016     11281    33570042     15069     8855189    898377     16356
03000000000000   021      2640     6365267       403      621266     39262      2861
03000000000000   089      3585     9717282       117      122034      9096      3636
04000000000000   000     46229   122465367     13725    10196210    927547     51477
04000000000000   023      1765     4213046       124      109735     14686      1847
04000000000000   029       498     1478821        82      114133      7850       543
04000000000000   025       382     1951888         8       10380       820       386
04000000000000   062       587     1769431         0           0         0       587
04000000000000   162       532     1226709         0           0         0       532
04000000000000   005      3653     7955246         9        6195       738      3658
04000000000000   044      3461     9551335        37       23800      3454      3481
04000000000000   079      3663     7092578         0           0         0      3663
04000000000000   032      4824    11089669        96       83102      8050      4870
04000000000000   040      4465    10644133       106      229990     15646      4553
04000000000000   022       893     2621489       247      256875     30467      1066
04000000000000   061       546     1089168       226      125591     20931       664
04000000000000   059      2106     5607228       318      249338     42297      2345
04000000000000   018      4900    21912618      3909     4689358    171494      5871
04000000000000   016      9171    21667623      7739     3728738    552053     12292
04000000000000   021      2713     6826219       683      431387     47701      2984
04000000000000   089      2070     5768166       141      137588     11360      2135
05000000000000   000    294094  1243154743    140762   156500639   9922801    350161
05000000000000   023     19200    63129480      4077     5277200    466353     21834
05000000000000   029      3484    14080867       352      665999     33463      3682
05000000000000   025      3162    15554971       291      644366     26035      3309
05000000000000   062      7116    36533893       297      400027     22223      7242
05000000000000   162      4933    15324144       578      585580     40810      5163
05000000000000   005     44589   179515775      3325     7632126    448325     47122
05000000000000   044     18756    91335115       995     2825179    133460     19510
05000000000000   087        68      239466        11        5940       463        71
05000000000000   079      3403    12014459       314      442916     22636      3531
05000000000000   032      9916    39736394      1369     2519037    127079     10633
05000000000000   040     26368   107328944      6201    11184996    587860     29690
05000000000000   022     15328    53155306      2744     5568676    403116     17606
05000000000000   081       347     1458166        58      144379      6572       384
05000000000000   061      1989     6645603      1560     1855316    177065      2989
05000000000000   059     11182    43940164      3892     4697400    526556     14158
05000000000000   018     19521   123670270     26666    37462247   1674728     28982
05000000000000   016     67544   265250869     81773    65020367   4654627     93841
05000000000000   021      4223    15231948       732     1127661     70731      4622
05000000000000   089     32965   159008909      5527     8441227    500699     35792
06000000000000   000     44189   161267722     35357    60938794   3172633     62112
06000000000000   023      1982     6993381       157      228388     12261      2052
06000000000000   029       421     1284691       111      236312     16302       513
06000000000000   025      2851    10300290       783     1447115     74905      3273
06000000000000   062       859     3068777         0           0         0       859
06000000000000   162       446     1535132        44       84600      4504       471
06000000000000   005      5400    17624157        79      171599      8479      5448
06000000000000   044      2947     9882334       193      320870     17826      3048
06000000000000   079      1790     6099636       204      288409     15285      1877
06000000000000   032      1038     4363859       158      308410     13511      1114
06000000000000   040      3205     9573764       939     1620337     96404      3750
06000000000000   022       885     3265224        64       95352      4768       912
06000000000000   061       191      770321        93       71536      4769       218
06000000000000   059      1273     5089628       299      316713     15087      1358
06000000000000   018      8966    44945355      9615    26006591    772739     13332
06000000000000   016      9471    27605227     21812    28711703   2057596     21096
06000000000000   021       989     3295248       678      848311     48274      1262
06000000000000   089      1475     5570698       128      182548      9923      1529
07000000000000   000     57290   209119532     17652    17868041   1008355     63486
07000000000000   023      2603     8609056        61      135735      6827      2648
07000000000000   029       996     3878804       252      743892     40281      1227
07000000000000   025      3836    14197036       103      261692     12872      3919
07000000000000   062      1054     5040408         0           0         0      1054
07000000000000   162       611     2171833        48       82910      4953       643
07000000000000   005      8712    28164102        64      145436      5858      8750
07000000000000   044      3613    12193607         0           0         0      3613
07000000000000   001        35      179181         0           0         0        35
07000000000000   079      4568    15486740       188      456476     22190      4710
07000000000000   032      1945     7038681        57      137926      6739      1985
07000000000000   040      9254    34227347      1934     3758903    197715     10477
07000000000000   022       982     3486461        16       49923      1939       995
07000000000000   081        47      237850         9       17628       859        52
07000000000000   061       138      445165        14       24097      2037       150
07000000000000   059       764     2818442        10       26366      1399       773
07000000000000   012      2287    11096104       650      814927     67910      2765
07000000000000   112       807     1652108       313       71523      8900       869
07000000000000   212       290     1016512         0           0         0       290
07000000000000   312       248      232128         0           0         0       248
07000000000000   412       101       94536       253       65357      7873       156
07000000000000   512         1        1128         0           0         0         1
07000000000000   612        53      189314         0           0         0        53
07000000000000   712         0           0        60        6166      1027         7
07000000000000   812       114      118490         0           0         0       114
07000000000000   018      3698    18403196      4952     5958925    246204      5169
07000000000000   016      6323    23722606      8517     4431500    334120      8330
07000000000000   021      2718     8083187       253      388364     25447      2882
07000000000000   089      2299     7987618       211      361818     22105      2440
08000000000000   000     19768    59994686      7562     5932748    456787     22519
08000000000000   023       739     1869810        79       81160      8280       790
08000000000000   029       213      696764       117      188538      9292       266
08000000000000   025      1416     4290470        19       27803      1560      1426
08000000000000   062       595     2788634         0           0         0       595
08000000000000   162       265      718078        47       57984      5292       295
08000000000000   005      2235     6307608       174      177080     16892      2334
08000000000000   044      1306     3030810       306      154424     17836      1411
08000000000000   079      1467     4089656       141      200232     15232      1560
08000000000000   032      1592     5275624       293      262740     22586      1729
08000000000000   040      2112     4698118       169      210562     14884      2201
08000000000000   022       164      415388         0           0         0       164
08000000000000   081        80      232364        15       10835      1229        87
08000000000000   061       187      483354       124       63828      6804       228
08000000000000   059       421     1222234        82       66390      5860       457
08000000000000   094       477     1392300        20       25772      2657       493
08000000000000   018      1519     7550092      2218     2392486    150681      2427
08000000000000   016      3453    10524030      3445     1847490    163412      4443
08000000000000   021       317     1092708         6       13052       708       321
08000000000000   089      1210     3316644       307      152372     13582      1292
10000000000000   000    161745   488944572     41138    41580972   3169774    179654
10000000000000   023      6919    20476720       308      267705     23173      7049
10000000000000   029      1476     5147871       512     1168376     59495      1812
10000000000000   025     15807    51617569       568      972726     58251     16136
10000000000000   062      2208     7356366         0           0         0      2208
10000000000000   162      1719     3737910       117      125191     11247      1783
10000000000000   005     30963   101305337      1208     1297809    160803     31872
10000000000000   044     10046    28909354       430      381422     46700     10310
10000000000000   087         1        3819         0           0         0         1
10000000000000   079     12404    28436953       100      105435      9128     12455
10000000000000   032     17254    42055893      1184     1798518    131483     17996
10000000000000   040      5946    14219220        43       61791      3996      5969
10000000000000   022      3771    12177000        20       29221      1766      3781
10000000000000   061      1075     2082768        11        6884       924      1080
10000000000000   059      6448    15658423      2404     1826100    225922      7724
10000000000000   094       509     1413626        28       22592      2504       523
10000000000000   018     13185    64013095     14820    16918464    992027     18790
10000000000000   016     20188    55006381     18064    14996866   1323700     27669
10000000000000   021      1940     6185960       213      173385     22470      2066
10000000000000   089      9886    29140307      1108     1428487     96185     10430
11000000000000   000    101216   286137918     35692    30227249   2547402    115608
11000000000000   023      2671     8160440       462      612802     62300      3023
11000000000000   029       623     2238137       380      437506     23553       756
11000000000000   025      1177     5703537        98      168818      8639      1226
11000000000000   062      1074     3489308         0           0         0      1074
11000000000000   162      1073     2896716        50       73620      6052      1107
11000000000000   005     18164    41893842       799     1014382     78600     18608
11000000000000   044      6093    14736319       172      190430     24863      6234
11000000000000   087       733     2184467         3        2476       337       735
11000000000000   079      8974    20778685       221      288823     26820      9125
11000000000000   032      3530    11074261       231      394326     34636      3725
11000000000000   040     10933    26566592      1477     2327999    176135     11928
11000000000000   022      1951     5351680       105      144238     13980      2030
11000000000000   061       817     1977281      1361     1047035    136666      1589
11000000000000   059      3919    10847151      1136      931647    105315      4514
11000000000000   018      9838    47527735      8971    10106334    532016     12845
11000000000000   016     19905    49467481     17150    10545757   1136820     26330
11000000000000   021      6097    20029085      2628     1503206    129411      6826
11000000000000   089      3644    11215201       448      437850     51259      3933
12000000000000   000     48270   135627316     18197    11468006    777042     52806
12000000000000   023       656     1858064         5        2592       222       657
12000000000000   029       989     2552722        65      101726      5384      1019
12000000000000   025      2210     6675072        65       72926      3044      2227
12000000000000   005      2278     5538582        19       35076      1998      2289
12000000000000   044       899     2410244        14        5724       706       903
12000000000000   001      1036     2316174        15        5312       748      1040
12000000000000   087       214      541076        10        4804       608       217
12000000000000   079       787     2073046         0           0         0       787
12000000000000   032      2838     7768212       117      160140     10668      2898
12000000000000   040      3061     7520656       213      359134     17510      3157
12000000000000   022       404     1002836        31       52822      4170       428
12000000000000   061       153      354058       124       56530      5908       186
12000000000000   059      1068     3409650       360      426616     26586      1218
12000000000000   012     17152    49626126      6204     4036952    231742     18548
12000000000000   112      4673     9354318      4317     1644838    160300      5639
12000000000000   212      1828     4670772        57       27878      1932      1840
12000000000000   312      1356     2047814      2083      776584     91042      1904
12000000000000   412      1362     2269034         0           0         0      1362
12000000000000   612        79      296706       283      509840     24026       224
12000000000000   712         0           0       481       69484     11580        70
12000000000000   812        48       69992      1413      261052     31720       239
12000000000000   018      2023     9848914      1315     1385492     51314      2313
12000000000000   016      3406    10542590      4928     2874484    234996      4734
12000000000000   021       135      397500         2        2942       160       136
12000000000000   052       489     1124792       236      123472      9498       546
12000000000000   089      3799    10712684       157      116424     11480      3864
13000000000000   000     20109    58103191      8884     9628362    677213     23933
13000000000000   023      1429     4025253       241      159303     19451      1540
13000000000000   029       156      494571       133      141789      7670       199
13000000000000   025       443     1906827        18       12722       999       449
13000000000000   062       250     1175337         0           0         0       250
13000000000000   162       212      690482        36       39808      2212       224
13000000000000   005      1579     4244136        82       77886      8408      1627
13000000000000   044      1558     4177238       139      179369     17796      1659
13000000000000   079      1585     4205114       234      379526     24153      1721
13000000000000   032      1164     3023687       181      187665     17167      1261
13000000000000   040       864     1991874       180      171368     15963       954
13000000000000   022       489     1718706       187      134618     16828       584
13000000000000   061       162      427094       103       41499      5187       191
13000000000000   059      1391     4230290       947     1200316     98637      1948
13000000000000   018      2366     8993553      1234     2453354    106865      2970
13000000000000   016      4982    12561447      4399     4212016    306855      6715
13000000000000   021       514     1606335       372      117209     14652       596
13000000000000   090       114      316133       120       29634      3704       135
13000000000000   089       851     2315114       278       90280     10666       910
14000000000000   000    120466   406600167     47295    31554151   3370931    140207
14000000000000   023      5765    18551293       374      292605     26007      5921
14000000000000   029      2128     7172182        23       32160      1664      2138
14000000000000   025      2982    16118206       129      239711      8591      3036
14000000000000   062      2172     9892242         0           0         0      2172
14000000000000   162      1731     5844686         2         955       102      1732
14000000000000   005     15751    51501846        23       59440      1588     15761
14000000000000   044      7218    24691510      1652     2670353    198489      8339
14000000000000   087        95      355870         4        8496       454        98
14000000000000   079     12264    40690324       358      490266     40468     12508
14000000000000   032      3048    10511549        16       35294      2056      3061
14000000000000   040     14676    41551583       778      854744     43873     14936
14000000000000   022      2445     8693730       328      865941     38144      2675
14000000000000   061       662     1965906        65      115524      8922       716
14000000000000   059      2957     9460935      1223     1050019    147614      3799
14000000000000   018     12592    59502258     13568    11622486    883648     17811
14000000000000   016     23729    64691598     28427    12691546   1939392     35077
14000000000000   021      3000    10275259        34       67191      3607      3021
14000000000000   089      7251    25129190       291      457420     26312      7406
15000000000000   000     69899   198132994     34768    29438024   2050819     81570
15000000000000   023      2597     6821468       112       56303      7438      2641
15000000000000   029       427     1173225       123       36516      2559       444
15000000000000   025      1179     5686196        77       53254      2675      1195
15000000000000   062      1219     4477507         0           0         0      1219
15000000000000   162       819     1671028         5        3813       438       822
15000000000000   005      5978    14470296        11       23557      1115      5984
15000000000000   044      4331     9075818         0           0         0      4331
15000000000000   087        31       96971         1         673        84        32
15000000000000   079      4968    10974652        37       35782      3243      4988
15000000000000   032      1686     5027629         8       12653       720      1690
15000000000000   040      4935    10306228        88       92354      7029      4977
15000000000000   022      1433     3456984       170      157057     18976      1548
15000000000000   061        91      229200        17        8659       757        95
15000000000000   059      2373     6700628       745      547378     56529      2703
15000000000000   018     12332    59115078     12349    17790844    866342     17250
15000000000000   016     22757    51349442     20967    10529362   1077583     28877
15000000000000   021      1168     3266667        42       62609      3826      1191
15000000000000   089      1575     4233977        16       27210      1505      1583
16000000000000   000     40984   145431065     22346    29656439   2136248     53059
16000000000000   023      1294     4409146       184      185482     19644      1406
16000000000000   029       500     1891132       311      559598     51136       789
16000000000000   025      2271     8090850       225      328071     24148      2408
16000000000000   062       649     2339726         0           0         0       649
16000000000000   162       310      957325        52       37968      3529       330
16000000000000   005      3021     9038498       161      298745     17932      3123
16000000000000   044      2852     7554230         0           0         0      2852
16000000000000   079      2709     8044786        92      197196     10567      2769
16000000000000   032       321     1189420        15       25995      1384       329
16000000000000   040      5905    20046996      2072     5088276    258735      7367
16000000000000   022       345     1239202         7        9815      1240       352
16000000000000   061       105      326113         7        5962       693       109
16000000000000   059      2156     6987423      1472     2107088    144382      2972
16000000000000   018      4327    25974016      3732     9703632    435193      6785
16000000000000   016     10274    34136079     13709    10679759   1138541     16707
16000000000000   021      1132     3727095        93      106694      7388      1175
16000000000000   089      2813     9479028       214      322158     21736      2937
17000000000000   000     36690   108851158     16691    11644809   1152552     43207
17000000000000   023      1984     5323275        53       75435      5843      2017
17000000000000   029       278      915613       280      341782     24505       418
17000000000000   025      1994     5732201       209      136170     15124      2080
17000000000000   062       610     1909689         0           0         0       610
17000000000000   162       365      804918        23       14778      1655       374
17000000000000   005      3519     8842838        21       27660      2293      3533
17000000000000   044      3385     9587654       108       90322      8914      3435
17000000000000   079      2647     7160326        11        4030       483      2650
17000000000000   032       937     2922719        57       23382      1769       947
17000000000000   040      2898     7321963       141      103170      7508      2941
17000000000000   022       130      324570         0           0         0       130
17000000000000   061       393     1201000       450      134200     23136       524
17000000000000   059       834     2435755        90       52095      5259       865
17000000000000   018      3810    20158544      2215     3492648    186725      4866
17000000000000   016      9062    23663122     12763     6927913    845313     13837
17000000000000   021       596     1721038        54       41945      4514       621
17000000000000   089      3248     8825933       216      179279     19511      3359
18000000000000   000     62149   182428569     24607    16301671   1323984     69908
18000000000000   023      2957     7677562       198      148114     19688      3076
18000000000000   029      1085     3744890       328      773752     43468      1347
18000000000000   025      3800    10814844       797     1048740     94528      4369
18000000000000   062       999     3425414        10       24270      1598      1009
18000000000000   162      1072     2870558        23       29070      2946      1089
18000000000000   005      3488     7940478        48       71958      5130      3519
18000000000000   044      5358    13400368        43       68580      4990      5388
18000000000000   079      6391    15761330        45       76582      5450      6424
18000000000000   032      1683     5862084        23       31768      2324      1698
18000000000000   040      4425    11578890       395      387370     25508      4570
18000000000000   022      1242     3447230        16       19008      1644      1251
18000000000000   061      1565     2612516        54       45822      6634      1605
18000000000000   059      3356     8727823       607      325043     40770      3594
18000000000000   018      6234    32801873      4725     5976348    361917      8334
18000000000000   016     11280    30058391     15397     5216404    641139     15022
18000000000000   021      3742    11478348      1708     1924242     55542      4078
18000000000000   089      3472    10225970       190      134600     10708      3535
19000000000000   000     86362   223662887     27094    16873615   1633146     95588
19000000000000   023      2415     5757851       264      356668     25889      2562
19000000000000   029      1231     4270523       555      647088     43152      1477
19000000000000   025      1642     5687964        80       41021      4524      1668
19000000000000   062       678     1746521         0           0         0       678
19000000000000   162       424      815355         9        4603       496       427
19000000000000   005      6751    13001164        92       34408      6801      6789
19000000000000   044      5658    13170479        28       26612      4325      5682
19000000000000   087       396     1185985         3        1968       145       396
19000000000000   079      5952    14685181        14       18794      1415      5959
19000000000000   032      5854    16261543       421      507818     34224      6048
19000000000000   040     20505    45375527      2722     3582902    299416     22196
19000000000000   022       947     2514043       110       79425      7273       988
19000000000000   061      1013     2028733       305      216975     28883      1177
19000000000000   059      4531    11511079       984      591911     69898      4924
19000000000000   018      7794    37302216      4808     4758806    332193      9671
19000000000000   016     14623    32543686     15645     5337124    710302     18635
19000000000000   021      3351     9401382       711      438544     37330      3563
19000000000000   089      2597     6403655       343      228948     26880      2748
20000000000000   000     17688    50519644      7004     4781459    421071     20093
20000000000000   023      1076     2949763        28       38891      3252      1094
20000000000000   029       319      997912       211      222779     14136       399
20000000000000   025       585     1938435        45       47103      4010       609
20000000000000   062       308     1123510         0           0         0       308
20000000000000   162        54      115199         0           0         0        54
20000000000000   005      1175     2916345        13       11832       784      1199
20000000000000   044      2478     6604004       164      323065     27974      2636
20000000000000   087        63      140837        18       23902      1957        74
20000000000000   079      1961     5042013        61       88504      6031      1995
20000000000000   032      1149     3320403        62      119995      6201      1184
20000000000000   040       391     1063169        28       37202      1751       401
20000000000000   022       524     1428665         2        1709       186       525
20000000000000   061        92      270567        16       21960      1872       103
20000000000000   059      1189     3332000       240      236764     17673      1289
20000000000000   012        27       78090         9       12660      1395        36
20000000000000   112         6       10999        26       32144      3674        30
20000000000000   212         1        1731         2        1946       177         2
20000000000000   312         0           0         2        1455       142         1
20000000000000   412         0           0         6        8759       875         6
20000000000000   512         5        9268        16       19984      2480        21
20000000000000   018      1075     4717755       227      271578     15903      1165
20000000000000   016      3051     8407069      5438     3018265    290966      4696
20000000000000   021      1080     2938209       379      228574     19803      1191
20000000000000   090       119      278807        13       11488      1198       126
20000000000000   089       966     2845893        24       33044      2305       979
21000000000000   000     78211   250761683     17312    27315966   1888334     88903
21000000000000   023      3381    10310402       107      207406     14441      3463
21000000000000   029      1311     4480868       373      575503     21291      1431
21000000000000   025      3467    11241091       558     1005045     80510      3922
21000000000000   062      1605     7175273         0           0         0      1605
21000000000000   162       800     2073030        31       57369      3826       822
21000000000000   005     10693    32466305       835     1522854    132437     11442
21000000000000   044      4748    16674916         0           0         0      4748
21000000000000   001       462     1796783         0           0         0       462
21000000000000   087       295     1124936         0           0         0       295
21000000000000   079      6301    16601525      1144     2004062    176636      7299
21000000000000   032      5248    15517789       916     1351875    109228      5865
21000000000000   040      5529    14919329       609      661100     56127      5846
21000000000000   022      1006     2958597       266      500619     39564      1230
21000000000000   061       446     1563188       184      292128     28317       606
21000000000000   059      1967     6674315       229      423421     31843      2147
21000000000000   094      2021     7689019       237      301132     23022      2151
21000000000000   018     11029    40583593      3220     7893139    289413     12674
21000000000000   016      9159    29664399      7106     8170104    702738     13140
21000000000000   021      1828     6053401       276      392069     24762      1968
21000000000000   089      6915    21192924      1221     1958140    154179      7787
22000000000000   000     78383   278204406     27240    26198747   1531007     87393
22000000000000   023      4367    15384853       335      642732     37132      4577
22000000000000   029      1862     5881686       249      974678     31662      2052
22000000000000   025      6492    21413523       229      411767     23888      6630
22000000000000   062      4008    15960954        14       21951      1220      4013
22000000000000   162       673     1962876        12       18704      1454       682
22000000000000   005      6866    23369311        75      126652      7529      6909
22000000000000   044      4218    15796048       219      477467     27309      4372
22000000000000   001      1114     5859175       158      226472     11954      1182
22000000000000   087       159      739510         7        9549       735       163
22000000000000   079      6993    22642615       608     1204141     67999      7378
22000000000000   032      6957    20350966      1180     2152695    131210      7699
22000000000000   040      8077    31999298      1087     1861015    120803      8759
22000000000000   022      1434     4852524       108      215876     11790      1501
22000000000000   081         2       10246         0           0         0         2
22000000000000   080      1200     4852271        48      141591      5846      1233
22000000000000   061       920     2607705       106       80348      8460       968
22000000000000   059      1152     4616275       103      243253     11095      1218
22000000000000   091       700     2677020        38       70350      3940       722
22000000000000   018      5589    25894366      9009    10534454    578781      9053
22000000000000   016     10758    33165352     13430     6305698    425362     13302
22000000000000   021      1022     3879645       100      200033     10198      1083
22000000000000   089      3820    14288187       125      279321     12640      3895
23000000000000   000    108510   410819949     64005    56773949   5069809    137275
23000000000000   023      2429     8767693       924     1533754     86670      2917
23000000000000   029      1477     4878274        18       22902      1366      1485
23000000000000   025      1991     8104291        36       35362      1718      2001
23000000000000   062      2122     9384174         0           0         0      2122
23000000000000   162       956     3311418       165      153796     13658      1033
23000000000000   005     17666    62545900       227      445637     20883     17784
23000000000000   044      2986    11049804       137      188132     10060      3043
23000000000000   079     12834    42790035       236      392106     20362     12949
23000000000000   032      1661     6470212       222      286920     14865      1745
23000000000000   040      9921    32935059      3992     7069315    505704     12778
23000000000000   022      1255     4303635        76       62109      3148      1273
23000000000000   061       414     1167890        61      106841      6739       452
23000000000000   059      4167    15444274      1170      996054     91545      4685
23000000000000   012       432     1100283        97       58725      5195       462
23000000000000   112       102      214937        59       39041      4735       128
23000000000000   212        53      132903        20       15123      1523        62
23000000000000   312        13       27781         5        3552       447        16
23000000000000   412        13       24659        16       11254      1518        21
23000000000000   512        16       17442         2        1506       177        17
23000000000000   612         1        1196         0           0         0         1
23000000000000   712         0           0         8        2199       477         2
23000000000000   812         6       10956         8        5407       593         9
23000000000000   018     13256    83981308     14709    20940447   1374355     21077
23000000000000   016     27704    87199275     40472    23610156   2853686     43892
23000000000000   021       425     1710532        68       93189      4893       453
23000000000000   089      6712    25460955      1336      739463     50227      6996
24000000000000   000     57297   216436828     22685    26154367   2373397     70710
24000000000000   023      2455     8709501       148      254247     22326      2582
24000000000000   029      1221     4243296       220      377093     27094      1376
24000000000000   025      1770     7558082       381     1131729     56812      2091
24000000000000   062       491     2435533         0           0         0       491
24000000000000   162       385     1239249        27       35663      2754       401
24000000000000   005      3536    11986027       132      250122     17001      3632
24000000000000   044      4957    18188526       213      324650     25206      5099
24000000000000   079      1697     5865442       921     1603173    151139      2551
24000000000000   032      2080     7845540       166      337650     20322      2195
24000000000000   040      3637    13079026      1246     2305565    205253      4797
24000000000000   022      1207     4361376       104      194272     12389      1277
24000000000000   061       490     1743000       141      180658     14382       571
24000000000000   059      2739     9836554       578      700082     53250      3040
24000000000000   018      8821    49602164      7033     9314633    617128     12307
24000000000000   016     15219    45543030     10238     7806456   1022348     20995
24000000000000   021      3307    12252676       933     1027879    103420      3892
24000000000000   089      3285    11947806       204      310495     22573      3413
25000000000000   000     48777   128796321     11625     9272764    953494     54222
25000000000000   023      1172     3313445         1        1744       112      1173
25000000000000   029       436     1305408       100      103685      8285       482
25000000000000   025       476     2254156         0           0         0       476
25000000000000   062       647     1810581         0           0         0       647
25000000000000   162       520     1255028         0           0         0       520
25000000000000   005      4051     7585192        27       28498      3078      4068
25000000000000   044      3288     7251212         9       10429      1426      3296
25000000000000   087        56      154461         3        2525       346        58
25000000000000   079      3082     6294730         0           0         0      3082
25000000000000   032      3055     7564186        90      189208     10562      3114
25000000000000   040     10320    23808080       365      784170     45904     10580
25000000000000   022       786     2044675       231      425700     37754       999
25000000000000   061       301      551933       234       99146     12876       374
25000000000000   059      3115     7422132       853      465562     57144      3437
25000000000000   018      4849    24197957      2362     2574869    198045      5973
25000000000000   016      8340    21941105      7230     4478457    567215     11601
25000000000000   021      1595     4095894        31       22647      2912      1612
25000000000000   090       119      246486         0           0         0       119
25000000000000   089      2569     5699660        89       86124      7835      2611
26000000000000   000     82496   212432729     27747    15366793   1775711     92543
26000000000000   023      2547     5929820        85       78152      6844      2586
26000000000000   029      1017     2483248       124      133431     10318      1078
26000000000000   025      3210     9807116       383      465336     45338      3465
26000000000000   062      1210     3978364         0           0         0      1210
26000000000000   162      1134     2674471        15       11529      1548      1143
26000000000000   005     11255    22859488       550      447817     36426     11461
26000000000000   044      6405    17590496       493      330586     38892      6625
26000000000000   079      7742    15784864       508      436271     46913      8007
26000000000000   032      3257     7821895       198      195946     12797      3329
26000000000000   040     11964    26549635      1797     1568465    179108     12976
26000000000000   022      1135     2754791        26       37500      3640      1156
26000000000000   061       562     1339294       221       60128      8371       609
26000000000000   059      2535     6668478       384      339600     33380      2725
26000000000000   018      8006    34479648      7011     5613706    465339     10637
26000000000000   016     13929    34348284     15495     5274155    859467     18796
26000000000000   021      2063     5099705       266      153109      6425      2099
26000000000000   089      4525    12263132       191      221062     20905      4641
27000000000000   000     15910    42493929      8136     5200489    496181     18715
27000000000000   023       849     2061678       120      107499     12140       918
27000000000000   029       305      861870       297      383640     27774       462
27000000000000   025       159      661184        70      136513      5469       190
27000000000000   062       188      525258         2        4339       283       190
27000000000000   162       204      532494        21       23063      1862       215
27000000000000   005       936     2267415        95      117741     10853       997
27000000000000   044      1847     5086891       150      145365     13860      1925
27000000000000   079      1355     3372366       190      238399     21736      1477
27000000000000   032       845     2042751       116      136383      9855       901
27000000000000   040       518     1287541        86       81449      8637       567
27000000000000   022       629     1588875        39       49133      4438       654
27000000000000   061        56      139387        21       13430      1379        64
27000000000000   059      1212     3337140       258      249578     23692      1346
27000000000000   018      1940     7917758      1069     1450759     80055      2392
27000000000000   016      3501     7148678      5380     1816284    252019      4925
27000000000000   021       356      915159       124      120207     11832       423
27000000000000   090        76      200398         4        6372       589        79
27000000000000   089       934     2547086        94      120335      9708       990
28000000000000   000     25932    62233706     10070     5546395    645395     29575
28000000000000   023       562     1538940        19       13609      1604       571
28000000000000   029       336      959119       108       95445      7739       379
28000000000000   025       663     2164516        65       41732      5000       691
28000000000000   062       434     1183269        18       22485      1441       442
28000000000000   162       222      518691         8        9784       948       228
28000000000000   005      1906     4437889        58       59750      5571      1937
28000000000000   044      2333     5955715        12       16313      1342      2341
28000000000000   001        31       88739         0           0         0        31
28000000000000   079      2730     5853969       127       39513      9296      2783
28000000000000   032       734     1907547        80       93052      8210       781
28000000000000   040      3962     8285366       944     1222550    117592      4626
28000000000000   022       254      705382        14       16352      1434       262
28000000000000   061       222      527452       165       54074      7783       266
28000000000000   059      1404     2980432       657      352011     47958      1675
28000000000000   018      2505     8317298      1014      898960     54518      2813
28000000000000   016      5281     9944042      5918     2150889    329562      7142
28000000000000   021       538     1645573        58       39948      3533       557
28000000000000   089      1815     5219767       805      419928     41864      2050
29000000000000   000     20201    66578760      5551     6258075    550919     23315
29000000000000   023      1187     3223044        22       24918      2118      1201
29000000000000   029       902     3296353        39       42120      3207       920
29000000000000   025       522     2386322        19       28423      1395       530
29000000000000   062       411     1473572         0           0         0       411
29000000000000   162       301      946946         1         956        91       302
29000000000000   005      3086    10094704        90      168123      8506      3134
29000000000000   044      1559     5163632         8        3525       503      1562
29000000000000   079       950     2698534        12       13683      1258       957
29000000000000   032      1113     3751402        68      110902      8046      1159
29000000000000   040       939     3137291       119      209185     13530      1015
29000000000000   022      1462     4771660        23       49268      2154      1474
29000000000000   061       195      532589        11       14227       999       201
29000000000000   059       867     2652523       391      332009     35722      1068
29000000000000   091        11       45232         1        2725        93        12
29000000000000   092        10       44346         0           0         0        10
29000000000000   018      1606     8234090      1447     2602344    139900      2396
29000000000000   016      2980     7037233      3234     2612444    329580      4842
29000000000000   021       112      403555         0           0         0       112
29000000000000   089      1988     6685732        66       43223      3817      2009
30000000000000   000     15545    46675207      8850     6624468    508388     18580
30000000000000   023       440     1155709        40       33400      4906       468
30000000000000   029       285      814296        64       66243      5740       318
30000000000000   025       899     2822700         5        2732       414       902
30000000000000   062       309     1202412         0           0         0       309
30000000000000   162       113      303284        18       15168      1554       122
30000000000000   005      1147     3165575        54       57569      4822      1175
30000000000000   044      1810     4911918       225      183151     18432      1914
30000000000000   087         5       15259         6        4419       492         8
30000000000000   079      1331     3416105        77       75489      6582      1369
30000000000000   032       851     2505344        74       68685      6091       888
30000000000000   040       753     1804844        85      118721      3806       776
30000000000000   022       414     1033028        49       53265      4231       439
30000000000000   061        75      190532       186      107780     15246       166
30000000000000   059       487     1324497       201      133165     12461       561
30000000000000   018      1431     5982985      1676     2065647     85469      1946
30000000000000   016      3003    10057880      5426     3213848    284078      4714
30000000000000   021       293      779582        18       21214      1649       303
30000000000000   090       305      754916       384      204501     31457       483
30000000000000   089      1594     4434341       262      199471     20958      1719
31000000000000   000    121048   483775021     25432    21564667   1461367    130131
31000000000000   023      4665    16953611       408      530054     48261      4976
31000000000000   029      1299     5634145        58       92704      6915      1343
31000000000000   025     13096    48624174       187      223310     17653     13210
31000000000000   062      1047     3167171        19       25229      2311      1062
31000000000000   162      2692    15042317         0           0         0      2692
31000000000000   005      9362    37140116        25       36947      3387      9384
31000000000000   044      6891    27982267       965      789815     77211      7332
31000000000000   087       127      478332         2        1772       177       128
31000000000000   079      5594    20123841       190      284709     20221      5724
31000000000000   032      2548    10421587       379      273969     25111      2710
31000000000000   040     14187    45010573      1555     1698532    127697     15001
31000000000000   022      1509     5284535       363      708062     51617      1842
31000000000000   081       640     2920158         0           0         0       640
31000000000000   061      1579     6095424      1065      986932     19303      1694
31000000000000   059      2534    10005049       535      576466     27768      2704
31000000000000   091       110      368299         0           0         0       110
31000000000000   094      9056    35779313       839      827085     65939      9429
31000000000000   012      8653    41067507       411      323922     12458      8741
31000000000000   112      3564    10221412       930      746112     72848      4047
31000000000000   212      1286     3398807         3        3700       336      1288
31000000000000   312      1745     5152974       108      190465     10498      1814
31000000000000   412       407     1027665       395      177213     23040       566
31000000000000   512        19       57074        10        3954       328        21
31000000000000   612       107      584892         0           0         0       107
31000000000000   712         0           0        49       16998      3268        23
31000000000000   812         0           0       365      353782     35378       228
31000000000000   018      6594    44480998      4640     5460606    219217      7950
31000000000000   016     15623    57364128     12463     7359996    617687     19442
31000000000000   021      3464    14020127       278      460165     33663      3681
31000000000000   089      6214    25589937       120      158280     11923      6289
32000000000000   000     39643   106089675     13369    10440263    784066     44075
32000000000000   023      1820     4527579        90       81594      6972      1859
32000000000000   029       225      723358       235      710941     37723       439
32000000000000   025      2384     6849309       113      119545     10126      2441
32000000000000   062       462     1569958         0           0         0       462
32000000000000   162       171      584303         0           0         0       171
32000000000000   005      4121    10310696        53       68912      6979      4161
32000000000000   044      2353     5722123         0           0         0      2353
32000000000000   001         6       19479         0           0         0         6
32000000000000   079      1417     3298738        21       19322       449      1420
32000000000000   032      2131     5696975       185      210618     13253      2205
32000000000000   040      5536    13182893       493      484233     24596      5675
32000000000000   022       506     1164379        13       16149      1514       515
32000000000000   061       692     1614476        36       50295      4623       718
32000000000000   059      1598     4475976       128      115425     12605      1670
32000000000000   018      3848    13218197      3119     3560536    194732      4949
32000000000000   016      9916    26526580      8779     4918380    460750     12519
32000000000000   021       888     2252173        74       58040      6598       926
32000000000000   089      1569     4352483        30       26273      3146      1586
33000000000000   000    233476   887804016     42304    43562500   2734621    249596
33000000000000   023     13193    43604727       458      731147     31866     13378
33000000000000   029      4670    15763568       687      919721    100749      5240
33000000000000   025     17495    82132172       589     1134812     56306     17813
33000000000000   062      4068    19679316         0           0         0      4068
33000000000000   162      1523     4436610       188      191722     19220      1632
33000000000000   005     35038   124564689       534     1100608     48765     35315
33000000000000   044     13096    44976830       960      874636     83685     13567
33000000000000   001       127      441168        10       24487      1180       134
33000000000000   087       858     3496811        35       68814      3299       876
33000000000000   079      6478    21893830       446      723588     45087      6734
33000000000000   032      9119    36748923       587     1220610     59452      9455
33000000000000   040     45514   151124579      5621     9638529    512593     48442
33000000000000   022      8391    28655526       141      271350     17059      8488
33000000000000   061      1890     5851184      1023     1303822    144869      2708
33000000000000   059      3082    11894591       295      466955     27274      3236
33000000000000   092      3185    20802295       157      280319     22071      3310
33000000000000   094     14407    68641922       480      444000     43034     14650
33000000000000   018     12514    67608548     13013    12978021    688890     16716
33000000000000   016     23394    77729360     16136     9690537    752629     27963
33000000000000   021      4562    16671408       298      495369     25943      4709
33000000000000   089     10872    41085959       646     1003453     50650     11162
34000000000000   000    109874   321097802     32917    27984215   2607514    124601
34000000000000   023      3124     8042819       120      143478      8775      3174
34000000000000   029       628     2180110       531      945351     75451      1054
34000000000000   025      5860    18932040       251      363769     17305      5958
34000000000000   062      2319     8345625        19       26491       841      2324
34000000000000   162      1034     2767266        19       25440      1097      1041
34000000000000   005     19087    49970302       131       86286      5952     19121
34000000000000   044     11915    28085743        12       23353      2123     11927
34000000000000   087       278      844546         2        2307       190       279
34000000000000   079      1381     3928650        65       33515      2085      1393
34000000000000   032      2518     8169989       211      220767     20627      2634
34000000000000   040     15199    40520176      1043      981478    119592     15876
34000000000000   022      2509     6345697       329      377896     27582      2665
34000000000000   081       235      732833         3        3630       280       237
34000000000000   061       873     2158284        20       25038      2292       885
34000000000000   059      3435     9318731      1099     2422511    144765      4253
34000000000000   018     11311    51939743     10343    12471888   1090663     17472
34000000000000   016     20792    55826866     18405     9448734   1056949     26762
34000000000000   021      2859     8410084        79       61059      5443      2889
34000000000000   089      4517    14578298       235      321224     25502      4657
35000000000000   000     12982    34541070      7559     5119820    480682     15697
35000000000000   023       548     1325341        83       83098     11711       613
35000000000000   029       178      444306       248      706834     25329       321
35000000000000   025       381     1275992        48       23688      2737       396
35000000000000   062       130      400705         0           0         0       130
35000000000000   162        90      203538         3        4691       447        93
35000000000000   005       526     1144913        43       26723      3234       545
35000000000000   044       913     2313024        23       18405      2063       925
35000000000000   079       379      680323        67       24063      3016       395
35000000000000   032      1144     2775367       193      169782     13289      1219
35000000000000   040      1062     2180013       183       40471      6459      1098
35000000000000   022       390      966005        41       34334      3676       411
35000000000000   061        99      217127        27       18353      2209       111
35000000000000   059       947     2746667       595      461449     79820      1397
35000000000000   018      1789     7570211      1786     2245917    140705      2584
35000000000000   016      3010     6681688      4073     1151646    174429      3996
35000000000000   021       300      729163        49       28677      2518       314
35000000000000   089      1096     2886687        97       81689      9040      1149
36000000000000   000    114303   372961550     62391    50883395   4030843    137103
36000000000000   023      7932    28090242       571      757950     61342      8279
36000000000000   029       768     2524783       184      114342     14228       848
36000000000000   025      2419     8968331       451      968371     54505      2727
36000000000000   062      1391     5986001         0           0         0      1391
36000000000000   162      1192     3359834        14       16034      1813      1202
36000000000000   005     17837    55597762        91      140804      9956     17894
36000000000000   044      7308    26755105       382      403679     33336      7496
36000000000000   079      1984     7249046       184      164263     21577      2106
36000000000000   032      3465    13642256       269      236404     20324      3580
36000000000000   040     10187    25055635      3142     5677761    355926     12199
36000000000000   022      2964     9828260        44       54892      3713      2985
36000000000000   061       627     1967336       211      245200     21600       749
36000000000000   059      3438    10065011       826     1074051     84213      3913
36000000000000   018     15388    72468715     17032    19347118   1046202     21312
36000000000000   016     30643    76500940     38526    21170692   2270839     43485
36000000000000   021      2193     8062414       137      190280      9654      2247
36000000000000   089      4567    16839879       327      321554     21615      4690
37000000000000   000     57413   155861583     22013    15758111   1218397     64361
37000000000000   023      1766     4873126        87      102243      6478      1803
37000000000000   029       813     2479813       198      263378     23171       945
37000000000000   025      2357     7820321       240      251608     19618      2468
37000000000000   062       952     3026279        18       17005       845       957
37000000000000   162       801     1735017        43       28015      2167       814
37000000000000   005      5924    13680023       300      286610     21631      6045
37000000000000   044      3017     7059473        80       82518      5496      3048
37000000000000   079      6350    13703586       442      333957     38248      6566
37000000000000   032      3796     9850099       327      369417     29099      3961
37000000000000   040      3432     8146159       162      158437     16323      3525
37000000000000   022      1276     3338817       170      151791     14011      1355
37000000000000   081        80      206403         5        4105       549        83
37000000000000   061       866     1346147       407      140873     19480       976
37000000000000   059      1812     4975892       712      403602     33156      1999
37000000000000   092       469     1754442         3        3016       256       471
37000000000000   018      5892    24958267      5276     6271489    340428      7831
37000000000000   016     13379    34857198     13174     6509004    618598     16920
37000000000000   021      2035     5575615       170      147791     11206      2097
37000000000000   089      2396     6474906       199      233252     17637      2497
38000000000000   000     44927   140741062     22864    25316511   1803693     55119
38000000000000   023      3700    12048788       535      732330     59947      4039
38000000000000   029      1321     3535235       232      289348     17556      1419
38000000000000   025      2697     8397633       256      678908     44300      2948
38000000000000   062       798     3111923        56      164470      9617       852
38000000000000   162       475     1303007       120      119851      7893       520
38000000000000   005      4140    12884525       260      348464     33748      4330
38000000000000   044      3274    10155978       434      777801     45753      3532
38000000000000   001        15       46500         0           0         0        15
38000000000000   079      5040    14341849       510     1325510     60254      5380
38000000000000   032      1786     5616596       158      301681     21280      1906
38000000000000   040      4308    10784572      1868     3463490    428288      6728
38000000000000   022      2130     7233997        82      170252      7653      2173
38000000000000   061       347     1001000        31       40526      3720       368
38000000000000   059      2560     8107681       580      541426     52035      2853
38000000000000   018      5006    23024612      7376    12159330    607967      8441
38000000000000   016      4694    10970474      9998     3674305    367430      6770
38000000000000   021       888     2642083       161      362751     23178      1019
38000000000000   090       137      449782         6        5400       285       139
38000000000000   089      1611     5084827       201      160668     12789      1687
39000000000000   000    130812   436636782     48320    43498872   2709590    146798
39000000000000   023      6900    22224035       672      950958     97628      7487
39000000000000   029      2881     8819168      1350     2135412    117245      3574
39000000000000   025      2514    12391847        55      127686      5080      2546
39000000000000   062      4215    16723299         0           0         0      4215
39000000000000   162      1102     4372949       167      232984     23298      1242
39000000000000   005     14566    44700295       272      534861     39794     14806
39000000000000   044     12830    38401770       807     1487439     99163     13418
39000000000000   001        34      130325         0           0         0        34
39000000000000   087        72      318953         0           0         0        72
39000000000000   079     11755    37279430       165      350959     22515     11890
39000000000000   032      1369     4745709        17       13854       801      1374
39000000000000   040     13756    36572278       774     1064734     65507     14146
39000000000000   022      4138    13500722       202      407316     33542      4340
39000000000000   061       885     2784902       503      900795     65645      1280
39000000000000   059      6163    21138681      1188     1749564     81521      6643
39000000000000   018     12488    74523127      9834    17552381    670088     16363
39000000000000   016     25135    66541807     30849    14867237   1276352     32687
39000000000000   021      2739     8781464       252      229448     24657      2888
39000000000000   090      2656     7092288       846      385761     43660      2919
39000000000000   089      4614    15593733       367      507483     43094      4874
40000000000000   000     17891    64964001      6385     4454270    314401     19786
40000000000000   023       863     2872443         3        4835       221       864
40000000000000   029       681     1958668       205       20678      1093       688
40000000000000   025      1096     3948531        36       44534      2041      1109
40000000000000   062       206     1005632         0           0         0       206
40000000000000   162        68      229074         1         245         7        68
40000000000000   005      1798     7321039         0           0         0      1798
40000000000000   044       837     2769221         9       11238       534       841
40000000000000   079      1540     6366671        55      142055      5957      1579
40000000000000   032      1390     5164916        53       31115      1218      1397
40000000000000   040      1293     4269934        16       26214      1417      1301
40000000000000   022       633     1963152        42       69820      5302       667
40000000000000   081        87      343137         0           0         0        87
40000000000000   080       241      861062         0           0         0       241
40000000000000   061        71      187851         1         554        44        71
40000000000000   059       494     1749084        28       30994      2531       508
40000000000000   094       559     1884349        22       33492      3641       580
40000000000000   012       337     1292527        41       39839      2125       353
40000000000000   112        68      172382        84       54830      5834       112
40000000000000   212        30       92490         4        4147       399        33
40000000000000   312        27       59118         0           0         0        27
40000000000000   412         0           0        25       10342      1461        11
40000000000000   512         5        9126        26       20373      2559        24
40000000000000   812         6       11648        29       19968      1415        17
40000000000000   018      1812     7654230      2476     2434167    124908      2572
40000000000000   016      2157     6380935      3113     1259424    140304      2973
40000000000000   021       519     2531868       127      195578     13641       607
40000000000000   089      1141     4037295        73       54658      3583      1164
41000000000000   000     73013   186914621     19608    11266550   1000390     78975
41000000000000   023      2161     6484074        23       22902      1018      2166
41000000000000   029       491     1431634       568      292769     29564       670
41000000000000   025       681     2533464        10        8836       774       686
41000000000000   062      1413     4016712         0           0         0      1413
41000000000000   162      1773     3617002        11       10342       574      1776
41000000000000   005      8939    19231836        11       14370       858      8944
41000000000000   044      4886    10160364         9        8956       460      4889
41000000000000   087       528     1908140         0           0         0       528
41000000000000   079      4955    11115192        15       18844       752      4960
41000000000000   032      7649    18803343       237      382090     17729      7754
41000000000000   040      8687    15889907       307      447121     39321      8916
41000000000000   022      1332     3386438         5        7220        78      1332
41000000000000   061       622     1307943         8        4100       485       625
41000000000000   059      2453     6851977       429      172509     21204      2580
41000000000000   092      1649     6454950        20       50614      3551      1669
41000000000000   018      8218    35095118      7525     5857003    346016     10297
41000000000000   016     12382    27297665     10374     3897046    535366     15561
41000000000000   021      2723     7056964        33       39936      1110      2730
41000000000000   089      1471     4271898        23       31892      1530      1479
42000000000000   000     11429    30716626      5159     2375876    283867     13030
42000000000000   023       325      859810         8        8930       974       331
42000000000000   029       301      785426       124       54339      4124       323
42000000000000   025       473     1415171        85       70633      6421       509
42000000000000   062       173      532166         2        1430        80       173
42000000000000   162        95      198529         6        5318       564        99
42000000000000   005       839     1737667        50       38404      4237       863
42000000000000   044       931     2446169       129       95366     10470       990
42000000000000   079       913     1991287        60       57568      6489       949
42000000000000   032       497     1298024        51       58366      4928       524
42000000000000   040       889     1922808        96      104585     10804       950
42000000000000   022       282      620279         7        6046       571       285
42000000000000   061       106      249234        24       20546      2462       120
42000000000000   059       720     1873806       283      104682     15061       805
42000000000000   018      1342     6326213       810      742179     70595      1741
42000000000000   016      2147     4686182      3253      886411    134308      2907
42000000000000   021       360      831600        55       58790      5460       391
42000000000000   089      1036     2942255       116       62283      6319      1070
43000000000000   000     70633   194126561     23073    21224325   1844656     81407
43000000000000   023      2537     7206476        51       48090      5438      2571
43000000000000   029       684     1857734        63       98142      7510       729
43000000000000   025      1959     7336358        53       61064      3086      1977
43000000000000   062      1039     3278360         0           0         0      1039
43000000000000   162       846     1925114         7        2888       446       849
43000000000000   005      6277    13554936       101      143924      8554      6328
43000000000000   044      4733    10505116         0           0         0      4733
43000000000000   079      5314    12864018        20       15738      1592      5323
43000000000000   032      3033     8027661       110      111069      9287      3087
43000000000000   040      9525    27515712       509     1103596     77132      9963
43000000000000   022      1453     3539828       230      264124     25040      1604
43000000000000   061      1034     1771580        95       57808      9998      1094
43000000000000   059      3022     7570779       744      661747     75974      3463
43000000000000   018      8738    39586073      7247     8602487    574724     12145
43000000000000   016     15897    35892946     13639     9947925   1036648     21907
43000000000000   021      2016     5231150       143       86351      7305      2058
43000000000000   089      2526     6462720        61       19372      1922      2537
44000000000000   000    243420   687019414     62537    61028415   4606177    269450
44000000000000   023      8842    25707793       246      286970     21906      8966
44000000000000   029      2482     6667286       855      772391     68439      2870
44000000000000   025      4922    18197943        88      130481      8521      4973
44000000000000   062      2095     7163181         0           0         0      2095
44000000000000   162      1478     3479314        32       25238      2560      1492
44000000000000   005     46642    99361529       219      193009     19507     46752
44000000000000   044     14435    36146160       326      565679     38589     14653
44000000000000   079     21449    47465419       154      203138     15508     21536
44000000000000   032     14145    36326169       721     1695879     84628     14623
44000000000000   040     32335    81478162      1655     2486579    167311     33282
44000000000000   022      4724    12549973        73       88450      2747      4739
44000000000000   061       877     1869240       165      111180     16390       970
44000000000000   059     10896    33210491      3452     2256797    207725     12071
44000000000000   018     19199   112741137     21104    30316159   1743782     29052
44000000000000   016     47858   132984312     32365    20708877   2120821     59841
44000000000000   021      4364    12004433       526      847455     58764      4696
44000000000000   089      6677    19666872       556      340133     28979      6839
45000000000000   000     41914   116679769     16775    12256285   1197286     48679
45000000000000   023      1528     4308694       238      194504     11219      1592
45000000000000   029       179      683292        27       41876      2545       193
45000000000000   025      1493     4804856       191      200312     15820      1582
45000000000000   062       404     1334190         0           0         0       404
45000000000000   162       340     1009335        43       34756      3237       358
45000000000000   005      2709     7130745       370      284824     29223      2874
45000000000000   044      1727     5521534        60       79516      7629      1770
45000000000000   079      2989     8171113       314      462083     36945      3198
45000000000000   032      1443     4388595       145      204235     12046      1511
45000000000000   040      4902    11159975       329      265422     30247      5073
45000000000000   022       694     1944058        59      102318      9950       750
45000000000000   061       291      790471        54       60035      6773       328
45000000000000   059      1030     3074556       223      177207     16531      1123
45000000000000   018      4584    23224821      3308     3236428    215801      5804
45000000000000   016     14921    31153054     10561     6319469    743963     19125
45000000000000   021       878     2600175       344      285382     25184      1020
45000000000000   090       208      455856       212      103746     13762       286
45000000000000   089      1594     4924449       297      204172     16411      1688
46000000000000   000     11608    37317866      2668     2620421    188275     12714
46000000000000   023       503     1514813         8       12799       901       508
46000000000000   029       317      851376       204      479955     24362       454
46000000000000   025       539     1748241        60      101829      7182       580
46000000000000   062       327     1403638        31       14358      1592       337
46000000000000   162       168      511899        44       37232      4959       200
46000000000000   005       908     2602409        22       36810      2300       921
46000000000000   044       995     3299876        10       14823      1007      1001
46000000000000   079       996     2861920       127      253497     18162      1098
46000000000000   032       484     1481205        69      137173      8105       530
46000000000000   040       170      446759         6       12212       764       174
46000000000000   022       338      937266        13       26440      1880       349
46000000000000   061       125      362498         8       16880      1127       131
46000000000000   059       570     1803026        24       55873      3320       589
46000000000000   018      1199     6129147       390      512735     22064      1332
46000000000000   016      2511     7021582      1546      769465     79843      2992
46000000000000   021       400     1247867        43       46658      3746       422
46000000000000   090        49      151057         0           0         0        49
46000000000000   089      1009     2943287        63       91682      6961      1047
47000000000000   000     96761   301796056     45708    36406909   2973872    113823
47000000000000   023      3628    11093716       594      701757     81703      4089
47000000000000   029       496     1803802       307      469222     28598       660
47000000000000   025      3105    10397410       453      413438     29116      3270
47000000000000   062      1776     6850356         0           0         0      1776
47000000000000   162       712     1802966       148      108096     10754       772
47000000000000   005     15320    35541130       608      577002     45448     15577
47000000000000   044      9976    27511304       809      556808     50619     10262
47000000000000   087       132      442186         4        3742       424       134
47000000000000   079      1825     5381982       231      336260     23684      1960
47000000000000   032      4782    14594226       705      783106     66118      5156
47000000000000   040     12671    32633108      1463     2024012    126171     13384
47000000000000   022      1136     3325178       446      480818     43102      1380
47000000000000   061       601     1600344       774      447530     55419       913
47000000000000   059      2825     9115530       631      547346     51638      3116
47000000000000   018     11849    67397676     12016    14811604    719903     15968
47000000000000   016     19462    52039352     24452    12387993   1467982     27960
47000000000000   021      2533     7902046       643      559304     47392      2803
47000000000000   090       636     1107542       798      625842     76216      1067
47000000000000   089      3296    11256202       626      573029     49585      3576
48000000000000   000     86030   293130864     53906    47335791   3977815    108514
48000000000000   023      2479     8283789       176      314290     20355      2594
48000000000000   029      1246     3928768       395      508468     29808      1415
48000000000000   025      1595     6854488       199      271326     14914      1680
48000000000000   062       964     4302630         0           0         0       964
48000000000000   162      1199     3560426         0           0         0      1199
48000000000000   005      6221    20614782      1984     3042272    226926      7503
48000000000000   044      6184    22184724       373      755468     43026      6427
48000000000000   079      4666    14901108       506      943572     50588      4952
48000000000000   032      5012    17456889       793     1321939     74211      5432
48000000000000   040      6475    19319892      2473     5115488    199164      7601
48000000000000   022      5902    18795456       699      985322     53054      6202
48000000000000   081       143      498296        21       67598      3434       162
48000000000000   061       533     1610418        53       54032      5272       563
48000000000000   059      4715    15388098      1104     1361363    115912      5370
48000000000000   018     10190    46379828     11306    13064031    694308     14113
48000000000000   016     20135    61981507     29629    15947817   2215986     32655
48000000000000   021      2795     9471634      3302     2353419    137843      3580
48000000000000   090       491     1375636       470      640156     53164       791
48000000000000   089      5085    16222495       423      589230     39850      5311
49000000000000   000     30185    77390498      8900     5990446    445424     32857
49000000000000   023      1959     4011642        29       23084      2460      1973
49000000000000   029       274      728312       322      904144     31543       474
49000000000000   025      1106     2963114        38       38160      2720      1123
49000000000000   062       657     2038272         0           0         0       657
49000000000000   162       354      606506        10        4708       768       358
49000000000000   005      1186     2400742         3        2806       112      1186
49000000000000   044      6184    14933406        30       51037      4685      6210
49000000000000   079        79      111058         0           0         0        79
49000000000000   032       709     1563718        12       16056       968       714
49000000000000   040      1615     2680316        91       88748      9524      1669
49000000000000   022       808     1748274        26       23694      1856       819
49000000000000   081        11       29642         0           0         0        11
49000000000000   061       421      675340       317      172056     28676       583
49000000000000   059      1869     4887037       169       80980     11602      1938
49000000000000   018      3300    14418052      3668     2657595    112317      3976
49000000000000   016      6407    15286746      3964     1757684    221623      7738
49000000000000   021      1380     3552138       131      117402     10320      1442
49000000000000   090        55      117480         2         478        72        55
49000000000000   089      1811     4638703        88       51814      6178      1852
50000000000000   000     51907   183598806     23492    31085453   1995759     63185
50000000000000   023      2346     7342323      1072     1112973    106986      2950
50000000000000   029      1001     3435364       438      694886     33433      1191
50000000000000   025      1799     9013558       318      702263     32249      1980
50000000000000   062       567     1830218         0           0         0       567
50000000000000   162       274      869282        31       32802      2723       289
50000000000000   005      7392    20937700       802     1317063     84153      7869
50000000000000   044      1858     6491280       250      246861     20572      1974
50000000000000   079       911     2650211       298      382568     29158      1076
50000000000000   032      1654     5944681       510     1187656     48197      1927
50000000000000   040      3293     9236516      1308     1721734    110057      3914
50000000000000   022       758     2265593        48      120885      7176       799
50000000000000   061       130      358624       115      113301      8473       178
50000000000000   059      2090     6402521      1157     1340251    105877      2689
50000000000000   018      7368    37999646      6567     8631411    499234     10189
50000000000000   016     13797    46298566      8954    11269562    771340     18155
50000000000000   021      1085     3485816       316      413976     25011      1226
50000000000000   089      5584    19036907      1308     1797261    111120      6212
51000000000000   000      9885    25121784      3621     2315467    207170     11056
51000000000000   023       460     1185563         3        2889       274       462
51000000000000   029        88      260608       169      105072      4113       110
51000000000000   025       380     1169518        42       59298      3998       403
51000000000000   062       107      322184         0           0         0       107
51000000000000   162        76      222827         0           0         0        76
51000000000000   005       742     1609126         5        6233       574       745
51000000000000   044      1731     4224723       132      144658     18100      1833
51000000000000   079       739     1640619        75       91548      7849       783
51000000000000   032       472     1245586        89      166959     12674       544
51000000000000   040       981     1830884         9        1440       152       982
51000000000000   022       307      739148        28       38038      3348       326
51000000000000   061       106      256744         7        6404       690       110
51000000000000   059       639     1770214        22       22399      2045       651
51000000000000   018       770     3204561       775      702150     44808      1023
51000000000000   016      1486     3477240      2205      914743    103830      2073
51000000000000   021       141      373458        16       12645      1355       149
51000000000000   090        32       52464         0           0         0        32
51000000000000   089       628     1536317        44       40991      3360       647
